# Frequency shift file for JILA Sr1 
# for 20250304_clock_lock#0.
# Processed Tue Mar  4 17:44:15 2025 (MT) 
# by Alexander Aeppli(alexander.aeppli@colorado.edu), William Warfield(william.warfield@colorado.edu) 
# ******Applied Corrections******
# point by point corrections: 
#  - servo 
#  - second order zeeman 
#  - density shift 
# DC corrections: 
#  - lattice light 
#  - DC Stark 
#  - BBR 
#  - background gas 
#  - redshift to S1B60V1 
# Total sytematic error (frac.) = ~1e-17
# No MASER corrections have been applied
# To calculate the strontium frequency: 
# f_sr = (N/M)*f_light + f_shift[Hz] 
# where N = 1716882, M = 777577, 
# and f_light is the frequency of the light leaving JILA. 
#### Additional Notes #### 
#  19.6 degree system temperature
t_mjd	f_shift [Hz]	IS_GOOD
60738.80429406365	-165702249.15225828	1
60738.80439413155	-165702249.16785914	1
60738.8044943075	-165702249.19312614	1
60738.804594485286	-165702249.1921788	1
60738.804694709965	-165702249.17749888	1
60738.80479485517	-165702249.14940083	1
60738.804894939094	-165702249.169344	1
60738.80499516344	-165702249.14427984	1
60738.805095319934	-165702249.13847947	1
60738.80519543237	-165702249.1432473	1
60738.805295647595	-165702249.1588158	1
60738.805395867224	-165702249.16320187	1
60738.80549593095	-165702249.18708163	1
60738.80559623596	-165702249.16108447	1
60738.80569625552	-165702249.1320331	1
60738.80579652148	-165702249.1561588	1
60738.80589660896	-165702249.14672267	1
60738.80599679241	-165702249.1336912	1
60738.80609700038	-165702249.1234036	1
60738.80619716819	-165702249.14437366	1
60738.80629722612	-165702249.12949824	1
60738.80639739337	-165702249.16814566	1
60738.806497637386	-165702249.16518217	1
60738.80659780384	-165702249.15001583	1
60738.80669786517	-165702249.10672498	1
60738.806798150006	-165702249.15784466	1
60738.806898272895	-165702249.14877558	1
60738.80699841613	-165702249.10729903	1
60738.80709860476	-165702249.17708206	1
60738.80719877669	-165702249.15693307	1
60738.80729892061	-165702249.1864767	1
60738.80739913234	-165702249.17824507	1
60738.80749934816	-165702249.16688973	1
60738.80759944268	-165702249.13568926	1
60738.807699568904	-165702249.0955699	1
60738.80779979426	-165702249.13362503	1
60738.807899918786	-165702249.11715126	1
60738.80800005413	-165702249.1075281	1
60738.80810021114	-165702249.12341416	1
60738.80820044746	-165702249.11122566	1
60738.80830056533	-165702249.14612246	1
60738.80840071576	-165702249.143902	1
60738.80850093995	-165702249.11281914	1
60738.80860102681	-165702249.13242054	1
60738.8087012359	-165702249.1104945	1
60738.808801370484	-165702249.0551378	1
60738.80890150374	-165702249.0883814	1
60738.8090017483	-165702249.0971912	1
60738.80910190955	-165702249.13528913	1
60738.8092020232	-165702249.1418485	1
60738.80930224348	-165702249.110609	1
60738.80940243913	-165702249.14245665	1
60738.809502556	-165702249.10708356	1
60738.80960273403	-165702249.12910736	1
60738.80970290608	-165702249.1458838	1
60738.80980303789	-165702249.09542674	1
60738.809903153706	-165702249.14406466	1
60738.8100033455	-165702249.1298403	1
60738.81010350029	-165702249.10117555	1
60738.81020369473	-165702249.1344927	1
60738.81030394712	-165702249.11359537	1
60738.81040408889	-165702249.13040864	1
60738.81050416185	-165702249.1205995	1
60738.810604417995	-165702249.10605735	1
60738.81070455449	-165702249.15948313	1
60738.81080469666	-165702249.14728165	1
60738.81090490762	-165702249.12174487	1
60738.811005018724	-165702249.08704513	1
60738.811105179426	-165702249.15654624	1
60738.81120538819	-165702249.13938153	1
60738.81130545976	-165702249.14873374	1
60738.811405662025	-165702249.18196756	1
60738.81150588079	-165702249.1837961	1
60738.81160593239	-165702249.1186185	1
60738.811706119326	-165702249.12392658	1
60738.81180626452	-165702249.08180588	1
60738.81190650121	-165702249.1338609	1
60738.812006689805	-165702249.11663228	1
60738.812106797064	-165702249.07598203	1
60738.812207037365	-165702249.10341954	1
60738.81230719409	-165702249.16333145	1
60738.812407340956	-165702249.15213984	1
60738.81250743157	-165702249.11271566	1
60738.81260762323	-165702249.14272857	1
60738.812707758196	-165702249.1695643	1
60738.812807995695	-165702249.17813426	1
60738.81290816369	-165702249.1704538	1
60738.813008334364	-165702249.16113418	1
60738.81310853941	-165702249.10828125	1
60738.813208534	-165702249.13833314	1
60738.81330881634	-165702249.1913538	1
60738.81340893537	-165702249.17016512	1
60738.81350911251	-165702249.16514814	1
60738.8136092839	-165702249.16562808	1
60738.81370944339	-165702249.15773958	1
60738.81380957202	-165702249.16748792	1
60738.81390977889	-165702249.14669687	1
60738.81400986615	-165702249.19177902	1
60738.814110049185	-165702249.1442291	1
60738.81421023678	-165702249.14482766	1
60738.81431046583	-165702249.1542973	1
60738.81441058665	-165702249.16260946	1
60738.814510723976	-165702249.15800512	1
60738.81461088703	-165702249.14982665	1
60738.81471100195	-165702249.13317567	1
60738.814811362885	-165702249.16723812	1
60738.814911427005	-165702249.1651072	1
60738.81501162069	-165702249.13856167	1
60738.81511171465	-165702249.12671614	1
60738.81521191079	-165702249.15458614	1
60738.81531205505	-165702249.1951906	1
60738.815412194686	-165702249.17130852	1
60738.815512407244	-165702249.20838553	1
60738.815612562656	-165702249.14985538	1
60738.81571281453	-165702249.15658396	1
60738.81581287779	-165702249.12219024	1
60738.8159130178	-165702249.10085112	1
60738.81601332693	-165702249.09378082	1
60738.81611343841	-165702249.1172892	1
60738.8162136046	-165702249.1608793	1
60738.81631370852	-165702249.19010335	1
60738.81641391702	-165702249.14540273	1
60738.816514060796	-165702249.13959634	1
60738.81661427472	-165702249.08805978	1
60738.816714395594	-165702249.08752114	1
60738.81681458478	-165702249.0583076	1
60738.816914732095	-165702249.11955947	1
60738.817014919594	-165702249.13562375	1
60738.81711504114	-165702249.12818986	1
60738.81721524112	-165702249.07901263	1
60738.8173153448	-165702249.15212214	1
60738.81741546274	-165702249.09471262	1
60738.81751570845	-165702249.08729202	1
60738.81761584754	-165702249.11626524	1
60738.81771603903	-165702249.03500968	1
60738.81781622589	-165702249.07340527	1
60738.817916309396	-165702249.09594208	1
60738.81801656057	-165702249.10649544	1
60738.81811669695	-165702249.06296378	1
60738.81821682792	-165702249.07827264	1
60738.81831697687	-165702249.09086674	1
60738.81841718531	-165702249.1432715	1
60738.81851735415	-165702249.14272183	1
60738.81861748694	-165702249.13004607	1
60738.81871761652	-165702249.15213966	1
60738.81881784753	-165702249.10356355	1
60738.81891798907	-165702249.06716317	1
60738.81901820088	-165702249.06987488	1
60738.81911832642	-165702249.12359285	1
60738.81921848663	-165702249.13289005	1
60738.81931860965	-165702249.145397	1
60738.819418798965	-165702249.15724486	1
60738.81951895003	-165702249.16622126	1
60738.8196191111	-165702249.15576953	1
60738.81971935075	-165702249.14066976	1
60738.81981948801	-165702249.10935128	1
60738.819919617345	-165702249.1148659	1
60738.82001980401	-165702249.09399474	1
60738.820119885204	-165702249.10402966	1
60738.8202201369	-165702249.0590058	1
60738.820320218154	-165702249.07577175	1
60738.82042042006	-165702249.1218564	1
60738.82052060249	-165702249.12248516	1
60738.820620830826	-165702249.0913306	1
60738.8207208952	-165702249.0870512	1
60738.82082110593	-165702249.0799771	1
60738.82092122994	-165702249.06310362	1
60738.82102143194	-165702249.0572589	1
60738.82112164028	-165702249.0439542	1
60738.82122175251	-165702249.0659687	1
60738.82132194786	-165702249.0928883	1
60738.82142211818	-165702249.1071344	1
60738.82152223303	-165702249.0799672	1
60738.82162239598	-165702249.1148625	1
60738.821722589135	-165702249.12718576	1
60738.8218227706	-165702249.11008614	1
60738.82192292781	-165702249.118613	1
60738.82202314768	-165702249.10234493	1
60738.82212320036	-165702249.0623176	1
60738.8222234656	-165702249.06696308	1
60738.82232357077	-165702249.0823018	1
60738.82242373464	-165702249.07813442	1
60738.82252392769	-165702249.10095978	1
60738.82262398196	-165702249.07283306	1
60738.822724231555	-165702249.09505486	1
60738.822824429815	-165702249.08090883	1
60738.82292455313	-165702249.09011096	1
60738.823024709716	-165702249.06637746	1
60738.82312494522	-165702249.12742394	1
60738.82322500037	-165702249.13091385	1
60738.823325209254	-165702249.08051026	1
60738.82342540185	-165702249.07202363	1
60738.82352563555	-165702249.09265453	1
60738.82362575023	-165702249.1352924	1
60738.823725867005	-165702249.10356563	1
60738.82382601544	-165702249.10763294	1
60738.82392618991	-165702249.06656277	1
60738.824026339316	-165702249.0972553	1
60738.824126515974	-165702249.09902865	1
60738.82422671923	-165702249.09011114	1
60738.82432687892	-165702249.09607375	1
60738.82442699151	-165702249.08679658	1
60738.82452717944	-165702249.09121174	1
60738.824627426635	-165702249.07925522	1
60738.82472750501	-165702249.09804022	1
60738.82482775396	-165702249.05174184	1
60738.824927787784	-165702249.0250867	1
60738.825028017134	-165702249.0711226	1
60738.82512812459	-165702249.12992585	1
60738.82522832065	-165702249.12380546	1
60738.82532852347	-165702249.05157703	1
60738.82542873642	-165702249.11464792	1
60738.82552887472	-165702249.0877728	1
60738.82562902683	-165702249.06279868	1
60738.82572920258	-165702249.07240915	1
60738.825829325484	-165702249.02165258	1
60738.82592951449	-165702249.07384825	1
60738.826029693555	-165702249.07736146	1
60738.826129848196	-165702249.09618264	1
60738.82622998733	-165702249.12923545	1
60738.826330135336	-165702249.08825022	1
60738.82643038775	-165702249.0623803	1
60738.826530563805	-165702249.07932872	1
60738.826630599615	-165702249.0683192	1
60738.82673090937	-165702249.1064207	1
60738.826831017264	-165702249.15098423	1
60738.8269310955	-165702249.06422758	1
60738.827031254696	-165702249.07204276	1
60738.827131523525	-165702249.08247304	1
60738.82723162507	-165702249.042965	1
60738.82733179767	-165702249.0431866	1
60738.82743198216	-165702249.06419146	1
60738.82753217471	-165702249.0540384	1
60738.82763229538	-165702248.98333943	1
60738.827732419464	-165702249.00444508	1
60738.82783260659	-165702249.0859099	1
60738.82793278766	-165702249.0707518	1
60738.82803293208	-165702249.04495782	1
60738.828133121875	-165702249.03662425	1
60738.8282332825	-165702249.0806839	1
60738.82833344216	-165702249.0519315	1
60738.82843361211	-165702249.02922958	1
60738.82853377458	-165702249.01773918	1
60738.828633866884	-165702249.04840887	1
60738.828734144816	-165702249.0233872	1
60738.82895960621	-165702249.05279046	1
60738.82905970183	-165702249.05389237	1
60738.82915990389	-165702249.06471848	1
60738.82926008069	-165702249.09689128	1
60738.82936026255	-165702249.09970313	1
60738.829460397355	-165702249.01784527	1
60738.82956053919	-165702249.02944702	1
60738.829660758754	-165702249.0020808	1
60738.82976093634	-165702249.06329763	1
60738.82986103206	-165702249.09190673	1
60738.829961204945	-165702249.06497926	1
60738.83006141025	-165702249.02874714	1
60738.83016155344	-165702248.98737335	1
60738.83026176434	-165702249.0319019	1
60738.83036189764	-165702248.98687816	1
60738.8304621054	-165702248.99549258	1
60738.83056217087	-165702249.00730896	1
60738.83066238086	-165702249.061009	1
60738.83076253327	-165702249.05223536	1
60738.83086270527	-165702249.05689007	1
60738.83096293532	-165702248.99826664	1
60738.831062993915	-165702248.9889887	1
60738.831163190756	-165702248.98027772	1
60738.83126341607	-165702249.0023089	1
60738.83136354688	-165702249.0103476	1
60738.83146366426	-165702249.03887486	1
60738.83156383034	-165702249.04309487	1
60738.83166396064	-165702249.01251268	1
60738.83176415558	-165702248.98834926	1
60738.83186439078	-165702248.95775872	1
60738.831964484205	-165702249.00662255	1
60738.83206467324	-165702249.000404	1
60738.83216491552	-165702248.9708187	1
60738.832265016084	-165702248.9746902	1
60738.83236516298	-165702248.98469394	1
60738.83246535511	-165702249.03715563	1
60738.83256555105	-165702249.03954232	1
60738.83266572232	-165702249.03528202	1
60738.83276576388	-165702249.03735775	1
60738.83286591763	-165702249.08283228	1
60738.83296617542	-165702249.06811816	1
60738.83306634047	-165702249.0318125	1
60738.833166519034	-165702249.03195518	1
60738.83326673163	-165702249.07513607	1
60738.8333668342	-165702249.0193302	1
60738.83346697808	-165702249.036615	1
60738.83356713818	-165702249.025887	1
60738.833667283405	-165702249.0047965	1
60738.83376748291	-165702249.0538798	1
60738.83386765177	-165702249.07625932	1
60738.83396774499	-165702249.0476848	1
60738.834067961776	-165702249.06948256	1
60738.83416825261	-165702249.04280418	1
60738.83426828332	-165702249.06078696	1
60738.834368515745	-165702249.03550708	1
60738.83446861883	-165702249.05424458	1
60738.834568808146	-165702249.03478456	1
60738.83466896805	-165702249.01130003	1
60738.83476915643	-165702249.04702914	1
60738.83486932245	-165702249.08928895	1
60738.83496945035	-165702249.1171741	1
60738.83506966419	-165702249.067446	1
60738.83516980421	-165702249.16183078	1
60738.835269980766	-165702249.1270334	1
60738.83537014306	-165702249.1571359	1
60738.83547029565	-165702249.09860456	1
60738.835570455805	-165702249.06528986	1
60738.83567063787	-165702249.07691956	1
60738.83577077396	-165702249.10846174	1
60738.835870966104	-165702249.0760079	1
60738.83597106048	-165702249.04640657	1
60738.83607128473	-165702249.06519145	1
60738.83617140087	-165702249.05956125	1
60738.83627166056	-165702249.0426618	1
60738.83637170566	-165702249.08694386	1
60738.83647193298	-165702249.08178872	1
60738.836572052554	-165702249.0656212	1
60738.836672211066	-165702249.1084038	1
60738.83677237121	-165702249.05555546	1
60738.83687249706	-165702249.03566235	1
60738.836972730576	-165702249.05640686	1
60738.83707289405	-165702249.07267153	1
60738.83717314057	-165702249.05472368	1
60738.83727327209	-165702249.08045077	1
60738.83737335782	-165702249.07305664	1
60738.837473505024	-165702249.05623388	1
60738.83757372355	-165702249.07824343	1
60738.83767390429	-165702249.05528158	1
60738.83777405007	-165702249.06433487	1
60738.837874248435	-165702249.12066293	1
60738.837974341	-165702249.04646075	1
60738.83807447233	-165702249.14397538	1
60738.838174715616	-165702249.10992467	1
60738.838274876085	-165702249.03672367	1
60738.83837497843	-165702249.0862524	1
60738.838475248405	-165702249.07974344	1
60738.83857539741	-165702249.08161348	1
60738.83867561584	-165702249.0669871	1
60738.838775672346	-165702249.12555754	1
60738.83887586242	-165702249.10540748	1
60738.838975960636	-165702249.1056276	1
60738.83907618535	-165702249.11066973	1
60738.83917637429	-165702249.11876607	1
60738.839276588405	-165702249.07645947	1
60738.839376670934	-165702249.11147916	1
60738.83947690991	-165702249.0828973	1
60738.839577045714	-165702249.15205014	1
60738.8396771824	-165702249.13075304	1
60738.83977733704	-165702249.11617815	1
60738.83987746339	-165702249.1849606	1
60738.839977653995	-165702249.1726777	1
60738.84007779745	-165702249.14236325	1
60738.84017801693	-165702249.1251371	1
60738.840278253694	-165702249.09489304	1
60738.840378334084	-165702249.08796477	1
60738.84047852452	-165702249.05947185	1
60738.840578643256	-165702249.10395998	1
60738.84067880789	-165702249.1171323	1
60738.840779002676	-165702249.1020195	1
60738.84087914192	-165702249.09125894	1
60738.84097936402	-165702249.0850739	1
60738.84107952488	-165702249.03523684	1
60738.841179565425	-165702249.05141234	1
60738.8412797716	-165702249.0268268	1
60738.84138000317	-165702249.01153898	1
60738.841480119656	-165702248.99929523	1
60738.841580276814	-165702249.046048	1
60738.84168042612	-165702249.0445758	1
60738.84178058672	-165702249.0375119	1
60738.841880741595	-165702249.0388636	1
60738.841980927195	-165702249.00295228	1
60738.84208113086	-165702249.02210927	1
60738.842181292515	-165702249.0160687	1
60738.84228153257	-165702249.03748292	1
60738.84238164223	-165702249.03183842	1
60738.842481784275	-165702249.0233475	1
60738.84258200488	-165702248.99356645	1
60738.84268205318	-165702249.03009498	1
60738.84278228182	-165702249.04262102	1
60738.8428824313	-165702249.07388568	1
60738.84298268629	-165702249.10402614	1
60738.84308271645	-165702249.0648529	1
60738.84318292287	-165702249.0458545	1
60738.84328310878	-165702249.0685764	1
60738.84338324425	-165702249.05140537	1
60738.84348345412	-165702249.09171945	1
60738.84358367185	-165702249.03188282	1
60738.84368379484	-165702249.0118788	1
60738.84378394609	-165702249.0180698	1
60738.8438841222	-165702248.997676	1
60738.843984222294	-165702249.0392046	1
60738.84408443572	-165702249.01503712	1
60738.84418458255	-165702249.0697291	1
60738.84428472656	-165702249.0512401	1
60738.84438494137	-165702249.05814528	1
60738.84448505471	-165702249.01998782	1
60738.84458525033	-165702248.9892344	1
60738.84468538839	-165702249.00840074	1
60738.844785579364	-165702248.9751646	1
60738.844885689	-165702248.96356702	1
60738.844985873984	-165702248.97253668	1
60738.84508604608	-165702249.0202033	1
60738.84518622244	-165702248.9928007	1
60738.845286376236	-165702249.03033352	1
60738.84538651318	-165702249.00158536	1
60738.845486682396	-165702248.98802447	1
60738.84558690405	-165702248.99754244	1
60738.84568711048	-165702248.99054468	1
60738.84578723174	-165702248.96892083	1
60738.84588738631	-165702248.96148556	1
60738.84598748456	-165702248.95675123	1
60738.846087701604	-165702248.97577345	1
60738.846187828254	-165702248.97892314	1
60738.846288077795	-165702248.9930609	1
60738.846388154685	-165702248.98061502	1
60738.846488376555	-165702248.99277574	1
60738.84658851472	-165702248.9590605	1
60738.84668863978	-165702248.98575747	1
60738.846788817595	-165702248.99240965	1
60738.84688902718	-165702248.93513626	1
60738.8469892497	-165702248.95854515	1
60738.84708931348	-165702248.9293905	1
60738.847189532025	-165702248.96721888	1
60738.84728974925	-165702248.99536932	1
60738.8473898757	-165702248.96723366	1
60738.84749008072	-165702248.9739657	1
60738.8475902134	-165702248.96618938	1
60738.84769033257	-165702248.93143123	1
60738.847790435255	-165702248.95304906	1
60738.847890648714	-165702248.98781532	1
60738.847990872295	-165702249.01800805	1
60738.84809101411	-165702248.9892004	1
60738.8481912067	-165702248.96366125	1
60738.84829134053	-165702249.016064	1
60738.84839151783	-165702249.0685417	1
60738.848491680736	-165702249.03563225	1
60738.848591753325	-165702249.04464447	1
60738.848691947016	-165702249.01073354	1
60738.84879212249	-165702249.03720528	1
60738.848892346665	-165702248.9757967	1
60738.84899243042	-165702248.97497052	1
60738.849092557546	-165702248.97783095	1
60738.849192780996	-165702248.98567998	1
60738.849292913874	-165702249.020029	1
60738.84939316066	-165702249.00311697	1
60738.849493253794	-165702249.01379573	1
60738.84959347879	-165702249.01646304	1
60738.849693622826	-165702248.96634185	1
60738.849793803834	-165702248.94380796	1
60738.849893913706	-165702248.92265737	1
60738.84999406351	-165702248.93866068	1
60738.85009425266	-165702248.94089377	1
60738.85019440688	-165702248.96867853	1
60738.85029461657	-165702249.00942504	1
60738.850394782465	-165702248.93742687	1
60738.85049495571	-165702248.9480102	1
60738.85059508356	-165702248.97245723	1
60738.85069521592	-165702248.95456153	1
60738.85079538277	-165702248.98378348	1
60738.85089566176	-165702249.015647	1
60738.85099577971	-165702248.9820189	1
60738.85109591398	-165702249.0013693	1
60738.85119606891	-165702248.975671	1
60738.85129626566	-165702248.9795118	1
60738.85139638865	-165702248.9816782	1
60738.85149654769	-165702248.97854543	1
60738.851596786975	-165702249.01642716	1
60738.851696833364	-165702249.01625252	1
60738.85179708721	-165702248.9858055	1
60738.851897241126	-165702248.97814798	1
60738.851997344216	-165702248.98055577	1
60738.85209753663	-165702249.00375664	1
60738.852197706765	-165702249.04211038	1
60738.852297860045	-165702249.0010985	1
60738.85239807721	-165702249.02063656	1
60738.85249817398	-165702249.08144975	1
60738.85259834539	-165702249.005373	1
60738.852698529	-165702248.99873322	1
60738.85279874613	-165702248.97501487	1
60738.8528989008	-165702248.97877502	1
60738.8529989918	-165702248.9892981	1
60738.853099237844	-165702248.96911782	1
60738.85319940456	-165702248.97182363	1
60738.85329965161	-165702248.9937184	1
60738.853399695516	-165702248.97998345	1
60738.853499791316	-165702248.97382432	1
60738.85359999789	-165702248.99442923	1
60738.85370021908	-165702249.00548387	1
60738.85380033606	-165702248.9396568	1
60738.85390046355	-165702248.97998643	1
60738.85400069453	-165702248.99686038	1
60738.85410083508	-165702248.98038918	1
60738.8542010535	-165702248.96621698	1
60738.85430120567	-165702249.0016588	1
60738.85440136204	-165702248.98479134	1
60738.85450147953	-165702248.9738058	1
60738.85460171353	-165702248.96863872	1
60738.85470179307	-165702248.96410996	1
60738.85480199682	-165702248.97455	1
60738.85490210161	-165702249.00761843	1
60738.855002309865	-165702248.98174924	1
60738.8551025505	-165702248.97326106	1
60738.85520267718	-165702248.9513904	1
60738.85530282606	-165702249.0056103	1
60738.85540299017	-165702248.9866125	1
60738.85550315413	-165702248.98771065	1
60738.85560329485	-165702248.95783705	1
60738.85570342868	-165702248.91783148	1
60738.855803692815	-165702248.92382205	1
60738.85590383595	-165702248.94555163	1
60738.85600397423	-165702248.99223876	1
60738.856104103965	-165702248.96197993	1
60738.85620433885	-165702249.02443922	1
60738.856304444955	-165702249.06222045	1
60738.85640458875	-165702248.97803056	1
60738.856504755546	-165702249.0000177	1
60738.85660497353	-165702249.0450858	1
60738.85670512137	-165702248.98192185	1
60738.85680525471	-165702249.02883142	1
60738.85690540738	-165702248.9838981	1
60738.85700563466	-165702248.9868163	1
60738.857105754796	-165702248.98779726	1
60738.857205893284	-165702248.98267597	1
60738.85730609432	-165702249.0011034	1
60738.857406314164	-165702248.99223202	1
60738.857506350774	-165702249.01645297	1
60738.8576066053	-165702248.9375682	1
60738.857706720504	-165702248.91979343	1
60738.85780697748	-165702248.93478674	1
60738.85790710205	-165702248.95669532	1
60738.85800729218	-165702248.97976983	1
60738.85810738781	-165702248.9463691	1
60738.85820755806	-165702248.94150943	1
60738.85830774477	-165702248.9823357	1
60738.85840784432	-165702248.95541054	1
60738.85850808164	-165702248.941346	1
60738.85860829651	-165702248.9563172	1
60738.85870847133	-165702248.95996535	1
60738.858808504265	-165702248.94831854	1
60738.858908740054	-165702248.98485136	1
60738.85900886568	-165702248.96373826	1
60738.85910903386	-165702248.98230326	1
60738.85920916676	-165702249.03399438	1
60738.859309401094	-165702248.99857146	1
60738.85940959904	-165702248.9794472	1
60738.85950972444	-165702249.01854873	1
60738.8596098779	-165702248.97401458	1
60738.85971002979	-165702248.99469447	1
60738.85981019292	-165702249.01342547	1
60738.8599103698	-165702248.99928224	1
60738.86001053212	-165702249.01909482	1
60738.860110666115	-165702249.00420707	1
60738.86021086652	-165702248.94678885	1
60738.860311034936	-165702248.9434083	1
60738.86041119995	-165702248.9716559	1
60738.86051130916	-165702248.94223338	1
60738.86061152389	-165702248.95013237	1
60738.86071164812	-165702248.95029205	1
60738.86081183515	-165702248.98123103	1
60738.86091198253	-165702249.0298246	1
60738.861012224595	-165702249.03368276	1
60738.86111227379	-165702249.03962362	1
60738.861212513846	-165702249.00550866	1
60738.861312646164	-165702248.96623415	1
60738.86141282457	-165702248.93402535	1
60738.86151305999	-165702248.9361124	1
60738.861613159475	-165702248.9652248	1
60738.86171334793	-165702248.99958664	1
60738.86181358659	-165702249.0089934	1
60738.86191355237	-165702248.948586	1
60738.86201383699	-165702249.01055527	1
60738.86211392903	-165702248.98740005	1
60738.86221412717	-165702249.01389307	1
60738.86231434619	-165702248.97693622	1
60738.86241457268	-165702248.96016443	1
60738.862514681656	-165702248.96551543	1
60738.86261484142	-165702248.92916912	1
60738.86271496237	-165702248.95531303	1
60738.86281512014	-165702248.95921665	1
60738.86291533203	-165702248.9625798	1
60738.863015487346	-165702248.93830097	1
60738.863115699576	-165702248.97857976	1
60738.86321584707	-165702248.99461675	1
60738.863315902796	-165702248.98290437	1
60738.86341613841	-165702249.0082549	1
60738.86351626788	-165702248.97507536	1
60738.86361652625	-165702248.97250426	1
60738.86371664947	-165702248.95229065	1
60738.86381678743	-165702248.99353713	1
60738.86391688622	-165702249.02587467	1
60738.864017082386	-165702248.99704987	1
60738.86411723963	-165702249.0263725	1
60738.86421744972	-165702249.0328892	1
60738.86431757405	-165702248.9924938	1
60738.86441784551	-165702248.9984628	1
60738.864517990194	-165702249.03481066	1
60738.86461811148	-165702249.00657314	1
60738.86471821724	-165702249.0361374	1
60738.864818404356	-165702249.00734144	1
60738.864918508836	-165702249.0269311	1
60738.86501875207	-165702249.06087995	1
60738.8651189177	-165702249.0316283	1
60738.865219005325	-165702249.0375142	1
60738.86531928376	-165702248.9868936	1
60738.86541946978	-165702249.00340515	1
60738.86551960505	-165702248.98598158	1
60738.86561971169	-165702249.01837373	1
60738.865719868314	-165702248.98747092	1
60738.86582011354	-165702248.98220456	1
60738.86592016942	-165702249.02400905	1
60738.86602040418	-165702249.0229885	1
60738.866120576684	-165702249.03366607	1
60738.866220672215	-165702248.97834665	1
60738.866320898764	-165702248.9536047	1
60738.86642115702	-165702248.9559955	1
60738.86652124609	-165702248.92450482	1
60738.86662141578	-165702248.93959117	1
60738.86672152079	-165702248.99524534	1
60738.866821678756	-165702248.99708325	1
60738.866921836365	-165702248.9824431	1
60738.86702200983	-165702248.95849836	1
60738.867122167736	-165702249.0329764	1
60738.867222362154	-165702248.97844338	1
60738.86732257059	-165702248.97344315	1
60738.867422694195	-165702248.9878016	1
60738.86752288446	-165702249.0081426	1
60738.867623095626	-165702249.02034658	1
60738.86772315877	-165702249.00772715	1
60738.867823332024	-165702248.9619788	1
60738.86792348561	-165702248.9746852	1
60738.868023758354	-165702248.9576484	1
60738.86812387759	-165702248.98146117	1
60738.8682239916	-165702248.97358376	1
60738.86832412027	-165702248.99833423	1
60738.86842435209	-165702249.00717074	1
60738.868524531645	-165702248.991504	1
60738.86862459778	-165702249.02786523	1
60738.86872480641	-165702248.9581309	1
60738.86882500002	-165702248.94454896	1
60738.86892515949	-165702248.99006867	1
60738.86902531792	-165702248.99454182	1
60738.86912550906	-165702248.97153836	1
60738.86922563282	-165702248.97161794	1
60738.869325849046	-165702248.97984558	1
60738.86942604454	-165702248.94491684	1
60738.86952618331	-165702248.9750954	1
60738.86962629378	-165702249.00142974	1
60738.86972647718	-165702249.0497197	1
60738.869826745606	-165702249.02992702	1
60738.86992678333	-165702248.9743454	1
60738.87002693381	-165702248.95617813	1
60738.87012708198	-165702248.98030823	1
60738.87022729336	-165702248.97132343	1
60738.87032741604	-165702248.96334147	1
60738.87042766254	-165702248.9461676	1
60738.87052774782	-165702248.9343434	1
60738.87062797793	-165702248.93070817	1
60738.870728057285	-165702248.90797573	1
60738.87082827635	-165702248.891573	1
60738.87092848663	-165702248.9051758	1
60738.87102864802	-165702248.9796391	1
60738.87112876774	-165702248.94760096	1
60738.871228951204	-165702248.97765929	1
60738.8713290295	-165702248.9349305	1
60738.8714292593	-165702248.91313255	1
60738.87152940433	-165702248.93588656	1
60738.8716295717	-165702248.98941797	1
60738.871729710685	-165702248.98610216	1
60738.87182997875	-165702248.98745507	1
60738.87193009785	-165702248.9768194	1
60738.87203020632	-165702248.95491838	1
60738.872130366784	-165702248.98108798	1
60738.87223059768	-165702248.96152592	1
60738.87233080987	-165702248.95061666	1
60738.87243094297	-165702248.9746849	1
60738.87253106715	-165702248.97099316	1
60738.872631309	-165702248.96510196	1
60738.87273140576	-165702248.93451226	1
60738.872831634435	-165702248.93662202	1
60738.87293169875	-165702248.97864306	1
60738.873031871495	-165702248.98061675	1
60738.87313205742	-165702248.9605081	1
60738.87323219942	-165702248.9421993	1
60738.87333233947	-165702248.9398123	1
60738.87343252822	-165702248.95701706	1
60738.87353268822	-165702248.9374109	1
60738.87363297848	-165702248.94295156	1
60738.873733097476	-165702248.90941602	1
60738.8738331875	-165702248.90738714	1
60738.87393346359	-165702248.96310967	1
60738.874033565946	-165702249.0009597	1
60738.87413373382	-165702248.97305048	1
60738.874233862705	-165702248.93303388	1
60738.874334075575	-165702248.91044962	1
60738.87443420598	-165702248.94497836	1
60738.874534369046	-165702248.96518546	1
60738.87463452721	-165702248.90145308	1
60738.87473473652	-165702248.86772126	1
60738.87483480792	-165702248.90153122	1
60738.87493498913	-165702248.92166287	1
60738.87503517227	-165702248.90800923	1
60738.87513528682	-165702248.94278294	1
60738.875235535415	-165702248.9610716	1
60738.87533564164	-165702248.96810198	1
60738.87543587678	-165702248.9842342	1
60738.87553599849	-165702248.94841194	1
60738.87563613827	-165702248.9629355	1
60738.87573629599	-165702248.97917873	1
60738.8758364503	-165702248.92861396	1
60738.875936642486	-165702248.874156	1
60738.876036813905	-165702248.92763317	1
60738.87613698586	-165702248.92685467	1
60738.87623707938	-165702248.918827	1
60738.87633728558	-165702248.890388	1
60738.876437495295	-165702248.94242567	1
60738.87653765225	-165702248.96981865	1
60738.87663779812	-165702248.93976235	1
60738.87673794174	-165702248.93717283	1
60738.87683806129	-165702248.92922872	1
60738.876938334244	-165702248.9614272	1
60738.87703849174	-165702248.95091283	1
60738.87713862128	-165702248.9668873	1
60738.8772387553	-165702248.95827657	1
60738.87733899631	-165702248.9758777	1
60738.87743910264	-165702248.97817743	1
60738.87753930032	-165702248.97399694	1
60738.87763945253	-165702249.0212199	1
60738.87773958649	-165702248.99295056	1
60738.877839747256	-165702249.0139156	1
60738.87793990408	-165702248.99110562	1
60738.87815911414	-165702248.95884234	1
60738.87826564726	-165702248.98576832	1
60738.87896676562	-165702248.9500625	1
60738.87906685763	-165702248.98251206	1
60738.8791670636	-165702248.9123181	1
60738.87926723168	-165702248.94779664	1
60738.87936739627	-165702248.9717613	1
60738.87946752995	-165702248.9149847	1
60738.879567680706	-165702248.92172801	1
60738.879667898196	-165702248.95648533	1
60738.879768019426	-165702248.95500517	1
60738.87986823714	-165702248.96938503	1
60738.87996840694	-165702248.93430084	1
60738.88006854451	-165702248.93058318	1
60738.88016872044	-165702248.95706683	1
60738.88026891116	-165702248.96746922	1
60738.88036903463	-165702248.94626832	1
60738.8804691954	-165702248.95708483	1
60738.88056940259	-165702248.93342334	1
60738.880669576574	-165702248.96235824	1
60738.880769661	-165702248.9576406	1
60738.880869849825	-165702248.98549014	1
60738.88097006166	-165702248.97882116	1
60738.88107020432	-165702248.95795	1
60738.8811703906	-165702248.96258777	1
60738.88127055398	-165702248.99549598	1
60738.881370694864	-165702248.9769402	1
60738.881470855085	-165702249.01350945	1
60738.88157105062	-165702249.01362628	1
60738.881671208845	-165702248.9935214	1
60738.88177136614	-165702248.99747026	1
60738.881871529426	-165702248.99325204	1
60738.88197170793	-165702249.0025608	1
60738.88207190579	-165702248.9978398	1
60738.882171936064	-165702249.0509705	1
60738.882272193965	-165702249.04167438	1
60738.8823723753	-165702248.96978182	1
60738.8824726038	-165702249.0042575	1
60738.882572758805	-165702249.01337808	1
60738.882672803236	-165702249.0233363	1
60738.88277304092	-165702249.02813417	1
60738.8828731987	-165702249.02370375	1
60738.8829733305	-165702249.02312165	1
60738.883073527155	-165702249.0197314	1
60738.883173677066	-165702249.08283663	1
60738.88327373122	-165702249.01968634	1
60738.883373938996	-165702249.02891237	1
60738.883474123446	-165702249.02439564	1
60738.88357439946	-165702249.05731022	1
60738.88367444806	-165702249.04004246	1
60738.883774657974	-165702249.0040446	1
60738.88387482142	-165702248.9851141	1
60738.88397492573	-165702248.97895396	1
60738.88407517451	-165702249.00976068	1
60738.88417525264	-165702248.99468416	1
60738.88427545347	-165702249.01080537	1
60738.88437556846	-165702248.991328	1
60738.8844757936	-165702248.98904055	1
60738.884575904725	-165702249.00875401	1
60738.88467611018	-165702249.00866103	1
60738.88477632892	-165702248.97651386	1
60738.88487646153	-165702248.93743002	1
60738.884976579524	-165702248.92782557	1
60738.88507678991	-165702248.96808082	1
60738.885176930715	-165702248.95877326	1
60738.88527718446	-165702248.97475827	1
60738.88537728237	-165702248.99647146	1
60738.88547737517	-165702248.98787338	1
60738.88557762487	-165702248.95954436	1
60738.885677732374	-165702248.96803778	1
60738.88577794026	-165702248.96780968	1
60738.88587811192	-165702249.014947	1
60738.8859783007	-165702248.98567152	1
60738.88607840427	-165702248.9772883	1
60738.886178556764	-165702248.94987184	1
60738.8862787529	-165702249.0206074	1
60738.88637887659	-165702249.02768713	1
60738.88647909072	-165702249.05289197	1
60738.88657922014	-165702249.05187994	1
60738.88667941088	-165702249.02949196	1
60738.88677956109	-165702249.03261894	1
60738.88687976124	-165702249.0334053	1
60738.88697991811	-165702248.99953145	1
60738.8870801201	-165702248.98031312	1
60738.8871802397	-165702249.00006694	1
60738.88728044144	-165702249.0370825	1
60738.88738060359	-165702249.05221993	1
60738.887480666	-165702249.03904492	1
60738.88758086841	-165702249.04286206	1
60738.887680997155	-165702249.01854014	1
60738.887781244935	-165702249.06035656	1
60738.88788143286	-165702249.03021485	1
60738.887981577056	-165702249.00385475	1
60738.888081700075	-165702249.0352571	1
60738.888181921	-165702249.03979176	1
60738.88828207782	-165702248.9839061	1
60738.88838216953	-165702248.97351414	1
60738.88848238643	-165702249.02359778	1
60738.8885825702	-165702249.03506035	1
60738.888682668854	-165702249.02234864	1
60738.888782838585	-165702249.04932088	1
60738.88888299421	-165702249.02035123	1
60738.888983215475	-165702249.02939355	1
60738.889083427704	-165702248.98682147	1
60738.889183503146	-165702249.02009505	1
60738.88928369904	-165702248.99380058	1
60738.889383851005	-165702248.99992478	1
60738.889484027306	-165702249.03105092	1
60738.889584132434	-165702249.00652683	1
60738.88968431763	-165702248.99016988	1
60738.889784550156	-165702248.98540562	1
60738.88988461344	-165702248.98784274	1
60738.88998484971	-165702249.00240642	1
60738.89008504756	-165702248.97124624	1
60738.890185123826	-165702249.00572234	1
60738.89028528206	-165702249.00314164	1
60738.890385509	-165702248.98154283	1
60738.890485601	-165702248.95864135	1
60738.89058579883	-165702248.96827042	1
60738.89068598265	-165702248.97683632	1
60738.89078613763	-165702248.96485627	1
60738.89088625837	-165702248.94121486	1
60738.890986477105	-165702248.96898842	1
60738.89108659898	-165702248.96273923	1
60738.891186870314	-165702248.98333353	1
60738.89128693121	-165702248.9747945	1
60738.891387137075	-165702248.93548447	1
60738.89148728491	-165702248.955634	1
60738.89158740127	-165702248.935135	1
60738.89168758088	-165702248.9742142	1
60738.89178781393	-165702248.90531206	1
60738.891887964724	-165702248.9311974	1
60738.89198810589	-165702248.92621464	1
60738.892088209795	-165702248.93327355	1
60738.892188457	-165702248.9697246	1
60738.89228867397	-165702248.9769351	1
60738.892388716966	-165702248.9849959	1
60738.89248890738	-165702248.9707724	1
60738.89258911408	-165702248.9747939	1
60738.892689211345	-165702248.96623582	1
60738.892789389414	-165702248.96523207	1
60738.89288960095	-165702248.98117775	1
60738.892989705135	-165702248.9491073	1
60738.89308985427	-165702248.96247494	1
60738.893190025236	-165702248.97157627	1
60738.893290189015	-165702248.95407325	1
60738.8933903752	-165702248.93046302	1
60738.89349056292	-165702248.9640935	1
60738.893590680855	-165702248.93233353	1
60738.89369097367	-165702248.9562344	1
60738.89379107979	-165702248.90981054	1
60738.89389121583	-165702248.94191456	1
60738.893991354795	-165702248.9404564	1
60738.894091534	-165702248.9444319	1
60738.89419173437	-165702248.96135557	1
60738.89429194412	-165702248.98417187	1
60738.89439198247	-165702248.97625798	1
60738.894492190266	-165702248.9494908	1
60738.89459237077	-165702248.9785264	1
60738.894692577436	-165702248.98467672	1
60738.894792695544	-165702248.95450974	1
60738.89489287573	-165702248.97160143	1
60738.89499300358	-165702248.99562383	1
60738.89509324909	-165702248.98126262	1
60738.89519334716	-165702248.99588478	1
60738.895293491936	-165702248.97028434	1
60738.89539371677	-165702248.99085563	1
60738.8954938268	-165702248.9573856	1
60738.895594001326	-165702248.9486375	1
60738.895694219085	-165702248.9418496	1
60738.895794399614	-165702248.99075997	1
60738.895894501366	-165702248.97257018	1
60738.89599469834	-165702248.99887735	1
60738.8960948379	-165702249.0078531	1
60738.89619500268	-165702249.02828377	1
60738.896295182545	-165702249.0501994	1
60738.89639529474	-165702249.0292707	1
60738.896495492416	-165702249.0020898	1
60738.89659566846	-165702249.01664555	1
60738.89669587711	-165702249.0527745	1
60738.8967960539	-165702249.0477776	1
60738.896896194485	-165702249.01087165	1
60738.8969963649	-165702249.0082593	1
60738.89709647489	-165702248.99975312	1
60738.89719665598	-165702248.98041576	1
60738.89729681451	-165702249.039325	1
60738.89739692917	-165702249.03046554	1
60738.897497179154	-165702249.00925326	1
60738.89759728326	-165702248.98575372	1
60738.89769749943	-165702248.97905415	1
60738.897797622085	-165702248.978092	1
60738.897897822535	-165702248.9705274	1
60738.89799806648	-165702248.9924189	1
60738.89809808792	-165702248.99576223	1
60738.89819825289	-165702248.97217512	1
60738.89829841695	-165702248.9588343	1
60738.89839854305	-165702248.95995247	1
60738.89849882149	-165702248.9589492	1
60738.89859893411	-165702248.94617206	1
60738.89869915818	-165702248.93498182	1
60738.89879927744	-165702248.97530323	1
60738.89889942768	-165702248.97530413	1
60738.89899962504	-165702248.96360803	1
60738.899099887814	-165702248.98717642	1
60738.89919991318	-165702248.9541589	1
60738.899300007164	-165702248.97400343	1
60738.89940030895	-165702248.9886281	1
60738.899500455576	-165702248.92818987	1
60738.89960065306	-165702248.92553097	1
60738.89970079889	-165702248.91868216	1
60738.8998009675	-165702248.90027213	1
60738.8999011553	-165702248.9260403	1
60738.90000126778	-165702248.87086606	1
60738.900101358064	-165702248.89392853	1
60738.90020157643	-165702248.96245855	1
60738.90030174585	-165702248.93929005	1
60738.9004019576	-165702248.96572715	1
60738.90050205781	-165702249.01338786	1
60738.90060217867	-165702249.03271365	1
60738.90070239174	-165702248.97436857	1
60738.900802495555	-165702248.9924392	1
60738.90090266105	-165702249.04709935	1
60738.90100286233	-165702249.00882202	1
60738.90110304118	-165702249.00995314	1
60738.90120327145	-165702248.96909463	1
60738.90130343552	-165702248.95634025	1
60738.90140364547	-165702248.9851092	1
60738.901503785106	-165702248.97623825	1
60738.90160386486	-165702248.96730757	1
60738.90170397758	-165702248.99328727	1
60738.90180422975	-165702248.97572398	1
60738.90190440344	-165702248.9714802	1
60738.90200457706	-165702248.99864435	1
60738.90210465384	-165702248.96568465	1
60738.902204854414	-165702248.97103482	1
60738.902305004485	-165702248.9583472	1
60738.90240518202	-165702248.96552026	1
60738.902505386985	-165702248.91404134	1
60738.90260556762	-165702248.92827582	1
60738.90270565522	-165702248.94467956	1
60738.90280583034	-165702248.92610806	1
60738.90290599199	-165702248.92661685	1
60738.903006126035	-165702248.90915537	1
60738.9031062832	-165702248.9338662	1
60738.903206505165	-165702248.91011006	1
60738.9033067171	-165702248.8734194	1
60738.903406827296	-165702248.937751	1
60738.90350700362	-165702248.93520224	1
60738.903607129534	-165702248.93721646	1
60738.903707282174	-165702248.92563468	1
60738.903807472656	-165702248.9343742	1
60738.903907729735	-165702248.92417866	1
60738.904007881545	-165702248.94303238	1
60738.90410795993	-165702248.9514886	1
60738.90420813479	-165702248.98579955	1
60738.90430829684	-165702248.96848178	1
60738.904408498165	-165702248.9409386	1
60738.90450864115	-165702248.95672524	1
60738.90460880472	-165702249.00189143	1
60738.904709007795	-165702248.98306006	1
60738.90480910235	-165702248.94963974	1
60738.90490923222	-165702248.9636163	1
60738.90500942698	-165702248.96902627	1
60738.905109644074	-165702248.96470058	1
60738.90520975768	-165702248.97595537	1
60738.905309983886	-165702248.91898346	1
60738.905410103944	-165702248.93088645	1
60738.905510310804	-165702248.9055863	1
60738.905610455775	-165702248.89018857	1
60738.90571060892	-165702248.92872608	1
60738.90581081534	-165702248.95721245	1
60738.90591098593	-165702248.9483307	1
60738.90601113254	-165702248.9487288	1
60738.906111282224	-165702248.94161576	1
60738.90621147069	-165702248.9381116	1
60738.90631161312	-165702248.94869632	1
60738.906411701275	-165702248.91852373	1
60738.90651195751	-165702248.91800356	1
60738.90661209562	-165702248.9278047	1
60738.906712336044	-165702248.93613338	1
60738.90681245162	-165702248.93493885	1
60738.9069126518	-165702248.91407704	1
60738.907012789234	-165702248.88638365	1
60738.907112913636	-165702248.90280855	1
60738.90721310532	-165702248.91590142	1
60738.90731328137	-165702248.92259252	1
60738.90741339357	-165702248.90540594	1
60738.907513498874	-165702248.88997507	1
60738.907613691976	-165702248.89000708	1
60738.90771392108	-165702248.86180204	1
60738.90781407691	-165702248.9063757	1
60738.90791425983	-165702248.91495895	1
60738.90801441335	-165702248.94494754	1
60738.9081145853	-165702248.92095476	1
60738.90821472839	-165702248.89511257	1
60738.90831486438	-165702248.86447173	1
60738.90841500796	-165702248.86684877	1
60738.908515273986	-165702248.8783005	1
60738.90861533034	-165702248.86020112	1
60738.90871558721	-165702248.91618103	1
60738.90881571934	-165702248.89130652	1
60738.908915957894	-165702248.93038392	1
60738.90901598193	-165702248.93552727	1
60738.9091162072	-165702248.95153326	1
60738.90921637884	-165702248.93411475	1
60738.90931653878	-165702248.9493748	1
60738.90941672119	-165702248.93162638	1
60738.90951686663	-165702248.89135236	1
60738.909616960096	-165702248.88203907	1
60738.909717156515	-165702248.87276185	1
60738.909817359294	-165702248.85232502	1
60738.909917538986	-165702248.85164273	1
60738.91001759838	-165702248.9032647	1
60738.910117888154	-165702248.88679683	1
60738.910218037665	-165702248.90098792	1
60738.910318191476	-165702248.87792277	1
60738.91041830899	-165702248.89074188	1
60738.91051850736	-165702248.86779344	1
60738.91061872507	-165702248.88442963	1
60738.910718805906	-165702248.87721997	1
60738.91081895505	-165702248.91085422	1
60738.91091916013	-165702248.88042367	1
60738.911019362604	-165702248.8744731	1
60738.91111949743	-165702248.89331037	1
60738.91121965346	-165702248.88818878	1
60738.911319772196	-165702248.90040284	1
60738.911420000826	-165702248.87405562	1
60738.91152018182	-165702248.80899584	1
60738.91162031435	-165702248.8239869	1
60738.91172047477	-165702248.83300668	1
60738.911820579095	-165702248.85386944	1
60738.91192075637	-165702248.86456782	1
60738.91202095165	-165702248.84295315	1
60738.91212115641	-165702248.80082774	1
60738.912221273604	-165702248.79419422	1
60738.91232136426	-165702248.82377464	1
60738.912421610716	-165702248.82035327	1
60738.91252178918	-165702248.86542434	1
60738.91262192183	-165702248.83307874	1
60738.91272213898	-165702248.84526664	1
60738.91282229617	-165702248.8479269	1
60738.91292245129	-165702248.83722454	1
60738.91302258794	-165702248.80918676	1
60738.913122723774	-165702248.8728721	1
60738.91322297962	-165702248.83945245	1
60738.91332310586	-165702248.86282337	1
60738.913423262944	-165702248.86349106	1
60738.913523395444	-165702248.84825808	1
60738.91362363496	-165702248.878653	1
60738.91372378371	-165702248.87781912	1
60738.91382394096	-165702248.86312342	1
60738.913924087625	-165702248.86379927	1
60738.91402423749	-165702248.87502974	1
60738.91412441506	-165702248.87584084	1
60738.91422464757	-165702248.89738303	1
60738.91432475341	-165702248.85662752	1
60738.91442490155	-165702248.87955064	1
60738.914525040724	-165702248.88095063	1
60738.91462522369	-165702248.85060078	1
60738.91472539349	-165702248.8596809	1
60738.91482550904	-165702248.8735785	1
60738.91492577894	-165702248.86868554	1
60738.91502591575	-165702248.89186913	1
60738.915126000444	-165702248.8732198	1
60738.91522620306	-165702248.89220953	1
60738.91532642006	-165702248.8559196	1
60738.91542652017	-165702248.8849578	1
60738.915526731405	-165702248.85166717	1
60738.915626899914	-165702248.91642475	1
60738.91572703174	-165702248.84446347	1
60738.91582722474	-165702248.85038573	1
60738.915927394315	-165702248.84857082	1
60738.916027515435	-165702248.85666782	1
60738.9161276784	-165702248.88490516	1
60738.91622788215	-165702248.85499257	1
60738.916328096304	-165702248.8392595	1
60738.91642819748	-165702248.8385449	1
60738.91652838274	-165702248.83979958	1
60738.916628597945	-165702248.82335627	1
60738.916728704906	-165702248.8506286	1
60738.91682885067	-165702248.84544635	1
60738.91692892537	-165702248.83999515	1
60738.91702916134	-165702248.88145107	1
60738.91712929529	-165702248.85153347	1
60738.917229445295	-165702248.86175978	1
60738.91732967673	-165702248.88764268	1
60738.9174298813	-165702248.81254572	1
60738.91753002317	-165702248.78520018	1
60738.91763022696	-165702248.7776782	1
60738.917730313835	-165702248.8336467	1
60738.91783043598	-165702248.80646896	1
60738.917930622956	-165702248.82887655	1
60738.9180308724	-165702248.8463605	1
60738.918131008344	-165702248.84102982	1
60738.91823112678	-165702248.79719347	1
60738.91833131576	-165702248.8111797	1
60738.91843142473	-165702248.782884	1
60738.918531673684	-165702248.7909397	1
60738.918631807755	-165702248.78116417	1
60738.91873195877	-165702248.78501529	1
60738.91883215467	-165702248.7922042	1
60738.91893239937	-165702248.80630422	1
60738.91903252246	-165702248.82141715	1
60738.919132612726	-165702248.85112268	1
60738.91923284508	-165702248.80986142	1
60738.9193330346	-165702248.89027995	1
60738.919433211864	-165702248.84743512	1
60738.91953329231	-165702248.80629796	1
60738.91963346287	-165702248.80881912	1
60738.91973363552	-165702248.7871905	1
60738.91983374316	-165702248.82148647	1
60738.91993391754	-165702248.87116557	1
60738.92003412629	-165702248.84953165	1
60738.92013421009	-165702248.83799982	1
60738.920234461126	-165702248.8775984	1
60738.92033458498	-165702248.84563756	1
60738.92043476877	-165702248.82659364	1
60738.920534994206	-165702248.86166644	1
60738.92063515593	-165702248.8567261	1
60738.920735273445	-165702248.88039708	1
60738.920835423145	-165702248.80335087	1
60738.92093563244	-165702248.8005786	1
60738.92103578684	-165702248.85774755	1
60738.92113592127	-165702248.81478506	1
60738.92123605909	-165702248.84575015	1
60738.921336158935	-165702248.85204947	1
60738.92143638027	-165702248.83058643	1
60738.92153667908	-165702248.81556606	1
60738.92163675094	-165702248.8649519	1
60738.92173691313	-165702248.87986672	1
60738.92183708369	-165702248.87731618	1
60738.921937228086	-165702248.83195567	1
60738.92203743219	-165702248.8513332	1
60738.92213753388	-165702248.84062874	1
60738.92223764202	-165702248.87482846	1
60738.922337887256	-165702248.79566038	1
60738.922438020585	-165702248.79390883	1
60738.92253823184	-165702248.8281535	1
60738.9226384069	-165702248.8143435	1
60738.922738619025	-165702248.81701797	1
60738.922838725375	-165702248.80319643	1
60738.922938882715	-165702248.77681088	1
60738.92303913453	-165702248.7673633	1
60738.92313911772	-165702248.81291604	1
60738.923239342635	-165702248.76539552	1
60738.92333951713	-165702248.80734968	1
60738.92343972445	-165702248.81148046	1
60738.92353990076	-165702248.80868042	1
60738.92364003294	-165702248.76731098	1
60738.92374020762	-165702248.7886172	1
60738.92384029197	-165702248.8440835	1
60738.92394052682	-165702248.83293736	1
60738.92404067848	-165702248.8436368	1
60738.92414088711	-165702248.7878911	1
60738.924241025525	-165702248.7630195	1
60738.92434110342	-165702248.78418034	1
60738.92444136082	-165702248.80006856	1
60738.924541548775	-165702248.7744317	1
60738.92464168858	-165702248.80103296	1
60738.92474178922	-165702248.77473658	1
60738.924842049535	-165702248.7673993	1
60738.92494214162	-165702248.7774048	1
60738.92504230381	-165702248.77067614	1
60738.92514256926	-165702248.75293785	1
60738.925242709374	-165702248.764791	1
60738.92534275374	-165702248.77119184	1
60738.92544298903	-165702248.7617063	1
60738.92554316237	-165702248.76527536	1
60738.92564339697	-165702248.74940562	1
60738.9257434783	-165702248.77504414	1
60738.925843645986	-165702248.75136024	1
60738.92594382669	-165702248.7598341	1
60738.926044072854	-165702248.76549298	1
60738.92614411733	-165702248.80052316	1
60738.926244316055	-165702248.7737226	1
60738.92634444022	-165702248.78416532	1
60738.926444653334	-165702248.80475855	1
60738.926544761	-165702248.80908144	1
60738.926644938045	-165702248.8322296	1
60738.92674509083	-165702248.8151818	1
60738.92684527199	-165702248.80578315	1
60738.92694545339	-165702248.80425525	1
60738.92704557607	-165702248.78989363	1
60738.92714579078	-165702248.7563032	1
60738.92724594404	-165702248.79225242	1
60738.927346078104	-165702248.7660175	1
60738.92744627252	-165702248.82385355	1
60738.92754648647	-165702248.79391372	1
60738.9276466066	-165702248.7897213	1
60738.92774672234	-165702248.78860956	1
60738.927846926745	-165702248.80045038	1
60738.927947036	-165702248.81642902	1
60738.92804731727	-165702248.78384334	1
60738.92814736497	-165702248.7405792	1
60738.92824762039	-165702248.74021816	1
60738.92834775889	-165702248.7142768	1
60738.92844794909	-165702248.74982113	1
60738.92854812978	-165702248.7756726	1
60738.92864814779	-165702248.7525491	1
60738.92874833945	-165702248.73374194	1
60738.92884861917	-165702248.7417001	1
60738.92894870427	-165702248.74989367	1
60738.92904888867	-165702248.69149852	1
60738.929149067124	-165702248.75738037	1
60738.92924913707	-165702248.76251137	1
60738.92934933876	-165702248.78688407	1
60738.92944956544	-165702248.77316993	1
60738.929549728244	-165702248.7443608	1
60738.929649893296	-165702248.7178256	1
60738.9297500212	-165702248.75943226	1
60738.92985022427	-165702248.77912384	1
60738.92995034876	-165702248.8261292	1
60738.930050487215	-165702248.82818127	1
60738.93015067914	-165702248.8058986	1
60738.93025090636	-165702248.8148195	1
60738.930351019626	-165702248.8133421	1
60738.930451181994	-165702248.81377876	1
60738.93055138927	-165702248.78957337	1
60738.9306516288	-165702248.77774173	1
60738.93075173443	-165702248.7656381	1
60738.930851864265	-165702248.76466423	1
60738.93095203939	-165702248.6887803	1
60738.93105220485	-165702248.72231048	1
60738.93115236025	-165702248.74126732	1
60738.931252486895	-165702248.69023347	1
60738.931352663705	-165702248.64199585	1
60738.93145287375	-165702248.70049888	1
60738.93155298844	-165702248.71309078	1
60738.9316531891	-165702248.72327977	1
60738.93175328168	-165702248.69893312	1
60738.931853515984	-165702248.68661255	1
60738.93195364087	-165702248.66351193	1
60738.932053914155	-165702248.7286629	1
60738.93215403419	-165702248.75197667	1
60738.93225419289	-165702248.74239665	1
60738.93235430282	-165702248.67658746	1
60738.93245446802	-165702248.69740832	1
60738.93255465082	-165702248.70503604	1
60738.93265478872	-165702248.73042262	1
60738.93275495426	-165702248.7312603	1
60738.93285510587	-165702248.74401528	1
60738.93295529812	-165702248.76738143	1
60738.93305549659	-165702248.7020067	1
60738.93315565476	-165702248.76150203	1
60738.93325585146	-165702248.77410483	1
60738.93335591567	-165702248.742481	1
60738.9334561743	-165702248.77412468	1
60738.93355629199	-165702248.76709777	1
60738.93365653872	-165702248.772443	1
60738.933756612496	-165702248.7737602	1
60738.93385673865	-165702248.7270447	1
60738.93395693417	-165702248.77901274	1
60738.9340570653	-165702248.7278185	1
60738.934157242285	-165702248.75464296	1
60738.934257411674	-165702248.71871048	1
60738.93435756604	-165702248.71018213	1
60738.934457779316	-165702248.74208653	1
60738.93455795142	-165702248.7384786	1
60738.934658024984	-165702248.74517894	1
60738.9347582092	-165702248.76089954	1
60738.93485844649	-165702248.78974283	1
60738.934958570455	-165702248.78675914	1
60738.93505877604	-165702248.78264195	1
60738.9351589531	-165702248.79790974	1
60738.935259079015	-165702248.74455285	1
60738.93535920787	-165702248.76941222	1
60738.93545945558	-165702248.70522666	1
60738.935559569974	-165702248.7307201	1
60738.93565977745	-165702248.7408067	1
60738.935759976855	-165702248.69857585	1
60738.93586002821	-165702248.71630245	1
60738.935960181436	-165702248.6680705	1
60738.93606042391	-165702248.70728743	1
60738.93616048327	-165702248.7002815	1
60738.936260686976	-165702248.76688367	1
60738.9363609618	-165702248.72634518	1
60738.936461078985	-165702248.75591058	1
60738.936561175775	-165702248.78161097	1
60738.93666134911	-165702248.70586985	1
60738.93676157005	-165702248.72035754	1
60738.93686173686	-165702248.69386244	1
60738.93696187983	-165702248.7302149	1
60738.93706203813	-165702248.69834375	1
60738.9371622243	-165702248.77171344	1
60738.93726240694	-165702248.7123868	1
60738.93736252842	-165702248.7017817	1
60738.93746276518	-165702248.67904776	1
60738.93756280074	-165702248.68245107	1
60738.93766310865	-165702248.69864732	1
60738.93776319028	-165702248.7427348	1
60738.937863367915	-165702248.7607022	1
60738.9379635196	-165702248.73238564	1
60738.93806374899	-165702248.69166714	1
60738.93816387044	-165702248.737584	1
60738.93826410064	-165702248.720775	1
60738.93836421282	-165702248.74928588	1
60738.938464400744	-165702248.74689353	1
60738.93856451532	-165702248.736996	1
60738.93866470551	-165702248.76223224	1
60738.93876484017	-165702248.76668048	1
60738.93886498706	-165702248.75096375	1
60738.9389650922	-165702248.7941395	1
60738.93906533059	-165702248.7340237	1
60738.939165453594	-165702248.7358821	1
60738.93926565155	-165702248.7526775	1
60738.93936579962	-165702248.76980877	1
60738.93946598486	-165702248.80541462	1
60738.93956616953	-165702248.7863046	1
60738.939666394625	-165702248.79608262	1
60738.93976649985	-165702248.78081167	1
60738.939866643464	-165702248.7685339	1
60738.9399668635	-165702248.7633757	1
60738.94006695674	-165702248.75569278	1
60738.940167131324	-165702248.76116425	1
60738.94026727318	-165702248.7420674	1
60738.940367437324	-165702248.7038728	1
60738.940467657114	-165702248.7453524	1
60738.940567816484	-165702248.76018262	1
60738.94066798112	-165702248.7380407	1
60738.94076811811	-165702248.77189666	1
60738.94086830275	-165702248.74725014	1
60738.94096847843	-165702248.74251288	1
60738.94106855521	-165702248.73181915	1
60738.94116876464	-165702248.74703348	1
60738.94126892876	-165702248.79778624	1
60738.94136911834	-165702248.79736972	1
60738.94146924198	-165702248.76333886	1
60738.94156942361	-165702248.77575856	1
60738.941669613705	-165702248.76668078	1
60738.94176975202	-165702248.7525301	1
60738.94186993766	-165702248.78724366	1
60738.94197004863	-165702248.7921536	1
60738.94207023856	-165702248.78677583	1
60738.94217048617	-165702248.80922985	1
60738.94227054859	-165702248.77838314	1
60738.942370762576	-165702248.7773651	1
60738.94247092983	-165702248.7528022	1
60738.94257102346	-165702248.76865137	1
60738.94267124987	-165702248.77288473	1
60738.94277145418	-165702248.77162284	1
60738.94287158248	-165702248.7507218	1
60738.942971751516	-165702248.76733834	1
60738.94307185282	-165702248.81275266	1
60738.94317204326	-165702248.78253007	1
60738.943272166194	-165702248.76677316	1
60738.94337244449	-165702248.79733986	1
60738.94347258024	-165702248.7861076	1
60738.943572695745	-165702248.74779725	1
60738.943672913694	-165702248.81872457	1
60738.94377303268	-165702248.84604466	1
60738.943873212374	-165702248.78716475	1
60738.94397342453	-165702248.78481084	1
60738.944073592465	-165702248.763861	1
60738.94417372278	-165702248.79604888	1
60738.94427386636	-165702248.77336216	1
60738.94437401938	-165702248.80791044	1
60738.94447419715	-165702248.75257373	1
60738.94457429519	-165702248.75438952	1
60738.94467454274	-165702248.80227393	1
60738.944774669704	-165702248.84618908	1
60738.94487482883	-165702248.76980698	1
60738.94497505706	-165702248.7970386	1
60738.94507527894	-165702248.76109844	1
60738.94517534796	-165702248.74784344	1
60738.945275501894	-165702248.73364466	1
60738.945375681105	-165702248.6839646	1
60738.94547583269	-165702248.69646007	1
60738.945576039994	-165702248.6958543	1
60738.9456761498	-165702248.66843688	1
60738.94577625547	-165702248.6661961	1
60738.94587650154	-165702248.67359167	1
60738.94597662268	-165702248.7189505	1
60738.94607680648	-165702248.70470726	1
60738.94617693982	-165702248.6957428	1
60738.94627715965	-165702248.72749513	1
60738.94637729409	-165702248.69253838	1
60738.94647746189	-165702248.70041722	1
60738.94657769368	-165702248.68766153	1
60738.946677817876	-165702248.68405956	1
60738.946778042984	-165702248.67450714	1
60738.94687818377	-165702248.6770807	1
60738.94697832406	-165702248.71522206	1
60738.94707849701	-165702248.698214	1
60738.947178674905	-165702248.68552405	1
60738.94727878887	-165702248.70884937	1
60738.94737897999	-165702248.75430876	1
60738.94747906256	-165702248.74327695	1
60738.94757935614	-165702248.70580852	1
60738.94767944543	-165702248.74342346	1
60738.94777961321	-165702248.7384361	1
60738.94787981632	-165702248.75090033	1
60738.947979958524	-165702248.74413615	1
60738.9480800987	-165702248.723567	1
60738.948180280364	-165702248.73286235	1
60738.94828038489	-165702248.7528727	1
60738.94838064994	-165702248.73417318	1
60738.948480706145	-165702248.71139753	1
60738.94858090759	-165702248.68326277	1
60738.94868112483	-165702248.70930767	1
60738.94878127946	-165702248.72682053	1
60738.948881459306	-165702248.71269667	1
60738.94898158036	-165702248.72998106	1
60738.9490817582	-165702248.71373433	1
60738.949181948396	-165702248.7329201	1
60738.949282170586	-165702248.70609736	1
60738.94938216292	-165702248.64818323	1
60738.94948240506	-165702248.6880793	1
60738.94958258818	-165702248.73034954	1
60738.94968278184	-165702248.77439564	1
60738.94978288571	-165702248.78579694	1
60738.94988302082	-165702248.7763201	1
60738.94998332831	-165702248.73887372	1
60738.95008336893	-165702248.77894735	1
60738.95018354427	-165702248.76967204	1
60738.950283718885	-165702248.77998894	1
60738.95038392149	-165702248.75652105	1
60738.95048410364	-165702248.7238261	1
60738.95058421517	-165702248.74965924	1
60738.95068434952	-165702248.70401907	1
60738.95078449708	-165702248.7402845	1
60738.950884723075	-165702248.6885196	1
60738.95098488668	-165702248.70438993	1
60738.9510851046	-165702248.70432782	1
60738.951185157945	-165702248.7708844	1
60738.95128535081	-165702248.73286027	1
60738.951385575	-165702248.75334734	1
60738.95148568416	-165702248.78490114	1
60738.95158590443	-165702248.77294642	1
60738.95168601503	-165702248.7762518	1
60738.95178617497	-165702248.82270223	1
60738.951886375384	-165702248.85162377	1
60738.95198649432	-165702248.81411594	1
60738.95208665171	-165702248.80040383	1
60738.95218685925	-165702248.80938435	1
60738.95228699881	-165702248.76885462	1
60738.95238716027	-165702248.7601853	1
60738.95248732636	-165702248.738258	1
60738.95258752089	-165702248.7411328	1
60738.95268769872	-165702248.74306983	1
60738.95278783339	-165702248.77384502	1
60738.95288797754	-165702248.7733097	1
60738.952988192286	-165702248.7824973	1
60738.95308835528	-165702248.78140318	1
60738.9531884314	-165702248.80082017	1
60738.95328867818	-165702248.77188063	1
60738.953388875794	-165702248.71116292	1
60738.95348897615	-165702248.72817415	1
60738.95358916466	-165702248.76634908	1
60738.95368935215	-165702248.71015674	1
60738.95378950336	-165702248.72588164	1
60738.95388967518	-165702248.7982605	1
60738.95398975202	-165702248.77482945	1
60738.95408999179	-165702248.76512295	1
60738.95419017829	-165702248.77106553	1
60738.954290353926	-165702248.74490649	1
60738.95439050535	-165702248.79575133	1
60738.95449069105	-165702248.74350923	1
60738.95459081498	-165702248.72641188	1
60738.95469101604	-165702248.7445665	1
60738.9547911182	-165702248.73955458	1
60738.95489126386	-165702248.76665896	1
60738.954991455525	-165702248.793118	1
60738.955091562646	-165702248.7968539	1
60738.95519184215	-165702248.83214217	1
60738.95529197424	-165702248.76160604	1
60738.95539216499	-165702248.72248483	1
60738.95549225729	-165702248.73920172	1
60738.95559239197	-165702248.72113103	1
60738.955692525036	-165702248.7289397	1
60738.955792822926	-165702248.71195155	1
60738.95589292865	-165702248.74558687	1
60738.95599310799	-165702248.75163502	1
60738.95609322502	-165702248.7878574	1
60738.95619339894	-165702248.77204204	1
60738.9562935108	-165702248.76777673	1
60738.95639371057	-165702248.74557972	1
60738.956493899976	-165702248.6864506	1
60738.95659403557	-165702248.71266413	1
60738.9566942496	-165702248.69747245	1
60738.95679444291	-165702248.74801242	1
60738.95689455733	-165702248.71350974	1
60738.95699472807	-165702248.70878273	1
60738.95721395039	-165702248.71358645	1
60738.95732034261	-165702248.673867	1
60738.957420605286	-165702248.71002918	1
60738.957520743694	-165702248.70641977	1
60738.95762088214	-165702248.71240842	1
60738.9577210208	-165702248.71378797	1
60738.95782118998	-165702248.7373011	1
60738.957921398345	-165702248.76073033	1
60738.95802156089	-165702248.74901503	1
60738.95812176459	-165702248.74921548	1
60738.9582219121	-165702248.7400598	1
60738.95832207278	-165702248.70744282	1
60738.95842216742	-165702248.67886573	1
60738.958522384215	-165702248.6957777	1
60738.95862254679	-165702248.7230549	1
60738.95872271831	-165702248.68657243	1
60738.95882286189	-165702248.7341984	1
60738.95892308092	-165702248.70826077	1
60738.959023224335	-165702248.74198472	1
60738.95912338274	-165702248.72362566	1
60738.9592235543	-165702248.73633134	1
60738.95932371205	-165702248.7204497	1
60738.95942385505	-165702248.71395254	1
60738.95952398102	-165702248.71635574	1
60738.95962417701	-165702248.69645864	1
60738.95972427255	-165702248.68351394	1
60738.95982451681	-165702248.70895505	1
60738.959924704875	-165702248.69329137	1
60738.96002484766	-165702248.62174547	1
60738.960125040525	-165702248.62475276	1
60738.960225140356	-165702248.66044354	1
60738.96032530761	-165702248.668548	1
60738.960425441546	-165702248.6735478	1
60738.96052566627	-165702248.68759364	1
60738.960625909414	-165702248.64334458	1
60738.96072599961	-165702248.66452807	1
60738.960826155475	-165702248.66670662	1
60738.9609262923	-165702248.6684326	1
60738.961026486504	-165702248.65724194	1
60738.9611266477	-165702248.5913046	1
60738.96122681588	-165702248.6363172	1
60738.96132695692	-165702248.66455126	1
60738.96142716653	-165702248.66294938	1
60738.96152737677	-165702248.6403361	1
60738.96162747098	-165702248.64911324	1
60738.961727669004	-165702248.6050992	1
60738.961827766434	-165702248.58647257	1
60738.961927932774	-165702248.57864153	1
60738.96202808044	-165702248.6298942	1
60738.96212834158	-165702248.6439234	1
60738.96222853083	-165702248.62708873	1
60738.96232862131	-165702248.70117128	1
60738.96242877807	-165702248.68717343	1
60738.96252891578	-165702248.7211712	1
60738.96262909721	-165702248.71849883	1
60738.96272927531	-165702248.71056843	1
60738.96282940011	-165702248.69689226	1
60738.96292964172	-165702248.73325735	1
60738.96302981339	-165702248.67841297	1
60738.96312989732	-165702248.66923428	1
60738.96323015224	-165702248.69417936	1
60738.963330177394	-165702248.7123627	1
60738.96343045279	-165702248.71859622	1
60738.96353057117	-165702248.72119278	1
60738.96363074666	-165702248.6562336	1
60738.96373093582	-165702248.741772	1
60738.963831063396	-165702248.7087623	1
60738.96393128857	-165702248.70405316	1
60738.9640313603	-165702248.7205764	1
60738.96413150067	-165702248.726265	1
60738.96423175815	-165702248.68696862	1
60738.96433191843	-165702248.64450908	1
60738.964432021545	-165702248.64541417	1
60738.96453222082	-165702248.68721366	1
60738.9646324112	-165702248.6986934	1
60738.964732515415	-165702248.70861566	1
60738.96483276963	-165702248.70751786	1
60738.96493292528	-165702248.68768978	1
60738.96503306419	-165702248.68883842	1
60738.9651333147	-165702248.66811794	1
60738.965233381896	-165702248.65976083	1
60738.96533353053	-165702248.7123267	1
60738.965433729994	-165702248.70352876	1
60738.965533884686	-165702248.6753366	1
60738.96563406089	-165702248.68417937	1
60738.96573424347	-165702248.62414342	1
60738.965834368	-165702248.6610067	1
60738.96593456441	-165702248.67511708	1
60738.96603465487	-165702248.6780014	1
60738.966134807975	-165702248.65566206	1
60738.96623500481	-165702248.65389723	1
60738.966335137586	-165702248.62854397	1
60738.96643538032	-165702248.6576109	1
60738.96653551206	-165702248.63052982	1
60738.966635625016	-165702248.67005062	1
60738.96673585368	-165702248.66484922	1
60738.96683600591	-165702248.66790426	1
60738.966936171935	-165702248.7084782	1
60738.967036384536	-165702248.69534618	1
60738.967136487394	-165702248.63040859	1
60738.96723665608	-165702248.63696843	1
60738.967336831265	-165702248.68629438	1
60738.96743698174	-165702248.6942069	1
60738.96753716976	-165702248.64677036	1
60738.9676372916	-165702248.66270244	1
60738.967737453866	-165702248.63565677	1
60738.96783766728	-165702248.66068584	1
60738.967937787245	-165702248.61663425	1
60738.968037986735	-165702248.6162356	1
60738.96813813782	-165702248.5993504	1
60738.96823835747	-165702248.65170652	1
60738.96833843982	-165702248.67563134	1
60738.968438637356	-165702248.61246794	1
60738.968538807756	-165702248.68104732	1
60738.968638955615	-165702248.67069572	1
60738.96873913739	-165702248.71897292	1
60738.96883934128	-165702248.6727826	1
60738.96893942995	-165702248.65474492	1
60738.969039676806	-165702248.6799671	1
60738.96913979335	-165702248.63792586	1
60738.96923994322	-165702248.65186054	1
60738.96934007898	-165702248.64051747	1
60738.96944030873	-165702248.65787697	1
60738.96954039602	-165702248.66208553	1
60738.9696406633	-165702248.64313966	1
60738.96974081831	-165702248.70105612	1
60738.969840941354	-165702248.66932863	1
60738.96994107611	-165702248.68359005	1
60738.970041250126	-165702248.68574876	1
60738.97014139946	-165702248.68113232	1
60738.9702415942	-165702248.65168774	1
60738.97034179381	-165702248.64291757	1
60738.970441949044	-165702248.6788221	1
60738.970542059404	-165702248.6608212	1
60738.97064225874	-165702248.67336124	1
60738.970742361445	-165702248.68698812	1
60738.97084256833	-165702248.66358268	1
60738.97094277901	-165702248.6729995	1
60738.97104296377	-165702248.71435827	1
60738.97114308414	-165702248.6702577	1
60738.97124322851	-165702248.667674	1
60738.971343470286	-165702248.68639237	1
60738.9714436626	-165702248.67550313	1
60738.97154366586	-165702248.68395925	1
60738.97164397742	-165702248.70794952	1
60738.97174403011	-165702248.7070133	1
60738.97184420314	-165702248.691275	1
60738.97194437186	-165702248.73108184	1
60738.97204457168	-165702248.74377745	1
60738.97214471086	-165702248.70769018	1
60738.97224488723	-165702248.7197073	1
60738.97234502747	-165702248.68523353	1
60738.97244522513	-165702248.67835867	1
60738.97254534595	-165702248.7271337	1
60738.97264557834	-165702248.71124113	1
60738.972745742285	-165702248.7427039	1
60738.97284591794	-165702248.76641655	1
60738.972946016256	-165702248.71876675	1
60738.9730462193	-165702248.70292765	1
60738.97314629869	-165702248.70378292	1
60738.973246508256	-165702248.7830881	1
60738.97334665688	-165702248.7214085	1
60738.973446918746	-165702248.6570369	1
60738.973547013135	-165702248.67985177	1
60738.97364716949	-165702248.7186414	1
60738.97374740086	-165702248.7427835	1
60738.973847583344	-165702248.7322173	1
60738.97394759182	-165702248.72198707	1
60738.97404785994	-165702248.6780656	1
60738.974147954774	-165702248.69678771	1
60738.97424818591	-165702248.69789267	1
60738.97434838225	-165702248.72025084	1
60738.97444851575	-165702248.69287044	1
60738.97454867909	-165702248.7341712	1
60738.974648845586	-165702248.76337612	1
60738.9747489959	-165702248.72451138	1
60738.97484921517	-165702248.6778332	1
60738.97494934663	-165702248.69705403	1
60738.97504950876	-165702248.6707878	1
60738.975149644604	-165702248.65565753	1
60738.97524984183	-165702248.69091874	1
60738.97535003722	-165702248.71170354	1
60738.97545013352	-165702248.7115026	1
60738.975550302835	-165702248.67157036	1
60738.97565039163	-165702248.70078558	1
60738.97575063785	-165702248.71466202	1
60738.97585072258	-165702248.7461431	1
60738.9759510016	-165702248.75553715	1
60738.976051110134	-165702248.71795762	1
60738.97615129841	-165702248.67415005	1
60738.97647611931	-165702248.67052764	1
60738.976576262765	-165702248.6529913	1
60738.97667651221	-165702248.68466514	1
60738.97677659388	-165702248.7212636	1
60738.97687685372	-165702248.72369844	1
60738.976977007966	-165702248.70204145	1
60738.9770772039	-165702248.70550382	1
60738.97717733808	-165702248.6954955	1
60738.977277490696	-165702248.683003	1
60738.97737769303	-165702248.7159148	1
60738.977477836146	-165702248.70587546	1
60738.97757800532	-165702248.68765503	1
60738.97767818826	-165702248.6623239	1
60738.97777838863	-165702248.68857765	1
60738.97787846256	-165702248.69549894	1
60738.97797867338	-165702248.69768363	1
60738.978078804976	-165702248.63143045	1
60738.97817897263	-165702248.71192127	1
60738.97827921133	-165702248.6893863	1
60738.978379355845	-165702248.65672553	1
60738.97847952067	-165702248.67055136	1
60738.9785796144	-165702248.67625183	1
60738.97867979789	-165702248.6822099	1
60738.97877996179	-165702248.64968687	1
60738.9788801103	-165702248.6502201	1
60738.9789802741	-165702248.65435737	1
60738.97908040652	-165702248.6497602	1
60738.97918075181	-165702248.68194795	1
60738.97928077744	-165702248.64021838	1
60738.97938102924	-165702248.64327836	1
60738.97948106368	-165702248.69237995	1
60738.979581308806	-165702248.74832052	1
60738.979681467616	-165702248.7274335	1
60738.97978163164	-165702248.69242245	1
60738.97988177501	-165702248.6640163	1
60738.97998197753	-165702248.66926134	1
60738.9800821808	-165702248.69114298	1
60738.9801822111	-165702248.70146197	1
60738.980282444034	-165702248.65958345	1
60738.98038266333	-165702248.6804551	1
60738.98048276295	-165702248.6995046	1
60738.98058297526	-165702248.6781392	1
60738.9806830521	-165702248.62861055	1
60738.98078324891	-165702248.62291378	1
60738.98088344567	-165702248.6450423	1
60738.9809835482	-165702248.6594746	1
60738.98108375573	-165702248.65384865	1
60738.98118390454	-165702248.6604318	1
60738.981284052854	-165702248.67211425	1
60738.981384183986	-165702248.65114915	1
60738.98148447139	-165702248.61965954	1
60738.981584583526	-165702248.6382755	1
60738.98168479042	-165702248.66967374	1
60738.98178488975	-165702248.6405769	1
60738.98188503794	-165702248.59850615	1
60738.98198521847	-165702248.60036856	1
60738.98208533921	-165702248.63836402	1
60738.98218560631	-165702248.62463403	1
60738.98228564322	-165702248.6481864	1
60738.98238590181	-165702248.6425317	1
60738.98248606796	-165702248.63115078	1
60738.98258624388	-165702248.6536665	1
60738.982686463285	-165702248.62057662	1
60738.982786459	-165702248.6346596	1
60738.98288678536	-165702248.62175947	1
60738.98298687508	-165702248.59156477	1
60738.98308706017	-165702248.5877087	1
60738.98318727517	-165702248.609829	1
60738.98328739357	-165702248.60351664	1
60738.98338748318	-165702248.63998377	1
60738.9834876863	-165702248.60093743	1
60738.98358790129	-165702248.60378343	1
60738.98368811744	-165702248.5854892	1
60738.9837882153	-165702248.59303433	1
60738.98388839146	-165702248.5731247	1
60738.98398853222	-165702248.59784782	1
60738.984088730016	-165702248.61962605	1
60738.98418877119	-165702248.6008703	1
60738.984289050626	-165702248.5884269	1
60738.98438906631	-165702248.58004105	1
60738.98448925138	-165702248.59834826	1
60738.98458949904	-165702248.572807	1
60738.9846896914	-165702248.5331158	1
60738.98478985598	-165702248.56540024	1
60738.98488997181	-165702248.55134887	1
60738.98499012431	-165702248.56515503	1
60738.98509026588	-165702248.57727343	1
60738.98519046496	-165702248.62508142	1
60738.98529065376	-165702248.58984977	1
60738.9853908762	-165702248.60321766	1
60738.98549094363	-165702248.59591734	1
60738.98559113679	-165702248.60484582	1
60738.985691341455	-165702248.5791244	1
60738.9857914522	-165702248.6398263	1
60738.98589163272	-165702248.61904192	1
60738.985991789916	-165702248.67032117	1
60738.98609198888	-165702248.66201776	1
60738.98619211053	-165702248.65778792	1
60738.98629228346	-165702248.66863078	1
60738.98832075883	-165702248.65619802	1
60738.98852104549	-165702248.63171583	1
60738.98862113645	-165702248.64947927	1
60738.98872140451	-165702248.65295953	1
60738.98882150091	-165702248.64817476	1
60738.98892166754	-165702248.6278931	1
60738.98902194544	-165702248.6439724	1
60738.989122043386	-165702248.64835775	1
60738.98922222922	-165702248.65593296	1
60738.98932241868	-165702248.65017498	1
60738.98942260427	-165702248.6551208	1
60738.989522707074	-165702248.6360677	1
60738.989622863926	-165702248.63050878	1
60738.98972303132	-165702248.62206262	1
60738.989823226264	-165702248.61787206	1
60738.98992341894	-165702248.66450703	1
60738.99002350991	-165702248.60790777	1
60738.99012373111	-165702248.63522243	1
60738.99022385929	-165702248.62137222	1
60738.99032403866	-165702248.65248066	1
60738.99042422283	-165702248.66324198	1
60738.99052443698	-165702248.6527207	1
60738.99062453399	-165702248.6600985	1
60738.99072467309	-165702248.64729333	1
60738.99082490249	-165702248.58685797	1
60738.990925048194	-165702248.63677722	1
60738.99102517139	-165702248.65364122	1
60738.991125321765	-165702248.64662534	1
60738.99122555456	-165702248.6393788	1
60738.99132565088	-165702248.65379584	1
60738.99142583601	-165702248.63700688	1
60738.991525977144	-165702248.5796942	1
60738.9916261567	-165702248.59897727	1
60738.99172635871	-165702248.6289041	1
60738.99182642581	-165702248.60584533	1
60738.991926595896	-165702248.62407464	1
60738.99202681338	-165702248.6164723	1
60738.992127001344	-165702248.640747	1
60738.99222711593	-165702248.6612242	1
60738.99232736458	-165702248.62265688	1
60738.99242753587	-165702248.62789208	1
60738.992527684604	-165702248.62783033	1
60738.99262779278	-165702248.65789634	1
60738.99272801046	-165702248.66219628	1
60738.992828149974	-165702248.63029915	1
60738.99292823117	-165702248.6862213	1
60738.99302850749	-165702248.6611724	1
60738.99312867923	-165702248.70395142	1
60738.993228780346	-165702248.68419814	1
60738.99332900201	-165702248.68883824	1
60738.99342914366	-165702248.7315368	1
60738.99352933454	-165702248.6545546	1
60738.9936295187	-165702248.66196203	1
60738.99372962079	-165702248.6072697	1
60738.99382979257	-165702248.61426252	1
60738.99392996424	-165702248.65798068	1
60738.99403010817	-165702248.70578313	1
60738.99413027543	-165702248.65927672	1
60738.99423043648	-165702248.68050975	1
60738.99433061964	-165702248.7027418	1
60738.99443081989	-165702248.6573233	1
60738.994530910895	-165702248.6838367	1
60738.99463112319	-165702248.7435295	1
60738.99473128753	-165702248.65976995	1
60738.99483142219	-165702248.68116462	1
60738.994931598296	-165702248.67311484	1
60738.99503177339	-165702248.71578187	1
60738.995131925665	-165702248.65100807	1
60738.99523208054	-165702248.65555412	1
60738.99533223466	-165702248.66687858	1
60738.99543239717	-165702248.6588742	1
60738.99553260277	-165702248.6687562	1
60738.995632741455	-165702248.68846714	1
60738.99573290665	-165702248.63564909	1
60738.9958330604	-165702248.69077682	1
60738.99593324288	-165702248.6138419	1
60738.99603339011	-165702248.66817534	1
60738.99613354886	-165702248.6701917	1
60738.996233723265	-165702248.66392547	1
60738.99633383765	-165702248.64214998	1
60738.996434149645	-165702248.64121836	1
60738.99653422479	-165702248.64097935	1
60738.99663439134	-165702248.6723947	1
60738.9967345413	-165702248.665801	1
60738.99683463735	-165702248.66940165	1
60738.99693489391	-165702248.6749373	1
60738.997035136286	-165702248.66273195	1
60738.997135198006	-165702248.6545459	1
60738.99723534652	-165702248.64833242	1
60738.997335526416	-165702248.64535993	1
60738.99743572532	-165702248.68399185	1
60738.997535870345	-165702248.68855155	1
60738.99763601969	-165702248.67990077	1
60738.99773620122	-165702248.65993744	1
60738.997836408314	-165702248.65756595	1
60738.99793651201	-165702248.6680073	1
60738.99803669187	-165702248.68093443	1
60738.99813682296	-165702248.66731912	1
60738.998237027416	-165702248.65747005	1
60738.99833711274	-165702248.66448885	1
60738.998437314985	-165702248.67073268	1
60738.998537519554	-165702248.6690145	1
60738.998637718745	-165702248.69033468	1
60738.998737858376	-165702248.68875998	1
60738.9988379529	-165702248.65568703	1
60738.99893815744	-165702248.62507224	1
60738.99903832868	-165702248.65112913	1
60738.99913849627	-165702248.65093708	1
60738.99923863664	-165702248.64649063	1
60738.99933882486	-165702248.61804444	1
60738.99943896658	-165702248.64315593	1
60738.99953916958	-165702248.67873532	1
60738.99963931795	-165702248.60553145	1
60738.999739524734	-165702248.6350273	1
60738.99983962238	-165702248.65505642	1
60738.99993977532	-165702248.59261847	1
60739.00003996283	-165702248.5994724	1
60739.000140164346	-165702248.5930658	1
60739.000240295994	-165702248.67809433	1
60739.000340469254	-165702248.69712526	1
60739.00044062216	-165702248.6984846	1
60739.00054071781	-165702248.71330017	1
60739.00064093559	-165702248.70938766	1
60739.00074107971	-165702248.71460688	1
60739.0008412781	-165702248.68244344	1
60739.00094143791	-165702248.6426592	1
60739.00104159544	-165702248.70564717	1
60739.001141796805	-165702248.6742342	1
60739.00124197443	-165702248.6926958	1
60739.00134212375	-165702248.70926303	1
60739.001442306304	-165702248.6620291	1
60739.00154242316	-165702248.61586797	1
60739.001642570955	-165702248.66114467	1
60739.00174277003	-165702248.64882052	1
60739.00184285433	-165702248.6592608	1
60739.0019430334	-165702248.64893997	1
60739.002043198016	-165702248.6295824	1
60739.00214339666	-165702248.65233195	1
60739.00224355982	-165702248.71920937	1
60739.002343710796	-165702248.64034176	1
60739.00244390866	-165702248.65592265	1
60739.00254408278	-165702248.66586602	1
60739.00264426585	-165702248.64694405	1
60739.002744434976	-165702248.60528255	1
60739.00284461831	-165702248.6217324	1
60739.00294484108	-165702248.62485224	1
60739.00304483484	-165702248.658755	1
60739.00314511788	-165702248.67369157	1
60739.003245296204	-165702248.63634568	1
60739.0033453709	-165702248.6193425	1
60739.003445531656	-165702248.58468932	1
60739.00354575073	-165702248.61205554	1
60739.00364588344	-165702248.62544787	1
60739.00374601642	-165702248.62751603	1
60739.00384629052	-165702248.63262028	1
60739.003946408826	-165702248.62638754	1
60739.004046557115	-165702248.60886794	1
60739.004146737316	-165702248.63146377	1
60739.00424687191	-165702248.61057562	1
60739.00434701275	-165702248.62591583	1
60739.0044471305	-165702248.59722424	1
60739.00454737206	-165702248.6036048	1
60739.00464763952	-165702248.6114887	1
60739.00474763766	-165702248.62872452	1
60739.00484779884	-165702248.64271754	1
60739.00494797031	-165702248.63179368	1
60739.00504817465	-165702248.6248116	1
60739.005148340715	-165702248.61655432	1
60739.005248559435	-165702248.61658543	1
60739.00534870937	-165702248.6615044	1
60739.005448894226	-165702248.66241634	1
60739.00554906432	-165702248.6451872	1
60739.005649139624	-165702248.60715264	1
60739.005749358555	-165702248.6101495	1
60739.00584945955	-165702248.63819087	1
60739.005949704806	-165702248.67124206	1
60739.006049823234	-165702248.63263553	1
60739.006150047055	-165702248.60505307	1
60739.00625014051	-165702248.62955558	1
60739.006350303345	-165702248.65918154	1
60739.006450462635	-165702248.58516395	1
60739.00655063681	-165702248.5592426	1
60739.006650784046	-165702248.59832537	1
60739.006751075125	-165702248.60299712	1
60739.00685114147	-165702248.56178737	1
60739.00695127898	-165702248.58827645	1
60739.00705151364	-165702248.6052671	1
60739.00715168055	-165702248.6019882	1
60739.00725176407	-165702248.60774392	1
60739.00735203098	-165702248.59827632	1
60739.007452147656	-165702248.6110918	1
60739.00755233265	-165702248.6271475	1
60739.007652470966	-165702248.5996284	1
60739.00775267872	-165702248.60561925	1
60739.007852854724	-165702248.64929426	1
60739.00795302654	-165702248.61317074	1
60739.00805310427	-165702248.56234384	1
60739.008153288225	-165702248.57839012	1
60739.00825362522	-165702248.60782033	1
60739.008353614365	-165702248.62911475	1
60739.008453838665	-165702248.60329038	1
60739.008554036125	-165702248.58733296	1
60739.008654089026	-165702248.61564326	1
60739.008754273455	-165702248.60043353	1
60739.00885437004	-165702248.6166488	1
60739.008954588746	-165702248.59200317	1
60739.00905474784	-165702248.6132074	1
60739.009154860345	-165702248.5859264	1
60739.009255077246	-165702248.62262267	1
60739.00935520379	-165702248.59368235	1
60739.009455386404	-165702248.58347923	1
60739.00955554103	-165702248.61385155	1
60739.00965578822	-165702248.67524022	1
60739.00975585255	-165702248.6186884	1
60739.00985602775	-165702248.64442158	1
60739.009956232236	-165702248.62827307	1
60739.01005643118	-165702248.63200837	1
60739.01015657743	-165702248.62418753	1
60739.01025668126	-165702248.5938577	1
60739.01035688319	-165702248.64740336	1
60739.010457007156	-165702248.67346114	1
60739.010557277885	-165702248.66440326	1
60739.01065740665	-165702248.63631666	1
60739.010757551885	-165702248.59667063	1
60739.01085773326	-165702248.6719404	1
60739.01095798211	-165702248.64442658	1
60739.0110580147	-165702248.66452628	1
60739.01115822471	-165702248.6648401	1
60739.011258369435	-165702248.60356826	1
60739.011358535856	-165702248.6545121	1
60739.011458648936	-165702248.62645036	1
60739.01155892589	-165702248.64623272	1
60739.01165908845	-165702248.6486382	1
60739.01175917473	-165702248.65460908	1
60739.01185938107	-165702248.64475107	1
60739.01195955263	-165702248.63161683	1
60739.012059690205	-165702248.58929652	1
60739.01215985752	-165702248.57679862	1
60739.01225999456	-165702248.59982407	1
60739.01236013643	-165702248.61376756	1
60739.012460436235	-165702248.6363353	1
60739.01256055019	-165702248.6535834	1
60739.01266068301	-165702248.65488994	1
60739.012760931786	-165702248.6165182	1
60739.0128610003	-165702248.6420008	1
60739.01296118122	-165702248.6685083	1
60739.013061392754	-165702248.6589824	1
60739.013161475035	-165702248.61631328	1
60739.01326165124	-165702248.60916156	1
60739.01336175809	-165702248.60793346	1
60739.0134619719	-165702248.60759085	1
60739.01356217544	-165702248.58179384	1
60739.01366230562	-165702248.5543998	1
60739.01376252157	-165702248.5533495	1
60739.01386260777	-165702248.6050805	1
60739.013962833735	-165702248.6204328	1
60739.01406297586	-165702248.6413839	1
60739.014163108484	-165702248.59352422	1
60739.01426334737	-165702248.62152725	1
60739.0143634203	-165702248.57448936	1
60739.014463620675	-165702248.5741372	1
60739.01456381751	-165702248.55243105	1
60739.01466391344	-165702248.57287687	1
60739.01476411783	-165702248.5772826	1
60739.01486429375	-165702248.5899185	1
60739.014964376925	-165702248.64508325	1
60739.01506466143	-165702248.64189374	1
60739.01516481335	-165702248.67196548	1
60739.015264933194	-165702248.66700912	1
60739.01536513022	-165702248.67368025	1
60739.01546527905	-165702248.68256903	1
60739.015565421396	-165702248.68721956	1
60739.015665580024	-165702248.6850646	1
60739.015765796	-165702248.6867972	1
60739.01586592923	-165702248.64152712	1
60739.01596612939	-165702248.64976847	1
60739.01606626634	-165702248.59640032	1
60739.01616633569	-165702248.6268893	1
60739.016266565035	-165702248.61635864	1
60739.01636669618	-165702248.61011165	1
60739.01646688817	-165702248.6079588	1
60739.01656714535	-165702248.64762264	1
60739.01666727412	-165702248.6090324	1
60739.01676735946	-165702248.6453398	1
60739.016867527884	-165702248.6317696	1
60739.016967751944	-165702248.6515147	1
60739.01706787929	-165702248.66690248	1
60739.017168056635	-165702248.64739203	1
60739.01726822152	-165702248.65882337	1
60739.0173684594	-165702248.6723047	1
60739.01746854004	-165702248.607476	1
60739.01756875407	-165702248.65034133	1
60739.017668977096	-165702248.6528558	1
60739.01776905326	-165702248.62948823	1
60739.01786924065	-165702248.62623382	1
60739.01796937107	-165702248.61425275	1
60739.0180695132	-165702248.63731515	1
60739.018169695846	-165702248.58036596	1
60739.01826994668	-165702248.6466853	1
60739.01837005408	-165702248.66944063	1
60739.018470157636	-165702248.6511156	1
60739.01857040927	-165702248.6387009	1
