# Frequency shift file for JILA Sr1 
# for 20250204_clock_lock#0.
# Processed Tue Feb  4 17:04:53 2025 (MT) 
# by Alexander Aeppli(alexander.aeppli@colorado.edu), William Warfield(william.warfield@colorado.edu) 
# ******Applied Corrections******
# point by point corrections: 
#  - servo 
#  - second order zeeman 
#  - density shift 
# DC corrections: 
#  - lattice light 
#  - DC Stark 
#  - BBR 
#  - background gas 
#  - redshift to S1B60V1 
# Total sytematic error (frac.) = ~1e-17
# No MASER corrections have been applied
# To calculate the strontium frequency: 
# f_sr = (N/M)*f_light + f_shift[Hz] 
# where N = 1716882, M = 777577, 
# and f_light is the frequency of the light leaving JILA. 
#### Additional Notes #### 
# nan
t_mjd	f_shift [Hz]	IS_GOOD
60710.77409432326	-165702337.54638928	1
60710.774207885224	-165702337.49136913	1
60710.77432137343	-165702337.50633562	1
60710.77443490261	-165702337.54652315	1
60710.77454838625	-165702337.5314728	1
60710.77466202083	-165702337.5510038	1
60710.77477552618	-165702337.5289305	1
60710.77488909533	-165702337.49993104	1
60710.77500268052	-165702337.50374216	1
60710.775116154626	-165702337.49677616	1
60710.77522970572	-165702337.48599982	1
60710.775343234134	-165702337.4924454	1
60710.77545683874	-165702337.50578123	1
60710.77557029518	-165702337.4665792	1
60710.77568384199	-165702337.4759606	1
60710.77579740927	-165702337.54559153	1
60710.77591099071	-165702337.53413504	1
60710.77602452297	-165702337.51632667	1
60710.77613803653	-165702337.51591223	1
60710.776251645104	-165702337.51962334	1
60710.77636509866	-165702337.53648293	1
60710.77647868547	-165702337.528269	1
60710.77659227008	-165702337.47091496	1
60710.776705715405	-165702337.4860106	1
60710.776819329476	-165702337.51704186	1
60710.77693281923	-165702337.50417197	1
60710.7770464751	-165702337.52125043	1
60710.77715988701	-165702337.51117915	1
60710.77727350456	-165702337.53204286	1
60710.77738703229	-165702337.53860217	1
60710.77750056483	-165702337.5265211	1
60710.77761406611	-165702337.54169106	1
60710.77772769253	-165702337.5358283	1
60710.77784115375	-165702337.55863428	1
60710.77795472315	-165702337.5649081	1
60710.77806829517	-165702337.49455726	1
60710.7785223767	-165702337.49808586	1
60710.77863596469	-165702337.51936567	1
60710.77874954797	-165702337.51488024	1
60710.77886312871	-165702337.5556178	1
60710.77897664425	-165702337.49751598	1
60710.77909018684	-165702337.48188615	1
60710.779203721846	-165702337.47805482	1
60710.77931720861	-165702337.530007	1
60710.779430841685	-165702337.54371715	1
60710.77954430308	-165702337.49205226	1
60710.77965789638	-165702337.5042721	1
60710.77977141641	-165702337.51639855	1
60710.77988488585	-165702337.54207432	1
60710.779998479105	-165702337.5480076	1
60710.780112033026	-165702337.50222927	1
60710.78022565115	-165702337.54313713	1
60710.780339101766	-165702337.5263989	1
60710.78045272144	-165702337.52970093	1
60710.78056622263	-165702337.54951262	1
60710.78067973685	-165702337.51170754	1
60710.780793296195	-165702337.53609163	1
60710.7809068819	-165702337.52710283	1
60710.78102033815	-165702337.52838194	1
60710.78113398615	-165702337.53301543	1
60710.78124748862	-165702337.5053057	1
60710.78136111407	-165702337.48378062	1
60710.78147458241	-165702337.5152678	1
60710.781588130536	-165702337.4882105	1
60710.78170170383	-165702337.5396198	1
60710.78181516801	-165702337.5303309	1
60710.78192878055	-165702337.47568184	1
60710.782042324536	-165702337.48924953	1
60710.78215578321	-165702337.45375037	1
60710.78226936685	-165702337.5201974	1
60710.782382899255	-165702337.50554895	1
60710.78249642398	-165702337.51910698	1
60710.78261001092	-165702337.52730852	1
60710.7827235635	-165702337.49072462	1
60710.78283707711	-165702337.48624712	1
60710.78295058872	-165702337.43298554	1
60710.78306420391	-165702337.4552936	1
60710.783177669044	-165702337.4735685	1
60710.78329122425	-165702337.4376477	1
60710.78340484519	-165702337.4479195	1
60710.783518364544	-165702337.4638993	1
60710.78363193526	-165702337.47278756	1
60710.78374541578	-165702337.48536855	1
60710.78385899248	-165702337.44817156	1
60710.78397247283	-165702337.42224872	1
60710.784086003994	-165702337.44380403	1
60710.78419955936	-165702337.46496278	1
60710.78431313573	-165702337.45454812	1
60710.784426707134	-165702337.48604107	1
60710.78454021751	-165702337.46249765	1
60710.78465381212	-165702337.44875354	1
60710.78476728822	-165702337.50388664	1
60710.78488082351	-165702337.50812405	1
60710.78499434429	-165702337.50367612	1
60710.78510790084	-165702337.52409726	1
60710.785221434875	-165702337.49284953	1
60710.78533510029	-165702337.5010003	1
60710.785448585426	-165702337.51263982	1
60710.78556206944	-165702337.51504624	1
60710.78567561779	-165702337.4599628	1
60710.78578926878	-165702337.481071	1
60710.78590280915	-165702337.52799267	1
60710.78601630038	-165702337.5308318	1
60710.78612984249	-165702337.49945402	1
60710.78624335563	-165702337.5367574	1
60710.786356929515	-165702337.50832105	1
60710.78647043424	-165702337.4996875	1
60710.786584048226	-165702337.55132145	1
60710.78669757781	-165702337.55067033	1
60710.78681107627	-165702337.54182506	1
60710.786924636144	-165702337.53036976	1
60710.78703818495	-165702337.4928139	1
60710.78715174826	-165702337.49949968	1
60710.78726525568	-165702337.51194763	1
60710.78737884344	-165702337.48014915	1
60710.787492377596	-165702337.4740728	1
60710.787605919795	-165702337.49933732	1
60710.787719475054	-165702337.50556725	1
60710.787832946924	-165702337.53755325	1
60710.78794649235	-165702337.5922187	1
60710.78806009553	-165702337.53557807	1
60710.78817359789	-165702337.5583002	1
60710.788287128715	-165702337.53187495	1
60710.788400687285	-165702337.55227655	1
60710.788514189655	-165702337.52491868	1
60710.78862776735	-165702337.5427249	1
60710.78874132708	-165702337.51990038	1
60710.78885483621	-165702337.47597504	1
60710.78896840578	-165702337.50415403	1
60710.789081944335	-165702337.49766254	1
60710.789195502024	-165702337.52064633	1
60710.78930899625	-165702337.48244458	1
60710.789422597256	-165702337.47633493	1
60710.78953615972	-165702337.49335897	1
60710.789649653176	-165702337.4879781	1
60710.78976324444	-165702337.5025158	1
60710.78987681365	-165702337.54030138	1
60710.78999030203	-165702337.53359795	1
60710.79010381825	-165702337.51377112	1
60710.790217338785	-165702337.51221424	1
60710.79033094711	-165702337.51710886	1
60710.7904444069	-165702337.5166968	1
60710.79055803228	-165702337.51902473	1
60710.79067151069	-165702337.5196793	1
60710.79078516244	-165702337.5214374	1
60710.790898613726	-165702337.54264337	1
60710.79101224817	-165702337.52170485	1
60710.79112571563	-165702337.54745388	1
60710.79123929706	-165702337.52815777	1
60710.79135281938	-165702337.51811755	1
60710.79146632059	-165702337.51852208	1
60710.79157995298	-165702337.50086176	1
60710.791693398874	-165702337.53855062	1
60710.79180700506	-165702337.50187182	1
60710.79192053953	-165702337.49309093	1
60710.79203403877	-165702337.50803578	1
60710.792147566	-165702337.4933281	1
60710.792261132716	-165702337.4900046	1
60710.79237461875	-165702337.50946206	1
60710.79248824958	-165702337.5163116	1
60710.7926017686	-165702337.53039664	1
60710.792715317075	-165702337.553451	1
60710.79282889922	-165702337.55824095	1
60710.79294242885	-165702337.53149033	1
60710.79305587455	-165702337.55770373	1
60710.79316945234	-165702337.53330857	1
60710.793283063125	-165702337.50869924	1
60710.7933965729	-165702337.48154318	1
60710.79351015878	-165702337.5068692	1
60710.7936236296	-165702337.48398584	1
60710.793737224434	-165702337.51827002	1
60710.79385076118	-165702337.47563243	1
60710.793964291006	-165702337.51724267	1
60710.79407788906	-165702337.5692553	1
60710.79419135381	-165702337.59028703	1
60710.79430491553	-165702337.54363364	1
60710.794418491896	-165702337.60089248	1
60710.79453202282	-165702337.55542403	1
60710.794645547125	-165702337.5368715	1
60710.794759021795	-165702337.5057091	1
60710.79487258504	-165702337.47253573	1
60710.794986181136	-165702337.4781373	1
60710.79509970441	-165702337.51193976	1
60710.795213273996	-165702337.53599	1
60710.79532676362	-165702337.54285938	1
60710.79544038752	-165702337.53336012	1
60710.79555397502	-165702337.54134703	1
60710.79566744446	-165702337.54528123	1
60710.795780982044	-165702337.51146907	1
60710.79589444142	-165702337.55868852	1
60710.79600808756	-165702337.50323534	1
60710.7961215621	-165702337.51395947	1
60710.7962352133	-165702337.5538844	1
60710.796348710166	-165702337.52058846	1
60710.79646221513	-165702337.51328057	1
60710.796575803164	-165702337.52757388	1
60710.796689345116	-165702337.5183828	1
60710.796802807075	-165702337.5222342	1
60710.79691646941	-165702337.48994958	1
60710.79702992106	-165702337.53039134	1
60710.79714353948	-165702337.49596304	1
60710.797257084865	-165702337.47867376	1
60710.79737052017	-165702337.49141788	1
60710.79748406863	-165702337.50202316	1
60710.79759761156	-165702337.47064155	1
60710.79771119846	-165702337.4725029	1
60710.7978246821	-165702337.49922758	1
60710.79793829906	-165702337.47894192	1
60710.79805178884	-165702337.48764205	1
60710.798165349435	-165702337.51776773	1
60710.798278987364	-165702337.55332834	1
60710.79839242221	-165702337.525878	1
60710.79850608894	-165702337.53993422	1
60710.79861958958	-165702337.51362205	1
60710.798733102	-165702337.45870495	1
60710.79884662853	-165702337.53398824	1
60710.79896019823	-165702337.5265174	1
60710.79907367649	-165702337.50116932	1
60710.79918726141	-165702337.5002417	1
60710.79930073863	-165702337.4843247	1
60710.79941431071	-165702337.49533105	1
60710.79952786838	-165702337.48568243	1
60710.799641457	-165702337.48469716	1
60710.799754925094	-165702337.51515484	1
60710.79986849813	-165702337.47807544	1
60710.79998207168	-165702337.48383397	1
60710.800095642284	-165702337.49706447	1
60710.8002091228	-165702337.4903543	1
60710.80032270616	-165702337.50126314	1
60710.800436279584	-165702337.51165766	1
60710.8005497784	-165702337.49969763	1
60710.80066332065	-165702337.50007522	1
60710.800776888114	-165702337.51669693	1
60710.8008903287	-165702337.48591453	1
60710.80100394685	-165702337.5004226	1
60710.80111747975	-165702337.5047568	1
60710.80123103887	-165702337.49916804	1
60710.80134456748	-165702337.4611143	1
60710.801458159665	-165702337.4667977	1
60710.80157165115	-165702337.4661634	1
60710.80168522343	-165702337.4743204	1
60710.80179875913	-165702337.44320178	1
60710.80191227021	-165702337.4724666	1
60710.802025871126	-165702337.46129096	1
60710.8021394464	-165702337.45853275	1
60710.80225288768	-165702337.51067477	1
60710.8023664877	-165702337.5029723	1
60710.802480038794	-165702337.52373713	1
60710.80259350562	-165702337.55675507	1
60710.802707085204	-165702337.51893514	1
60710.80282059712	-165702337.47450727	1
60710.80293413034	-165702337.50951385	1
60710.803047747446	-165702337.500019	1
60710.80316122347	-165702337.5125267	1
60710.803274711296	-165702337.5050341	1
60710.80338835416	-165702337.52206457	1
60710.803501856906	-165702337.4792983	1
60710.803615481585	-165702337.45568818	1
60710.803728928215	-165702337.4858628	1
60710.80384252936	-165702337.50106144	1
60710.80395612718	-165702337.50309706	1
60710.80406952991	-165702337.5062247	1
60710.80418313534	-165702337.50426275	1
60710.80429667377	-165702337.50606525	1
60710.80441022668	-165702337.5145452	1
60710.80452369441	-165702337.5131806	1
60710.80463730297	-165702337.515935	1
60710.80475085214	-165702337.49745363	1
60710.804864372956	-165702337.51961625	1
60710.80497798218	-165702337.51676625	1
60710.80509148837	-165702337.50981075	1
60710.80520503575	-165702337.45536375	1
60710.80531855998	-165702337.50612473	1
60710.80543212868	-165702337.4458964	1
60710.80554559207	-165702337.4588229	1
60710.80565914196	-165702337.5008381	1
60710.805772771404	-165702337.4466266	1
60710.80588627027	-165702337.4444282	1
60710.80599980836	-165702337.4890501	1
60710.8064539974	-165702337.5291779	1
60710.80656754997	-165702337.52452236	1
60710.80668110871	-165702337.50901204	1
60710.80679460853	-165702337.4807797	1
60710.80690815859	-165702337.47784114	1
60710.8070216702	-165702337.48746336	1
60710.80713525181	-165702337.52434498	1
60710.807248844394	-165702337.5268777	1
60710.80736236943	-165702337.5098139	1
60710.80747593478	-165702337.5439809	1
60710.80758944315	-165702337.55172396	1
60710.807703002974	-165702337.53780323	1
60710.80781652748	-165702337.51766378	1
60710.807930024086	-165702337.50809252	1
60710.808043596924	-165702337.5191506	1
60710.808157100786	-165702337.53051996	1
60710.80827069919	-165702337.5126785	1
60710.808384257725	-165702337.5354547	1
60710.80849770622	-165702337.49030757	1
60710.80861128883	-165702337.50761008	1
60710.80872481633	-165702337.53610265	1
60710.80883836636	-165702337.5369872	1
60710.808951963234	-165702337.50445992	1
60710.8090655314	-165702337.48405385	1
60710.80917898939	-165702337.52393663	1
60710.80929265763	-165702337.53973895	1
60710.80940611472	-165702337.49451488	1
60710.80951971559	-165702337.52306998	1
60710.80963318956	-165702337.48749632	1
60710.80974673128	-165702337.49582148	1
60710.80986025801	-165702337.48403168	1
60710.80997377113	-165702337.47712958	1
60710.81008732947	-165702337.48956305	1
60710.810200889624	-165702337.4893087	1
60710.81031452957	-165702337.49420953	1
60710.81042799316	-165702337.4937058	1
60710.81054159738	-165702337.50264078	1
60710.81065512559	-165702337.50322562	1
60710.81076855447	-165702337.53611964	1
60710.81088222555	-165702337.5358016	1
60710.81099578241	-165702337.55753738	1
60710.81110923499	-165702337.5571736	1
60710.8112228215	-165702337.52868223	1
60710.81133633975	-165702337.5414188	1
60710.81144986627	-165702337.52442747	1
60710.811563452946	-165702337.48539305	1
60710.811676936995	-165702337.4903428	1
60710.81179049149	-165702337.45065933	1
60710.81190405404	-165702337.4411006	1
60710.8120175848	-165702337.47607106	1
60710.81213117673	-165702337.4493876	1
60710.81224468389	-165702337.44650966	1
60710.81235825688	-165702337.43191254	1
60710.812471760124	-165702337.4248932	1
60710.81258532411	-165702337.47297496	1
60710.812698870635	-165702337.4688477	1
60710.81281236512	-165702337.44864273	1
60710.81292588056	-165702337.4361748	1
60710.813039418805	-165702337.4360112	1
60710.81315297886	-165702337.46408176	1
60710.81326650562	-165702337.50722128	1
60710.81338015474	-165702337.49665046	1
60710.8134937034	-165702337.5102715	1
60710.8136071766	-165702337.49920684	1
60710.81372074279	-165702337.46144336	1
60710.81383425491	-165702337.4632541	1
60710.81394779226	-165702337.45778364	1
60710.81406136708	-165702337.51032954	1
60710.814174963736	-165702337.48931122	1
60710.8142883712	-165702337.49050957	1
60710.814402026415	-165702337.4789166	1
60710.814515524435	-165702337.46360958	1
60710.814629123044	-165702337.47926998	1
60710.81474263356	-165702337.49244237	1
60710.81485609357	-165702337.4698975	1
60710.81496966952	-165702337.51165307	1
60710.81508330661	-165702337.50958693	1
60710.815196757794	-165702337.50615126	1
60710.81531037409	-165702337.50085348	1
60710.81542393359	-165702337.47496003	1
60710.815537513176	-165702337.53744417	1
60710.815651013516	-165702337.51542205	1
60710.81576443204	-165702337.5015002	1
60710.815878050016	-165702337.49561352	1
60710.81599155328	-165702337.54582107	1
60710.816105090984	-165702337.56617206	1
60710.816218728636	-165702337.5523944	1
60710.81633232787	-165702337.48704845	1
60710.8164457032	-165702337.48926443	1
60710.816559295854	-165702337.50171322	1
60710.81667280688	-165702337.5097462	1
60710.81678633168	-165702337.51999295	1
60710.81689999568	-165702337.50856608	1
60710.81701347196	-165702337.4993624	1
60710.8171270223	-165702337.51374048	1
60710.81724055147	-165702337.57093406	1
60710.81735414379	-165702337.553608	1
60710.8174676801	-165702337.52203065	1
60710.81758111081	-165702337.48867917	1
60710.81769478143	-165702337.51035005	1
60710.81780822523	-165702337.47281367	1
60710.817921791706	-165702337.48602784	1
60710.81803537565	-165702337.4501754	1
60710.81814892618	-165702337.47762734	1
60710.81826239348	-165702337.467094	1
60710.818376022326	-165702337.42014647	1
60710.81848953855	-165702337.44168347	1
60710.81883022192	-165702337.49951774	1
60710.818943676095	-165702337.5002665	1
60710.819057275134	-165702337.45123714	1
60710.81917078638	-165702337.42643613	1
60710.8192843275	-165702337.45407933	1
60710.81939786179	-165702337.4306606	1
60710.81951136492	-165702337.4425407	1
60710.819624975964	-165702337.4390623	1
60710.81973853461	-165702337.43871248	1
60710.81985204214	-165702337.43855768	1
60710.81996562267	-165702337.46436554	1
60710.820079160185	-165702337.46975726	1
60710.82019272961	-165702337.44851553	1
60710.820306215384	-165702337.43811518	1
60710.82041975776	-165702337.43327284	1
60710.820533351514	-165702337.4297377	1
60710.82064689258	-165702337.45624417	1
60710.820760413124	-165702337.46074826	1
60710.82087386074	-165702337.41954887	1
60710.82098754556	-165702337.41415048	1
60710.82110103966	-165702337.42779928	1
60710.8212146046	-165702337.42202562	1
60710.82132813116	-165702337.40085542	1
60710.82144161629	-165702337.4281178	1
60710.82155522869	-165702337.42967546	1
60710.82166875313	-165702337.44210452	1
60710.8217822993	-165702337.4073372	1
60710.821895792826	-165702337.42410028	1
60710.82200930169	-165702337.414918	1
60710.82212289164	-165702337.40467	1
60710.82223647041	-165702337.4336375	1
60710.822350034774	-165702337.40363556	1
60710.822463590266	-165702337.41157377	1
60710.82257706943	-165702337.4185028	1
60710.822690646586	-165702337.41275084	1
60710.82280424083	-165702337.44430166	1
60710.822917740734	-165702337.41371965	1
60710.823031228676	-165702337.37495655	1
60710.82314478688	-165702337.3709252	1
60710.823258367425	-165702337.37088883	1
60710.82337184575	-165702337.393977	1
60710.823485504196	-165702337.4055978	1
60710.82359902363	-165702337.4220512	1
60710.82371252461	-165702337.3996337	1
60710.82382599081	-165702337.43444312	1
60710.823939587695	-165702337.42394298	1
60710.824053116005	-165702337.3839907	1
60710.824166645165	-165702337.4210354	1
60710.824280170564	-165702337.38824332	1
60710.824393788236	-165702337.39291286	1
60710.82450730752	-165702337.38526326	1
60710.824620860745	-165702337.3811158	1
60710.824734465765	-165702337.37887096	1
60710.82484788169	-165702337.39015883	1
60710.824961493316	-165702337.43070936	1
60710.825075036686	-165702337.43010837	1
60710.82518860546	-165702337.4059025	1
60710.82530213054	-165702337.3815779	1
60710.82541569017	-165702337.38777852	1
60710.8255291489	-165702337.40342003	1
60710.82564271871	-165702337.36288035	1
60710.82575623805	-165702337.39688545	1
60710.825869814726	-165702337.41814303	1
60710.82598334978	-165702337.37617892	1
60710.82609690308	-165702337.40694827	1
60710.82621048323	-165702337.38509464	1
60710.82632403022	-165702337.40571898	1
60710.826437585674	-165702337.4194656	1
60710.826551009704	-165702337.4376213	1
60710.826664698005	-165702337.4806282	1
60710.826778149356	-165702337.45915967	1
60710.826891655066	-165702337.41695422	1
60710.82700529991	-165702337.43625474	1
60710.82711877507	-165702337.39121842	1
60710.827232349155	-165702337.38258135	1
60710.82734583404	-165702337.37192816	1
60710.827459444765	-165702337.36040515	1
60710.82757289243	-165702337.4308254	1
60710.82768648662	-165702337.46938455	1
60710.827800115614	-165702337.40272397	1
60710.827913618814	-165702337.42058605	1
60710.82802711352	-165702337.43452334	1
60710.82814070662	-165702337.39749986	1
60710.82825422237	-165702337.42432898	1
60710.82836783763	-165702337.43531698	1
60710.828481319506	-165702337.4184929	1
60710.82859492363	-165702337.413154	1
60710.828708394285	-165702337.41850168	1
60710.828821998766	-165702337.4387409	1
60710.82893549112	-165702337.4244128	1
60710.82904900815	-165702337.4064899	1
60710.82916251672	-165702337.4535827	1
60710.82927610033	-165702337.46888977	1
60710.829389664555	-165702337.4139498	1
60710.82950317409	-165702337.45782822	1
60710.82961673302	-165702337.40194958	1
60710.829730325146	-165702337.39488822	1
60710.829843765016	-165702337.42946184	1
60710.82995741319	-165702337.4366694	1
60710.83007094591	-165702337.39184856	1
60710.8301844769	-165702337.39962935	1
60710.83029803599	-165702337.42158026	1
60710.830411517374	-165702337.42366916	1
60710.83052504523	-165702337.4127329	1
60710.83063865774	-165702337.38988382	1
60710.83075214076	-165702337.41587025	1
60710.83086575586	-165702337.39033914	1
60710.83097924329	-165702337.38334864	1
60710.83109280285	-165702337.37904942	1
60710.831206308336	-165702337.45245844	1
60710.83131985467	-165702337.46719778	1
60710.831433446154	-165702337.43978518	1
60710.831546952184	-165702337.45967174	1
60710.83166059617	-165702337.45744866	1
60710.83177404393	-165702337.42768747	1
60710.83188762642	-165702337.4081872	1
60710.832001141054	-165702337.43598634	1
60710.832114680365	-165702337.43143755	1
60710.83222820936	-165702337.4236406	1
60710.83234172268	-165702337.44517082	1
60710.832455366275	-165702337.45097202	1
60710.8325688666	-165702337.4314884	1
60710.83268239734	-165702337.42187655	1
60710.83279601244	-165702337.3676619	1
60710.83290939571	-165702337.41897196	1
60710.83302308052	-165702337.45635772	1
60710.83313659865	-165702337.43623698	1
60710.833250098585	-165702337.46119684	1
60710.83336362599	-165702337.42898792	1
60710.83347731455	-165702337.4263757	1
60710.833590732145	-165702337.3998639	1
60710.83370430178	-165702337.4103014	1
60710.83381788633	-165702337.4644904	1
60710.8339313656	-165702337.45713025	1
60710.83404491502	-165702337.46020818	1
60710.83415846203	-165702337.48266226	1
60710.83461264909	-165702337.36504602	1
60710.8347262161	-165702337.42761976	1
60710.83483970906	-165702337.40332812	1
60710.83495321254	-165702337.40938944	1
60710.83506671269	-165702337.4401604	1
60710.8351803557	-165702337.4418221	1
60710.835293899814	-165702337.39964515	1
60710.835407387516	-165702337.42116576	1
60710.835520977496	-165702337.42194253	1
60710.835634516996	-165702337.40350753	1
60710.83574801497	-165702337.46698952	1
60710.83586158892	-165702337.4218796	1
60710.83597517521	-165702337.4241482	1
60710.836088618205	-165702337.45922345	1
60710.83620219852	-165702337.4221446	1
60710.836315776214	-165702337.4059105	1
60710.83642934914	-165702337.43583417	1
60710.83654287758	-165702337.40607846	1
60710.8366564567	-165702337.46344405	1
60710.83676992718	-165702337.45	1
60710.83688341873	-165702337.39333117	1
60710.83699703307	-165702337.410739	1
60710.83711063554	-165702337.42876756	1
60710.837224131756	-165702337.38272107	1
60710.83733765191	-165702337.3781426	1
60710.83745116231	-165702337.40915978	1
60710.837564745234	-165702337.4220813	1
60710.83767824754	-165702337.45940244	1
60710.83779183013	-165702337.47626513	1
60710.83790541698	-165702337.44025975	1
60710.83801890415	-165702337.45317608	1
60710.83813244963	-165702337.48758066	1
60710.83824600036	-165702337.50104958	1
60710.83835948637	-165702337.47945195	1
60710.83847305872	-165702337.44205123	1
60710.83858663998	-165702337.4478454	1
60710.838700197724	-165702337.4878329	1
60710.838813700844	-165702337.46474475	1
60710.83892734591	-165702337.48412257	1
60710.83904070762	-165702337.4382999	1
60710.83915427259	-165702337.4853446	1
60710.83926789556	-165702337.43767834	1
60710.83938137894	-165702337.3987525	1
60710.83949495183	-165702337.44776422	1
60710.83960847909	-165702337.47040713	1
60710.83972207822	-165702337.4910394	1
60710.83983559286	-165702337.48009253	1
60710.839949185785	-165702337.45038533	1
60710.84006267203	-165702337.46147376	1
60710.84017619441	-165702337.45584673	1
60710.840289756314	-165702337.43481588	1
60710.840403339964	-165702337.40997583	1
60710.84051691487	-165702337.44890362	1
60710.84063040419	-165702337.47853535	1
60710.84074396272	-165702337.4940707	1
60710.84085746745	-165702337.4546399	1
60710.84097101734	-165702337.45390666	1
60710.84108462196	-165702337.42928308	1
60710.841198091875	-165702337.41366225	1
60710.84131173929	-165702337.47072196	1
60710.841425178114	-165702337.4685979	1
60710.84153871547	-165702337.43839073	1
60710.841652305986	-165702337.3942176	1
60710.841765849895	-165702337.39660805	1
60710.84187934588	-165702337.36704504	1
60710.84199296354	-165702337.37370533	1
60710.842106374716	-165702337.3565532	1
60710.84221996989	-165702337.3821736	1
60710.84233345787	-165702337.37579268	1
60710.84244706986	-165702337.39445078	1
60710.84256059336	-165702337.4281988	1
60710.84267413191	-165702337.3898334	1
60710.84278772575	-165702337.35788363	1
60710.84290129578	-165702337.37940317	1
60710.843014802034	-165702337.38893646	1
60710.84312831574	-165702337.42092544	1
60710.843241839815	-165702337.45354426	1
60710.84335543762	-165702337.38711596	1
60710.8434689374	-165702337.36837053	1
60710.843582564674	-165702337.37525803	1
60710.84369604539	-165702337.40867424	1
60710.843809544924	-165702337.3851577	1
60710.84392311004	-165702337.38934892	1
60710.84403670098	-165702337.39103013	1
60710.84415019829	-165702337.37235582	1
60710.84426383424	-165702337.41298527	1
60710.844377323134	-165702337.40324068	1
60710.84449087258	-165702337.38598305	1
60710.84460438643	-165702337.3798402	1
60710.84471796944	-165702337.44680744	1
60710.84483149758	-165702337.39585727	1
60710.84494500461	-165702337.4146939	1
60710.845058568026	-165702337.41178352	1
60710.84517208005	-165702337.38878208	1
60710.84528566417	-165702337.3811279	1
60710.84539918144	-165702337.3598984	1
60710.84551283625	-165702337.34496248	1
60710.845626253555	-165702337.36147767	1
60710.84573988057	-165702337.3666486	1
60710.84585334011	-165702337.38432884	1
60710.84596683618	-165702337.35247272	1
60710.84608048577	-165702337.39448655	1
60710.84619402743	-165702337.37462342	1
60710.846307547676	-165702337.3577584	1
60710.846421088245	-165702337.34881955	1
60710.84653462532	-165702337.36230487	1
60710.846648225386	-165702337.34440398	1
60710.84676164402	-165702337.37272125	1
60710.846875286144	-165702337.3572998	1
60710.846988746925	-165702337.348333	1
60710.847102283486	-165702337.3602925	1
60710.84721589917	-165702337.32129496	1
60710.847329418415	-165702337.30796093	1
60710.84744295814	-165702337.34959084	1
60710.84755651474	-165702337.36487842	1
60710.84767005084	-165702337.3783189	1
60710.847783706646	-165702337.4065917	1
60710.847897081825	-165702337.41917092	1
60710.84801070641	-165702337.37360978	1
60710.84812427007	-165702337.37726068	1
60710.84823783238	-165702337.37521285	1
60710.848351331864	-165702337.3656938	1
60710.84846487209	-165702337.32550824	1
60710.84857842508	-165702337.35905433	1
60710.84869192695	-165702337.32862163	1
60710.848805535206	-165702337.39668834	1
60710.848919021046	-165702337.35478657	1
60710.849032463484	-165702337.34036618	1
60710.84914609384	-165702337.34154576	1
60710.849259691364	-165702337.35512698	1
60710.84937317552	-165702337.40090597	1
60710.84948676554	-165702337.37942296	1
60710.849600305344	-165702337.38380075	1
60710.8497138958	-165702337.36130106	1
60710.849827424696	-165702337.36639708	1
60710.84994093473	-165702337.3633507	1
60710.85005451558	-165702337.39750248	1
60710.850167995	-165702337.42334777	1
60710.850281576415	-165702337.38923645	1
60710.85039504855	-165702337.37162066	1
60710.85050853341	-165702337.31677973	1
60710.85062223834	-165702337.33226675	1
60710.850735730186	-165702337.30717123	1
60710.85084923668	-165702337.2762919	1
60710.85096289147	-165702337.3403144	1
60710.85107652488	-165702337.31581026	1
60710.85118988767	-165702337.30525255	1
60710.85130343258	-165702337.3127193	1
60710.85141701866	-165702337.28922677	1
60710.85153050557	-165702337.33389205	1
60710.851644038026	-165702337.31526625	1
60710.851757593045	-165702337.38211238	1
60710.85187115165	-165702337.39652252	1
60710.85198464203	-165702337.3661092	1
60710.85209817249	-165702337.38955772	1
60710.85221176248	-165702337.38445127	1
60710.85232530849	-165702337.40402055	1
60710.852438851834	-165702337.4371429	1
60710.85255234815	-165702337.41221094	1
60710.852665892584	-165702337.40919995	1
60710.8527794949	-165702337.4097622	1
60710.85289307916	-165702337.36524266	1
60710.85300663413	-165702337.36252415	1
60710.853120128806	-165702337.35839093	1
60710.85323366769	-165702337.37916815	1
60710.853347244396	-165702337.37858915	1
60710.85346069633	-165702337.3578148	1
60710.85357426156	-165702337.418423	1
60710.853687831506	-165702337.403221	1
60710.85380138321	-165702337.36045706	1
60710.853914920626	-165702337.368047	1
60710.85402850126	-165702337.3690862	1
60710.85414200235	-165702337.37926298	1
60710.854255514685	-165702337.3928954	1
60710.85436901761	-165702337.40017778	1
60710.85448265132	-165702337.42596066	1
60710.85459612493	-165702337.3806401	1
60710.854709696585	-165702337.37501717	1
60710.8548233467	-165702337.40236205	1
60710.85493679708	-165702337.39373565	1
60710.85505035833	-165702337.409173	1
60710.85516393545	-165702337.36608177	1
60710.85527739956	-165702337.36170125	1
60710.85539092	-165702337.335397	1
60710.855504534855	-165702337.35415816	1
60710.85561813411	-165702337.3740179	1
60710.85573159081	-165702337.38069046	1
60710.855845213795	-165702337.3269428	1
60710.855958733024	-165702337.38497412	1
60710.856072236915	-165702337.36709338	1
60710.85618578548	-165702337.3167451	1
60710.8562994025	-165702337.35053188	1
60710.85641285494	-165702337.35720485	1
60710.856526308	-165702337.35567683	1
60710.85663996695	-165702337.32393706	1
60710.856753514476	-165702337.3466068	1
60710.85686703534	-165702337.3790561	1
60710.856980565644	-165702337.35879165	1
60710.85709423691	-165702337.36200392	1
60710.85720767785	-165702337.35016412	1
60710.85732120329	-165702337.37957633	1
60710.857434671474	-165702337.38997686	1
60710.857548189924	-165702337.33929157	1
60710.85766183128	-165702337.3712942	1
60710.85777530239	-165702337.36341715	1
60710.857888867366	-165702337.36837482	1
60710.85800245851	-165702337.34615368	1
60710.858116004085	-165702337.3700608	1
60710.85822950572	-165702337.35286832	1
60710.85834306177	-165702337.3233325	1
60710.85845657819	-165702337.30725223	1
60710.85857016018	-165702337.36922228	1
60710.85868371879	-165702337.3462826	1
60710.858797218185	-165702337.37983036	1
60710.8589107375	-165702337.38391858	1
60710.85902430292	-165702337.35485572	1
60710.85913788004	-165702337.35216665	1
60710.85925140825	-165702337.35376507	1
60710.85936496965	-165702337.33119047	1
60710.859478507955	-165702337.3651588	1
60710.85959197295	-165702337.3812852	1
60710.85970563571	-165702337.41086596	1
60710.85981915375	-165702337.39309007	1
60710.85993270947	-165702337.36340332	1
60710.86004623553	-165702337.36725783	1
60710.86015974664	-165702337.40274912	1
60710.86027325873	-165702337.3914367	1
60710.860386831606	-165702337.37489694	1
60710.86050034027	-165702337.3516184	1
60710.86061393955	-165702337.33597487	1
60710.86072755693	-165702337.35646272	1
60710.86084104194	-165702337.3535958	1
60710.86095457234	-165702337.36393207	1
60710.8610681171	-165702337.38935596	1
60710.861181613116	-165702337.38923824	1
60710.861295152274	-165702337.34997123	1
60710.86140870016	-165702337.39117092	1
60710.86152230214	-165702337.36994207	1
60710.86163578965	-165702337.39520365	1
60710.861749315554	-165702337.35268772	1
60710.861862965765	-165702337.34761912	1
60710.861976487446	-165702337.3458388	1
60710.86209001832	-165702337.31418878	1
60710.862203506855	-165702337.34882158	1
60710.86231704786	-165702337.36199683	1
60710.86243064935	-165702337.3760453	1
60710.86254407959	-165702337.36165416	1
60710.86265768762	-165702337.37637854	1
60710.862771291955	-165702337.3617398	1
60710.86288483005	-165702337.3443159	1
60710.86299835137	-165702337.35530847	1
60710.86311187986	-165702337.38960338	1
60710.86322541286	-165702337.3492353	1
60710.86333900675	-165702337.36041456	1
60710.86345244686	-165702337.3372904	1
60710.86356606222	-165702337.3583573	1
60710.86367958524	-165702337.36958116	1
60710.863793178345	-165702337.3522129	1
60710.863906647326	-165702337.3261655	1
60710.86402021925	-165702337.34301984	1
60710.86413372001	-165702337.31826413	1
60710.8642472869	-165702337.34332502	1
60710.86436086232	-165702337.33561325	1
60710.8644744335	-165702337.3067267	1
60710.86458790885	-165702337.3517595	1
60710.86470149554	-165702337.35199344	1
60710.86481496167	-165702337.31840485	1
60710.86492859494	-165702337.34196275	1
60710.86504208638	-165702337.3212847	1
60710.86515561432	-165702337.37608886	1
60710.86526917471	-165702337.37006974	1
60710.865382709286	-165702337.3511858	1
60710.8654962609	-165702337.33694667	1
60710.86560981193	-165702337.350017	1
60710.86572332763	-165702337.34253037	1
60710.865836879704	-165702337.37436324	1
60710.86595048576	-165702337.3240819	1
60710.866064014386	-165702337.3169104	1
60710.86617751218	-165702337.32530695	1
60710.86629111948	-165702337.34663022	1
60710.86640461062	-165702337.3345145	1
60710.86651812276	-165702337.3685339	1
60710.8666316462	-165702337.327493	1
60710.86674527024	-165702337.34953463	1
60710.86685882574	-165702337.3916614	1
60710.866972370284	-165702337.3995635	1
60710.86708581083	-165702337.38497072	1
60710.867199382716	-165702337.4067809	1
60710.867312946	-165702337.40288347	1
60710.86742648452	-165702337.3922481	1
60710.867540044455	-165702337.32952005	1
60710.867653573485	-165702337.30829388	1
60710.86776713853	-165702337.3460303	1
60710.86788072574	-165702337.35659933	1
60710.86799426294	-165702337.3925674	1
60710.86810771613	-165702337.3516544	1
60710.86822123161	-165702337.3366421	1
60710.86833484771	-165702337.37925285	1
60710.86844839734	-165702337.38732326	1
60710.868561928946	-165702337.34811038	1
60710.86867545238	-165702337.33866	1
60710.86878897605	-165702337.3247583	1
60710.86890251207	-165702337.34302992	1
60710.86901611434	-165702337.33940494	1
60710.869129627776	-165702337.35271525	1
60710.869243187546	-165702337.30517447	1
60710.869356828254	-165702337.35228527	1
60710.86947023234	-165702337.35379183	1
60710.86958387754	-165702337.31849205	1
60710.869697350754	-165702337.34301573	1
60710.86981093155	-165702337.37301272	1
60710.86992439888	-165702337.37076706	1
60710.87003798691	-165702337.34104383	1
60710.87015150305	-165702337.34653938	1
60710.87026504841	-165702337.3317253	1
60710.870378564774	-165702337.31474268	1
60710.870492130845	-165702337.32744128	1
60710.87060569014	-165702337.3131814	1
60710.87071923352	-165702337.33638918	1
60710.87083272424	-165702337.31787986	1
60710.87094636804	-165702337.31247336	1
60710.87105988777	-165702337.32181686	1
60710.87117337905	-165702337.30835336	1
60710.87128693404	-165702337.2890464	1
60710.871400464406	-165702337.29436338	1
60710.871514089886	-165702337.32056862	1
60710.87162758144	-165702337.36472404	1
60710.871741083974	-165702337.34083062	1
60710.87185467789	-165702337.3520115	1
60710.8719682343	-165702337.37700248	1
60710.87208181281	-165702337.3574987	1
60710.87219529716	-165702337.3299492	1
60710.872308820704	-165702337.3127988	1
60710.87242230969	-165702337.32512212	1
60710.87253594417	-165702337.36018068	1
60710.87264948781	-165702337.35128558	1
60710.87276302622	-165702337.38257873	1
60710.8728765876	-165702337.36170125	1
60710.87299005814	-165702337.41326094	1
60710.87310360166	-165702337.3768071	1
60710.87321727562	-165702337.41287422	1
60710.87333072299	-165702337.36352783	1
60710.8734443071	-165702337.3434121	1
60710.873557844956	-165702337.33367765	1
60710.873671397676	-165702337.29723787	1
60710.87378495454	-165702337.34353566	1
60710.87389846471	-165702337.33756113	1
60710.87401195383	-165702337.33016104	1
60710.874125497605	-165702337.3326416	1
60710.874239068806	-165702337.31111014	1
60710.8743526256	-165702337.3722871	1
60710.87446617189	-165702337.37702227	1
60710.87457969452	-165702337.35447508	1
60710.87469325311	-165702337.34598595	1
60710.87480680691	-165702337.34202057	1
60710.874920316266	-165702337.35961002	1
60710.87503381198	-165702337.35991555	1
60710.87514739451	-165702337.34865302	1
60710.87526092435	-165702337.2996918	1
60710.875374468116	-165702337.319785	1
60710.87548805238	-165702337.3766685	1
60710.87560160771	-165702337.35395658	1
60710.8757150944	-165702337.35258132	1
60710.87582874797	-165702337.34635156	1
60710.87594213398	-165702337.33635616	1
60710.87605572303	-165702337.32974797	1
60710.876169306815	-165702337.31619197	1
60710.876282853824	-165702337.327228	1
60710.87639633152	-165702337.3349042	1
60710.87650988796	-165702337.3663022	1
60710.87662341837	-165702337.34957087	1
60710.87673701126	-165702337.30746996	1
60710.87685056948	-165702337.364896	1
60710.87696411118	-165702337.34868783	1
60710.87707761484	-165702337.3139174	1
60710.877191194166	-165702337.30342996	1
60710.877304692076	-165702337.31939608	1
60710.877418230484	-165702337.33118677	1
60710.877531779464	-165702337.29487962	1
60710.87764529174	-165702337.30469215	1
60710.87775882501	-165702337.345998	1
60710.87787239099	-165702337.32090598	1
60710.87798594858	-165702337.33868444	1
60710.87809955962	-165702337.3619703	1
60710.87821311476	-165702337.35800856	1
60710.878326532526	-165702337.33598435	1
60710.8784401257	-165702337.3376878	1
60710.878553676805	-165702337.3181674	1
60710.87866725944	-165702337.3100316	1
60710.87878076692	-165702337.3185054	1
60710.87889434669	-165702337.31617868	1
60710.87900789137	-165702337.28496283	1
60710.879121434606	-165702337.30381697	1
60710.87923487899	-165702337.3055423	1
60710.87934848095	-165702337.30918813	1
60710.87946207265	-165702337.30685663	1
60710.87957562412	-165702337.30121	1
60710.87968912882	-165702337.33683217	1
60710.87980268393	-165702337.30779195	1
60710.879916208796	-165702337.31566757	1
60710.88002974687	-165702337.30568606	1
60710.88014326477	-165702337.30796158	1
60710.880256837874	-165702337.27545327	1
60710.88037036453	-165702337.26759458	1
60710.880483869565	-165702337.26341838	1
60710.88059750249	-165702337.28558147	1
60710.880711006816	-165702337.26753986	1
60710.88082449022	-165702337.22631526	1
60710.88093805111	-165702337.28494555	1
60710.8810516301	-165702337.29249752	1
60710.88116516387	-165702337.31691515	1
60710.88127864587	-165702337.33229858	1
60710.88139227256	-165702337.35002565	1
60710.88150574452	-165702337.29478705	1
60710.88161939051	-165702337.2683841	1
60710.88173284514	-165702337.3236847	1
60710.881846412034	-165702337.32408458	1
60710.88196003307	-165702337.3026219	1
60710.88207347919	-165702337.2955705	1
60710.88218710256	-165702337.32758594	1
60710.88230056083	-165702337.2853554	1
60710.88241424578	-165702337.27915394	1
60710.88252769368	-165702337.24768275	1
60710.882641209646	-165702337.22873706	1
60710.88275480131	-165702337.23501825	1
60710.88286832419	-165702337.29595393	1
60710.8829818626	-165702337.32920176	1
60710.88309537886	-165702337.31475145	1
60710.883663039254	-165702337.2444194	1
60710.88377668219	-165702337.2806267	1
60710.88389019327	-165702337.27420515	1
60710.8840037848	-165702337.27141768	1
60710.884117355614	-165702337.25288677	1
60710.88423079702	-165702337.31675494	1
60710.88434441537	-165702337.31409788	1
60710.88445792572	-165702337.3198204	1
60710.884571409755	-165702337.29792804	1
60710.88468498344	-165702337.3387943	1
60710.88479858304	-165702337.30297983	1
60710.8849120835	-165702337.34688616	1
60710.88502556487	-165702337.31154078	1
60710.88513925742	-165702337.34117323	1
60710.88525270807	-165702337.34668672	1
60710.88536629147	-165702337.31030172	1
60710.88547977032	-165702337.31254524	1
60710.885593309074	-165702337.29104435	1
60710.88570693617	-165702337.26514608	1
60710.88582044516	-165702337.311289	1
60710.885934001846	-165702337.32314283	1
60710.88604750669	-165702337.3159222	1
60710.886161023365	-165702337.35375386	1
60710.8862746596	-165702337.34623742	1
60710.88638815636	-165702337.31609368	1
60710.886501697445	-165702337.26654077	1
60710.88661526251	-165702337.30228877	1
60710.88672874019	-165702337.33569628	1
60710.886842283355	-165702337.33939952	1
60710.88695588488	-165702337.29999918	1
60710.88706936754	-165702337.31514704	1
60710.88718293774	-165702337.32255167	1
60710.8872965127	-165702337.3660472	1
60710.88741001374	-165702337.32022202	1
60710.8875236118	-165702337.28945917	1
60710.88763718626	-165702337.33274078	1
60710.88775063173	-165702337.3632977	1
60710.88786425179	-165702337.3515293	1
60710.887977753286	-165702337.34197414	1
60710.888091244786	-165702337.35962272	1
60710.88820484947	-165702337.3405742	1
60710.8883182852	-165702337.3403902	1
60710.888431895284	-165702337.3163445	1
60710.88854542018	-165702337.29742807	1
60710.88865900582	-165702337.304272	1
60710.888772494596	-165702337.31665182	1
60710.88888612079	-165702337.27989453	1
60710.888999637675	-165702337.29326248	1
60710.88911317109	-165702337.3016495	1
60710.889226680985	-165702337.29555416	1
60710.88934030227	-165702337.3276173	1
60710.889453769334	-165702337.3346129	1
60710.889567345905	-165702337.29517788	1
60710.889680889304	-165702337.29070657	1
60710.889794424176	-165702337.34136993	1
60710.88990792606	-165702337.37582976	1
60710.89002150127	-165702337.36179703	1
60710.89013503069	-165702337.31921965	1
60710.89024857477	-165702337.36054587	1
60710.890362094346	-165702337.4113729	1
60710.8904757069	-165702337.40389323	1
60710.89058926486	-165702337.3450691	1
60710.89070273409	-165702337.36354154	1
60710.89081633197	-165702337.3464694	1
60710.89092988781	-165702337.347162	1
60710.89104333605	-165702337.38286096	1
60710.89115693993	-165702337.3610381	1
60710.891270457556	-165702337.38364357	1
60710.89138399493	-165702337.36865175	1
60710.89149753622	-165702337.3873052	1
60710.891611158586	-165702337.36990738	1
60710.89172462108	-165702337.40407592	1
60710.891838293755	-165702337.36529362	1
60710.891951696256	-165702337.35045654	1
60710.892065295695	-165702337.31861502	1
60710.8921788226	-165702337.29100406	1
60710.89229232799	-165702337.3117829	1
60710.89240594594	-165702337.2940182	1
60710.8925194743	-165702337.3427289	1
60710.89263307566	-165702337.32561272	1
60710.89274654887	-165702337.32187474	1
60710.89286014596	-165702337.32349563	1
60710.892973571434	-165702337.31383282	1
60710.89308720664	-165702337.3312273	1
60710.89320074654	-165702337.30457282	1
60710.89331421635	-165702337.34565598	1
60710.89342777921	-165702337.34449434	1
60710.89354125054	-165702337.3168981	1
60710.89365494212	-165702337.26503927	1
60710.893768397626	-165702337.26728898	1
60710.89388203195	-165702337.29608053	1
60710.89399551996	-165702337.33737504	1
60710.89410899417	-165702337.33362627	1
60710.89422269407	-165702337.3391449	1
60710.89433614404	-165702337.2882763	1
60710.89444973628	-165702337.32755607	1
60710.89456322878	-165702337.33014786	1
60710.894676750526	-165702337.30016065	1
60710.89479028571	-165702337.33814186	1
60710.89490389461	-165702337.31199753	1
60710.89501742129	-165702337.28399318	1
60710.89513103418	-165702337.25482	1
60710.895244429215	-165702337.29615694	1
60710.895358114685	-165702337.34153426	1
60710.89547153008	-165702337.34812742	1
60710.89558505595	-165702337.3850814	1
60710.89569864326	-165702337.36306953	1
60710.89581218733	-165702337.3687176	1
60710.89592572323	-165702337.28799123	1
60710.89603925189	-165702337.26511896	1
60710.89615279875	-165702337.31728286	1
60710.896266329764	-165702337.3460523	1
60710.89637994289	-165702337.36976975	1
60710.89649345519	-165702337.34995967	1
60710.89660698476	-165702337.2868451	1
60710.89672047104	-165702337.313237	1
60710.89683406164	-165702337.3075202	1
60710.896947612884	-165702337.3260023	1
60710.8970611483	-165702337.33820975	1
60710.89717476044	-165702337.30574888	1
60710.89728827519	-165702337.3669678	1
60710.89740172642	-165702337.35233897	1
60710.89751530991	-165702337.39014924	1
60710.897628897634	-165702337.37998456	1
60710.8977424498	-165702337.36783463	1
60710.897856026924	-165702337.3684219	1
60710.89796945654	-165702337.33800358	1
60710.89808302054	-165702337.35611564	1
60710.89819662752	-165702337.3583002	1
60710.89831011452	-165702337.388669	1
60710.89842362271	-165702337.37963593	1
60710.898537273635	-165702337.38164836	1
60710.89865074816	-165702337.39939612	1
60710.89876427555	-165702337.4161982	1
60710.898877918975	-165702337.38557124	1
60710.89899139722	-165702337.4007967	1
60710.89910494734	-165702337.43939465	1
60710.89921847052	-165702337.37081438	1
60710.89933200259	-165702337.37434846	1
60710.89944555065	-165702337.3970654	1
60710.89955908115	-165702337.37991548	1
60710.89967265473	-165702337.36926	1
60710.89978616309	-165702337.37092835	1
60710.89989980368	-165702337.38321233	1
60710.90001323808	-165702337.3781523	1
60710.900126835906	-165702337.39833796	1
60710.90024038504	-165702337.42856705	1
60710.90035384272	-165702337.44546402	1
60710.900467435014	-165702337.43711287	1
60710.90058103524	-165702337.38437343	1
60710.90069456227	-165702337.33950257	1
60710.90080810545	-165702337.33350867	1
60710.9009216598	-165702337.33904576	1
60710.90103515321	-165702337.34026682	1
60710.901148713456	-165702337.35499096	1
60710.90126224149	-165702337.38122374	1
60710.90137575745	-165702337.38149327	1
60710.9014894271	-165702337.39365387	1
60710.90160293535	-165702337.3915345	1
60710.90171645917	-165702337.3591048	1
60710.9018299493	-165702337.32077765	1
60710.90194348702	-165702337.36266607	1
60710.902057107865	-165702337.33339375	1
60710.9021706989	-165702337.35810626	1
60710.90228410445	-165702337.3632192	1
60710.902397676466	-165702337.35086662	1
60710.90251117361	-165702337.32836992	1
60710.90262471772	-165702337.35142964	1
60710.90273829654	-165702337.36952168	1
60710.90285185968	-165702337.36363143	1
60710.90296544909	-165702337.33377433	1
60710.90307892641	-165702337.31770277	1
60710.90319251036	-165702337.29644126	1
60710.90330606577	-165702337.33697158	1
60710.90341961281	-165702337.34290606	1
60710.90353309951	-165702337.36143506	1
60710.9036466808	-165702337.3881504	1
60710.90376020902	-165702337.3822103	1
60710.90387374771	-165702337.32730132	1
60710.903987245874	-165702337.35025513	1
60710.904100861946	-165702337.35815978	1
60710.90421438635	-165702337.35951442	1
60710.90432794599	-165702337.35464382	1
60710.90444143832	-165702337.34226614	1
60710.90455502333	-165702337.35293275	1
60710.904668537245	-165702337.3622983	1
60710.90478207495	-165702337.3145153	1
60710.904895671025	-165702337.30767387	1
60710.90500910442	-165702337.33647853	1
60710.90512275533	-165702337.3203119	1
60710.90523627306	-165702337.34034812	1
60710.90534983996	-165702337.36363238	1
60710.90546337212	-165702337.3063467	1
60710.905576864534	-165702337.3443365	1
60710.90569046771	-165702337.33992118	1
60710.90580394659	-165702337.3348332	1
60710.90591749131	-165702337.39328086	1
60710.906031046514	-165702337.38037783	1
60710.906144564	-165702337.40658194	1
60710.90625819099	-165702337.4024893	1
60710.90637165656	-165702337.38599157	1
60710.906485253916	-165702337.38581902	1
60710.906598775204	-165702337.38561398	1
60710.90671232911	-165702337.40628338	1
60710.90682585555	-165702337.41549873	1
60710.90693938234	-165702337.36765838	1
60710.907052949435	-165702337.41323793	1
60710.90716642565	-165702337.40442395	1
60710.90728007686	-165702337.4246413	1
60710.90739355352	-165702337.45092547	1
60710.90750708719	-165702337.43827915	1
60710.90762059512	-165702337.4463606	1
60710.90773420154	-165702337.44486696	1
60710.90784765743	-165702337.43540078	1
60710.907961271456	-165702337.45826125	1
60710.90807480817	-165702337.43509048	1
60710.90818837216	-165702337.40920848	1
60710.90830198377	-165702337.43143898	1
60710.90841548677	-165702337.39125943	1
60710.908529064815	-165702337.43756807	1
60710.908642535585	-165702337.43352914	1
60710.90875599997	-165702337.4022491	1
60710.908869603125	-165702337.39420426	1
60710.908983154746	-165702337.43925583	1
60710.90909668172	-165702337.4234954	1
60710.90921032299	-165702337.43713462	1
60710.90932383381	-165702337.47960937	1
60710.9094373037	-165702337.4418891	1
60710.909550942946	-165702337.4342655	1
60710.909664379586	-165702337.45000738	1
60710.90977788308	-165702337.45027643	1
60710.90989154498	-165702337.404374	1
60710.91000500703	-165702337.43965083	1
60710.910118599844	-165702337.39203745	1
60710.91023224282	-165702337.34578383	1
60710.910345740805	-165702337.38577724	1
60710.91045916093	-165702337.3843466	1
60710.910572817775	-165702337.3810786	1
60710.91068626718	-165702337.33107078	1
60710.91079991942	-165702337.3828516	1
60710.91091338361	-165702337.4176215	1
60710.9110269644	-165702337.38396055	1
60710.911140477365	-165702337.3773592	1
60710.91125393386	-165702337.38021266	1
60710.91136756004	-165702337.39385813	1
60710.91148115853	-165702337.40771025	1
60710.91159463459	-165702337.42974603	1
60710.91170811116	-165702337.40261328	1
60710.91182172819	-165702337.39955938	1
60710.91193529215	-165702337.42509818	1
60710.91204882846	-165702337.41452956	1
60710.91216234668	-165702337.44620144	1
60710.912275897084	-165702337.43176043	1
60710.91238951022	-165702337.406295	1
60710.912502990315	-165702337.38089043	1
60710.91261650929	-165702337.34376252	1
60710.91273013083	-165702337.36224103	1
60710.91284357018	-165702337.41577297	1
60710.912957174536	-165702337.38287693	1
60710.913070677816	-165702337.32238668	1
60710.91318418439	-165702337.31863642	1
60710.91329781363	-165702337.32405913	1
60710.91341131627	-165702337.3216414	1
60710.91352487125	-165702337.36346674	1
60710.91363839684	-165702337.3924638	1
60710.91375206311	-165702337.35503405	1
60710.91386555752	-165702337.3611651	1
60710.913978969314	-165702337.3605572	1
60710.91409261018	-165702337.39262658	1
60710.91420613563	-165702337.35707456	1
60710.91431971673	-165702337.37170023	1
60710.9144332195	-165702337.4095856	1
60710.914546761705	-165702337.38476825	1
60710.914660301525	-165702337.4191594	1
60710.914773881486	-165702337.43757498	1
60710.91488733819	-165702337.446513	1
60710.91500092436	-165702337.37517637	1
60710.91511444032	-165702337.3818602	1
60710.91522804086	-165702337.3578617	1
60710.91534162493	-165702337.36497158	1
60710.915455087365	-165702337.40216047	1
60710.915568769095	-165702337.35432512	1
60710.91568217123	-165702337.3785838	1
60710.91579580637	-165702337.39633197	1
60710.9159093219	-165702337.3978517	1
60710.9160228501	-165702337.39627182	1
60710.91613633323	-165702337.41723114	1
60710.91624991384	-165702337.37332505	1
60710.91636341506	-165702337.38553464	1
60710.91647705362	-165702337.3861153	1
60710.916590602654	-165702337.36671644	1
60710.91670404824	-165702337.4147551	1
60710.91681761595	-165702337.38533533	1
60710.9169311593	-165702337.358258	1
60710.91704469452	-165702337.3660164	1
60710.91715825753	-165702337.35490358	1
60710.91727173759	-165702337.33564728	1
60710.91738532044	-165702337.38989437	1
60710.91749888915	-165702337.37032562	1
60710.91761239873	-165702337.39280516	1
60710.91772599667	-165702337.3607669	1
60710.9178394928	-165702337.40735316	1
60710.91795307643	-165702337.3843559	1
60710.91806656542	-165702337.3973887	1
60710.918180172994	-165702337.40823156	1
60710.91829372399	-165702337.38934255	1
60710.9184072442	-165702337.37562978	1
60710.918520793355	-165702337.34117103	1
60710.91863438671	-165702337.35811192	1
60710.918747834585	-165702337.37080216	1
60710.91886140904	-165702337.35309762	1
60710.91897492472	-165702337.34577727	1
60710.92045105948	-165702337.3484164	1
60710.92056451543	-165702337.3795247	1
60710.92067807985	-165702337.36443222	1
60710.920791514756	-165702337.35541588	1
60710.92090518774	-165702337.38183343	1
60710.92101866586	-165702337.35020602	1
60710.92113230594	-165702337.3571117	1
60710.921245822756	-165702337.35239565	1
60710.921359383654	-165702337.37058562	1
60710.921472860915	-165702337.34030628	1
60710.921586383156	-165702337.3634792	1
60710.92169991564	-165702337.37804592	1
60710.921813494046	-165702337.34455472	1
60710.921927123476	-165702337.36767465	1
60710.92204059591	-165702337.40288472	1
60710.92215411692	-165702337.3436519	1
60710.92226767009	-165702337.4189042	1
60710.922381210396	-165702337.39018083	1
60710.922494714854	-165702337.36349303	1
60710.92260833562	-165702337.3638183	1
60710.922721892544	-165702337.41635668	1
60710.92283532556	-165702337.37884867	1
60710.92294891477	-165702337.36406946	1
60710.92306244465	-165702337.38894385	1
60710.92317601698	-165702337.39833045	1
60710.92328953416	-165702337.36664945	1
60710.92340303509	-165702337.34260535	1
60710.92351668639	-165702337.37117577	1
60710.923630199984	-165702337.35123736	1
60710.92374374775	-165702337.37095082	1
60710.9238572589	-165702337.3776288	1
60710.92397079346	-165702337.40467054	1
60710.92408438639	-165702337.37104315	1
60710.92419784242	-165702337.35167658	1
60710.92431145513	-165702337.38511878	1
60710.92442499288	-165702337.3205433	1
60710.92453856484	-165702337.29307222	1
60710.924652073205	-165702337.30700386	1
60710.924765635944	-165702337.31583148	1
60710.92487916021	-165702337.34958833	1
60710.924992647124	-165702337.35847753	1
60710.92510623924	-165702337.34517074	1
60710.925219795055	-165702337.34726036	1
60710.92533334816	-165702337.37859827	1
60710.92544683805	-165702337.3388679	1
60710.92556037211	-165702337.3611868	1
60710.925673903505	-165702337.3698455	1
60710.925787472246	-165702337.34154898	1
60710.925901011	-165702337.3245089	1
60710.9260145966	-165702337.33853143	1
60710.92612817285	-165702337.3314538	1
60710.926241625864	-165702337.317212	1
60710.92635522268	-165702337.32033736	1
60710.926468729675	-165702337.32863182	1
60710.926582271226	-165702337.3390283	1
60710.926695851835	-165702337.29747528	1
60710.926809375254	-165702337.33914167	1
60710.92692294304	-165702337.33189708	1
60710.927036469504	-165702337.31358618	1
60710.92714998344	-165702337.3045532	1
60710.927263556456	-165702337.3217513	1
60710.92737710284	-165702337.29453033	1
60710.92749065047	-165702337.26645827	1
60710.927604159464	-165702337.2815622	1
60710.927717780476	-165702337.29920125	1
60710.92783130369	-165702337.342964	1
60710.92794480386	-165702337.33955395	1
60710.92805831247	-165702337.3406484	1
60710.928171948384	-165702337.33822834	1
60710.92828547394	-165702337.30000687	1
60710.92839899817	-165702337.29104102	1
60710.928512509316	-165702337.31208646	1
60710.92862606661	-165702337.29730302	1
60710.928739609364	-165702337.33169007	1
60710.92885324787	-165702337.33915907	1
60710.928966723426	-165702337.3195808	1
60710.929080312155	-165702337.33701748	1
60710.92919380472	-165702337.3529544	1
60710.92930737508	-165702337.31848204	1
60710.929420849105	-165702337.31489962	1
60710.929534375384	-165702337.32879728	1
60710.92964795508	-165702337.3260327	1
60710.92976152158	-165702337.30708992	1
60710.92987502649	-165702337.31949466	1
60710.929988542215	-165702337.31282967	1
60710.93010225235	-165702337.2954622	1
60710.93021562525	-165702337.3265037	1
60710.93032918362	-165702337.32282263	1
60710.93044278103	-165702337.30308127	1
60710.9305563119	-165702337.34502637	1
60710.93066988054	-165702337.34375256	1
60710.93078335313	-165702337.34369588	1
60710.93089694733	-165702337.32670325	1
60710.93101043647	-165702337.26677263	1
60710.93112404248	-165702337.2746144	1
60710.93123755899	-165702337.3363551	1
60710.931351151994	-165702337.3290915	1
60710.93146470518	-165702337.27271467	1
60710.9315782801	-165702337.28415155	1
60710.931691767364	-165702337.2676342	1
60710.931805256616	-165702337.34943432	1
60710.93191886456	-165702337.32050592	1
60710.93203232839	-165702337.30330086	1
60710.932145921855	-165702337.31665498	1
60710.93225938359	-165702337.3172052	1
60710.93237302301	-165702337.2972963	1
60710.9324865081	-165702337.29638118	1
60710.932600083375	-165702337.29401737	1
60710.93271364207	-165702337.3578784	1
60710.932827117664	-165702337.2895739	1
60710.93294070843	-165702337.25448036	1
60710.93305426221	-165702337.3285014	1
60710.93316777663	-165702337.33584934	1
60710.933281334495	-165702337.3424099	1
60710.93339481036	-165702337.33954024	1
60710.933508430346	-165702337.31593597	1
60710.93362203763	-165702337.3354699	1
60710.93373554244	-165702337.3485744	1
60710.93384902842	-165702337.3380795	1
60710.933962643	-165702337.32800996	1
60710.93407620335	-165702337.3893841	1
60710.93418970028	-165702337.36099702	1
60710.93430325394	-165702337.334961	1
60710.934416765864	-165702337.329413	1
60710.93453030282	-165702337.33377528	1
60710.93464382522	-165702337.3556683	1
60710.93475736663	-165702337.3472578	1
60710.93487100105	-165702337.3449943	1
60710.934984472275	-165702337.27945936	1
60710.93509804305	-165702337.29783887	1
60710.93521151547	-165702337.3619122	1
60710.93532513147	-165702337.36551833	1
60710.93543864275	-165702337.3488418	1
60710.93555217914	-165702337.35031867	1
60710.93566574167	-165702337.32246757	1
60710.93577931818	-165702337.2958457	1
60710.93589280221	-165702337.33458626	1
60710.93600639529	-165702337.37477624	1
60710.93611991964	-165702337.3799888	1
60710.93623341329	-165702337.3480211	1
60710.93634703039	-165702337.31293112	1
60710.93646053801	-165702337.3020317	1
60710.93657411239	-165702337.2860666	1
60710.9366876943	-165702337.30745065	1
60710.93680116356	-165702337.35419798	1
60710.936914716636	-165702337.31597018	1
60710.93702825363	-165702337.31008977	1
60710.93714182648	-165702337.28879988	1
60710.93725538009	-165702337.33680075	1
60710.937368900304	-165702337.33273757	1
60710.937482411806	-165702337.32700163	1
60710.93759598917	-165702337.29090786	1
60710.93770947065	-165702337.31851983	1
60710.93782300595	-165702337.3629644	1
60710.937936521324	-165702337.325917	1
60710.93805009708	-165702337.30593413	1
60710.93816373312	-165702337.2827586	1
60710.93827725675	-165702337.29456425	1
60710.93839072001	-165702337.34242374	1
60710.93850426115	-165702337.35486227	1
60710.93861788466	-165702337.329338	1
60710.93873137481	-165702337.28031486	1
60710.93884487576	-165702337.30105585	1
60710.93895846988	-165702337.29902905	1
60710.9390720184	-165702337.29638934	1
60710.93918549026	-165702337.26614845	1
60710.93929910557	-165702337.29532593	1
60710.939412648986	-165702337.28680176	1
60710.939526131224	-165702337.30122787	1
60710.93963977033	-165702337.28127623	1
60710.939753288	-165702337.2610551	1
60710.93986683006	-165702337.2277084	1
60710.93998027955	-165702337.2532639	1
60710.94009384524	-165702337.28027457	1
60710.940207383326	-165702337.29713982	1
60710.94032092348	-165702337.24984097	1
60710.9404345228	-165702337.29237354	1
60710.94054800694	-165702337.29022038	1
60710.94066163942	-165702337.27311397	1
60710.94077513303	-165702337.27546674	1
60710.94088871662	-165702337.30560744	1
60710.94100217091	-165702337.2600972	1
60710.94111575767	-165702337.25260824	1
60710.94122930675	-165702337.27209693	1
60710.94134281576	-165702337.269597	1
60710.941456422326	-165702337.24956065	1
60710.94156994383	-165702337.2187779	1
60710.94168351749	-165702337.19514316	1
60710.9417970441	-165702337.20971298	1
60710.94191060943	-165702337.24565917	1
60710.94202411678	-165702337.2243049	1
60710.94213766364	-165702337.26113272	1
60710.9422512189	-165702337.25106227	1
60710.942364746385	-165702337.28260517	1
60710.94247831674	-165702337.28286916	1
60710.942591756495	-165702337.25861102	1
60710.942705388086	-165702337.25200707	1
60710.94281891129	-165702337.25330538	1
60710.94293240793	-165702337.27384222	1
60710.94304597139	-165702337.2551427	1
60710.943159527	-165702337.2340703	1
60710.9432730979	-165702337.26702404	1
60710.943386680854	-165702337.2831536	1
60710.94350019278	-165702337.26118803	1
60710.94361370072	-165702337.22677833	1
60710.94372725393	-165702337.21966022	1
60710.94384082001	-165702337.2494225	1
60710.943954363356	-165702337.27888834	1
60710.94406788657	-165702337.22481656	1
60710.94418145722	-165702337.21868426	1
60710.944295000896	-165702337.2826646	1
60710.944408540694	-165702337.29470885	1
60710.944522055106	-165702337.22565395	1
60710.94463569861	-165702337.30089366	1
60710.94474912749	-165702337.2417376	1
60710.94486266756	-165702337.20334238	1
60710.94497624685	-165702337.24495775	1
60710.945089770496	-165702337.21491474	1
60710.94520334054	-165702337.2049966	1
60710.945316835656	-165702337.21126223	1
60710.94543048267	-165702337.23486805	1
60710.94554389856	-165702337.22536254	1
60710.94565746958	-165702337.27404082	1
60710.94577102589	-165702337.24711812	1
60710.9458846604	-165702337.26266503	1
60710.945998148636	-165702337.20388025	1
60710.94611173031	-165702337.2418638	1
60710.946225210806	-165702337.2267533	1
60710.946338691094	-165702337.22580683	1
60710.946452317075	-165702337.25241303	1
60710.94656589954	-165702337.19851404	1
60710.946679401	-165702337.22956723	1
60710.94679291761	-165702337.24693197	1
60710.94690648699	-165702337.21742076	1
60710.94702000545	-165702337.20346725	1
60710.9471335591	-165702337.21046728	1
60710.94724719166	-165702337.21365452	1
60710.94736065121	-165702337.21686208	1
60710.947474155764	-165702337.20506072	1
60710.9475877314	-165702337.22437197	1
60710.94770124971	-165702337.19759136	1
60710.9478148211	-165702337.21430844	1
60710.94792831752	-165702337.2423277	1
60710.94804197437	-165702337.17737263	1
60710.94815539474	-165702337.17972612	1
60710.94826895563	-165702337.18883193	1
60710.948382563576	-165702337.19812173	1
60710.948496060664	-165702337.17343652	1
60710.94860966644	-165702337.18904567	1
60710.94872311149	-165702337.17873228	1
60710.948836732045	-165702337.15752506	1
60710.948950194295	-165702337.14678735	1
60710.949063771746	-165702337.15974414	1
60710.94917729934	-165702337.16608167	1
60710.949290938974	-165702337.1305973	1
60710.94940438798	-165702337.1718226	1
60710.949517951085	-165702337.16528475	1
60710.94963150532	-165702337.1725484	1
60710.94974500593	-165702337.16760528	1
60710.94985858348	-165702337.181175	1
60710.94997218227	-165702337.17304492	1
60710.95008567736	-165702337.1944471	1
60710.950199196086	-165702337.1948809	1
60710.95031284431	-165702337.2137481	1
60710.95042634148	-165702337.16099662	1
60710.95053981941	-165702337.14884365	1
60710.95065345221	-165702337.20584387	1
60710.95076696953	-165702337.19039565	1
60710.95088044436	-165702337.19982094	1
60710.950994038416	-165702337.19027042	1
60710.95110755276	-165702337.17843252	1
60710.9512211384	-165702337.188847	1
60710.951334684454	-165702337.17672968	1
60710.95144828979	-165702337.16726768	1
60710.951561645394	-165702337.20136154	1
60710.9516752372	-165702337.1720826	1
60710.95178879268	-165702337.16062266	1
60710.95190238707	-165702337.15910405	1
60710.952015963645	-165702337.1492287	1
60710.95212942812	-165702337.1214	1
60710.95224300324	-165702337.1575985	1
60710.95235648849	-165702337.169366	1
60710.95247005701	-165702337.20262825	1
60710.95258363444	-165702337.17821807	1
60710.952697125234	-165702337.2022457	1
60710.95281072239	-165702337.1901316	1
60710.95292423872	-165702337.17637968	1
60710.95303781622	-165702337.16112953	1
60710.953151385766	-165702337.18786454	1
60710.95326486353	-165702337.17891717	1
60710.95337845037	-165702337.2088384	1
60710.95349191712	-165702337.1885649	1
60710.95360550148	-165702337.18014967	1
60710.953719049816	-165702337.18741554	1
60710.953832651074	-165702337.23847508	1
60710.95394624006	-165702337.24561578	1
60710.95405969435	-165702337.20102435	1
60710.95417320379	-165702337.17810452	1
60710.95428677254	-165702337.21863723	1
60710.95440033226	-165702337.17705905	1
60710.95451377989	-165702337.20991355	1
60710.95462744677	-165702337.20633465	1
60710.95474094968	-165702337.17284203	1
60710.954854451986	-165702337.1720854	1
60710.9549680113	-165702337.19296086	1
60710.9550814936	-165702337.18890446	1
60710.955195109425	-165702337.17727798	1
60710.95530857456	-165702337.1473099	1
60710.95542212095	-165702337.20127922	1
60710.95553578108	-165702337.18057883	1
60710.95564924906	-165702337.2409777	1
60710.95576284645	-165702337.24489915	1
60710.95587630428	-165702337.2146561	1
60710.95598989658	-165702337.19952732	1
60710.956103371995	-165702337.1910026	1
60710.95621698514	-165702337.17761463	1
60710.95633050899	-165702337.17468047	1
60710.95644406014	-165702337.1692118	1
60710.95655758724	-165702337.18015707	1
60710.9566711749	-165702337.19451797	1
60710.95678470818	-165702337.1493742	1
60710.95689829902	-165702337.14992392	1
60710.95701177483	-165702337.16788185	1
60710.957125327135	-165702337.20643437	1
60710.95723890374	-165702337.1601956	1
60710.95735241324	-165702337.1746803	1
60710.95746604048	-165702337.1402561	1
60710.957579466085	-165702337.1552124	1
60710.95769307976	-165702337.1795218	1
60710.95780666741	-165702337.18433368	1
60710.957920136636	-165702337.18886828	1
60710.95803368542	-165702337.15877616	1
60710.95814721292	-165702337.1983921	1
60710.95826080037	-165702337.21126372	1
60710.95837423008	-165702337.20041192	1
60710.95848777972	-165702337.18806118	1
60710.95860136689	-165702337.23408306	1
60710.958714958724	-165702337.19698822	1
60710.95882851034	-165702337.16860837	1
60710.95894209398	-165702337.18163383	1
60710.95905558025	-165702337.18152934	1
60710.959169130845	-165702337.213027	1
60710.959282707474	-165702337.1917804	1
60710.95939616052	-165702337.20425314	1
60710.95950977033	-165702337.2003438	1
60710.959623318675	-165702337.17767608	1
60710.95973684465	-165702337.17342466	1
60710.959850380335	-165702337.14913958	1
60710.95996395049	-165702337.14893955	1
60710.960077397875	-165702337.16648847	1
60710.960190913735	-165702337.1483758	1
60710.96030459333	-165702337.14118338	1
60710.9604180773	-165702337.17684954	1
60710.96053153224	-165702337.13950557	1
60710.960645186926	-165702337.14221048	1
60710.96075862784	-165702337.1565171	1
60710.96087230615	-165702337.15687817	1
60710.96098577488	-165702337.17196107	1
60710.96109928932	-165702337.10635012	1
60710.961212911054	-165702337.13130045	1
60710.96132640263	-165702337.10542667	1
60710.961439937186	-165702337.09489584	1
60710.96155346475	-165702337.08570158	1
60710.9616670345	-165702337.0642165	1
60710.961780598496	-165702337.07020086	1
60710.96189403589	-165702337.1275695	1
60710.96200766747	-165702337.14245367	1
60710.962121196266	-165702337.11514533	1
60710.96223467531	-165702337.16006333	1
60710.962348276335	-165702337.10017967	1
60710.962461826064	-165702337.1392333	1
60710.96257542306	-165702337.1646254	1
60710.96268889777	-165702337.1679328	1
60710.96280250691	-165702337.1710176	1
60710.96291603598	-165702337.12514246	1
60710.96302960012	-165702337.1568842	1
60710.96314316296	-165702337.1396081	1
60710.963256599156	-165702337.10982937	1
60710.963370159174	-165702337.1409334	1
60710.96348367603	-165702337.09453624	1
60710.96359723262	-165702337.08735114	1
60710.96371085421	-165702337.0773434	1
60710.96382437581	-165702337.0941882	1
60710.963937846005	-165702337.06816292	1
60710.96405140669	-165702337.13932842	1
60710.96416500999	-165702337.12024492	1
60710.96427855983	-165702337.06881392	1
60710.96439211485	-165702337.05847216	1
60710.964505595286	-165702337.07353663	1
60710.96461917447	-165702337.08665645	1
60710.964732749155	-165702337.10358596	1
60710.96484624785	-165702337.09645498	1
60710.96495978113	-165702337.068457	1
60710.96507338004	-165702337.10315907	1
60710.96518695945	-165702337.1022333	1
60710.96530042422	-165702337.11721689	1
60710.965413886304	-165702337.10899895	1
60710.96552748591	-165702337.0860409	1
60710.96564101425	-165702337.0916494	1
60710.965754620134	-165702337.0447386	1
60710.965868121144	-165702337.04167074	1
60710.96598169321	-165702337.06643105	1
60710.966095220894	-165702337.06754398	1
60710.96620879623	-165702337.09828693	1
60710.96632235158	-165702337.1269387	1
60710.96643588404	-165702337.09240192	1
60710.966549425626	-165702337.05741483	1
60710.966662935854	-165702337.07352424	1
60710.96677645986	-165702337.05627215	1
60710.9668899801	-165702337.07716513	1
60710.96700356897	-165702337.0621485	1
60710.967117032786	-165702337.0630859	1
60710.96723064345	-165702337.03834265	1
60710.967344212586	-165702337.02602482	1
60710.96745777057	-165702337.07170576	1
60710.96757128696	-165702337.06478238	1
60710.96768485854	-165702337.1091178	1
60710.96779834579	-165702337.10438365	1
60710.96791192856	-165702337.0552017	1
60710.96825257678	-165702337.0597608	1
60710.968366067755	-165702337.0478186	1
60710.96847967739	-165702337.0727362	1
60710.968593190984	-165702337.07282335	1
60710.968706636595	-165702337.10388047	1
60710.968820241775	-165702337.08891332	1
60710.968933809	-165702337.08811945	1
60710.96904730698	-165702337.07140887	1
60710.96916085905	-165702337.05812365	1
60710.96927442768	-165702337.08851343	1
60710.96938799161	-165702337.06721294	1
60710.96950150031	-165702337.06454295	1
60710.969615072914	-165702337.0718524	1
60710.96972854149	-165702337.0773582	1
60710.96984209286	-165702337.09334725	1
60710.969955713656	-165702337.0655321	1
60710.97006929404	-165702337.06401968	1
60710.970182758334	-165702337.08002973	1
60710.970296271626	-165702337.06355554	1
60710.97040983377	-165702337.04163772	1
60710.97052338861	-165702337.03270632	1
60710.970636873244	-165702337.03974777	1
60710.97075047695	-165702337.04454434	1
60710.97086400106	-165702337.0602674	1
60710.970977513345	-165702337.08059406	1
60710.971091095285	-165702337.10160023	1
60710.97120465739	-165702337.09917384	1
60710.97131817865	-165702337.11143678	1
60710.97143176499	-165702337.1005711	1
60710.9715452895	-165702337.06403118	1
60710.97165874661	-165702337.0555702	1
60710.971772359255	-165702337.04311854	1
60710.971885917425	-165702337.0778985	1
60710.97199948455	-165702337.1354581	1
60710.97211302651	-165702337.0795378	1
60710.97222653128	-165702337.07460636	1
60710.97234005915	-165702337.090483	1
60710.972453623115	-165702337.05343336	1
60710.972567161974	-165702337.05024981	1
60710.97268063322	-165702337.0962211	1
60710.972794302776	-165702337.07411134	1
60710.97290773559	-165702337.10697496	1
60710.97302130336	-165702337.07472473	1
60710.97313495981	-165702337.0770952	1
60710.97324837684	-165702337.1013242	1
60710.97336200965	-165702337.09714085	1
60710.97347545335	-165702337.13048977	1
60710.97358902145	-165702337.15238726	1
60710.97370257615	-165702337.14112872	1
60710.973816108235	-165702337.12547815	1
60710.97392966508	-165702337.09563679	1
60710.97404320321	-165702337.12011135	1
60710.974156721444	-165702337.07645178	1
60710.97427027828	-165702337.0636922	1
60710.97438383543	-165702337.0869007	1
60710.97449735137	-165702337.03644222	1
60710.9746109422	-165702337.04178232	1
60710.97472452675	-165702337.09752256	1
60710.9748379717	-165702337.12972713	1
60710.97495154074	-165702337.12200582	1
60710.97506505287	-165702337.14505208	1
60710.97517870773	-165702337.1382481	1
60710.97529221332	-165702337.11829382	1
60710.975405729914	-165702337.1393479	1
60710.975519221094	-165702337.1353283	1
60710.97563284385	-165702337.09017867	1
60710.9757463892	-165702337.1000229	1
60710.975859894585	-165702337.09101135	1
60710.975973500485	-165702337.09144688	1
60710.97608694212	-165702337.142183	1
60710.976200603	-165702337.13984793	1
60710.97631413676	-165702337.14057332	1
60710.976427596615	-165702337.13951617	1
60710.976541161035	-165702337.115335	1
60710.97665476552	-165702337.10595387	1
60710.97676826026	-165702337.1135888	1
60710.976881875766	-165702337.11792743	1
60710.97699537705	-165702337.17012352	1
60710.97710884957	-165702337.13568717	1
60710.9772224838	-165702337.12848908	1
60710.977335937954	-165702337.14478374	1
60710.977449472295	-165702337.12645525	1
60710.97756300839	-165702337.1123929	1
60710.97767649373	-165702337.11155444	1
60710.977790125195	-165702337.09040242	1
60710.97790370348	-165702337.09673315	1
60710.9780171507	-165702337.1410541	1
60710.9781307556	-165702337.12874997	1
60710.978244294005	-165702337.10493666	1
60710.97835786355	-165702337.12781423	1
60710.97847141582	-165702337.09072113	1
60710.97858488972	-165702337.1300118	1
60710.978698428895	-165702337.12601638	1
60710.978811978304	-165702337.11020112	1
60710.978925536816	-165702337.14489973	1
60710.979039059894	-165702337.16033536	1
60710.97915269082	-165702337.12324154	1
60710.97926619183	-165702337.1826256	1
60710.979379730066	-165702337.15645814	1
60710.97949330788	-165702337.14545673	1
60710.97960682259	-165702337.12724096	1
60710.979720332325	-165702337.1070583	1
60710.97983382608	-165702337.08971226	1
60710.97994746822	-165702337.06345928	1
60710.980060986694	-165702337.08661038	1
60710.98017449911	-165702337.12626868	1
60710.98028809051	-165702337.15860707	1
60710.980401611305	-165702337.12958413	1
60710.980515113995	-165702337.15903902	1
60710.98062869997	-165702337.12350398	1
60710.98074223573	-165702337.11444408	1
60710.980855794514	-165702337.08533072	1
60710.98096936255	-165702337.11847103	1
60710.98108295319	-165702337.1128043	1
60710.981196437955	-165702337.11164153	1
60710.98130997211	-165702337.11841267	1
60710.98142357007	-165702337.15342534	1
60710.98153700203	-165702337.12257648	1
60710.981650637295	-165702337.08280766	1
60710.9817641618	-165702337.06044054	1
60710.98187764646	-165702337.07035613	1
60710.98199116502	-165702337.0439896	1
60710.98210480633	-165702337.04818147	1
60710.982218320496	-165702337.05693334	1
60710.982331883395	-165702337.05756748	1
60710.982445373294	-165702337.07774025	1
60710.98255888263	-165702337.06109625	1
60710.98267247907	-165702337.05519897	1
60710.98278602886	-165702337.05536544	1
60710.98289952686	-165702337.0647514	1
60710.98301315608	-165702337.03949875	1
60710.98312662303	-165702337.0336954	1
60710.983240196656	-165702337.0568598	1
60710.98335372455	-165702337.0925513	1
60710.98346728951	-165702337.09818876	1
60710.983580838656	-165702337.0988983	1
60710.98369437643	-165702337.07705963	1
60710.98380792123	-165702337.0652054	1
60710.983921451894	-165702337.09056693	1
60710.98403501743	-165702337.09247547	1
60710.98414847142	-165702337.1064459	1
60710.98426201979	-165702337.0668732	1
60710.984375668166	-165702337.0961972	1
60710.984489117036	-165702337.0676993	1
60710.98460269157	-165702337.07362115	1
60710.98471624128	-165702337.07682264	1
60710.98482985766	-165702337.06936145	1
60710.984943381474	-165702337.0773114	1
60710.985056911624	-165702337.07240975	1
60710.98517044209	-165702337.06682932	1
60710.98528395399	-165702337.0686546	1
60710.985397470155	-165702337.06082624	1
60710.985511096886	-165702337.08727127	1
60710.98562451528	-165702337.11666596	1
60710.98573810263	-165702337.1232158	1
60710.985851692756	-165702337.08712393	1
60710.985965213986	-165702337.06519574	1
60710.986078786176	-165702337.1122747	1
60710.98619227575	-165702337.10691535	1
60710.98630584081	-165702337.0912907	1
60710.9864193328	-165702337.07807064	1
60710.98653291935	-165702337.09096146	1
60710.98664644132	-165702337.08286494	1
60710.986760008076	-165702337.0731228	1
60710.98687362399	-165702337.10257375	1
60710.98698712313	-165702337.0954619	1
60710.98710070027	-165702337.1151027	1
60710.98721419478	-165702337.0949036	1
60710.987327683455	-165702337.1084206	1
60710.98744122786	-165702337.0768116	1
60710.98755474282	-165702337.07998347	1
60710.987668347814	-165702337.1119722	1
60710.98778189736	-165702337.11620706	1
60710.987895418584	-165702337.05894065	1
60710.988008991306	-165702337.1121639	1
60710.988122606366	-165702337.06661844	1
60710.98823598161	-165702337.1052714	1
60710.98834963553	-165702337.06240916	1
60710.98846316901	-165702337.04610234	1
60710.988576706564	-165702337.07344216	1
60710.98869024433	-165702337.06359726	1
60710.98880375555	-165702337.1046011	1
60710.988917342205	-165702337.11179686	1
60710.98903090916	-165702337.08821666	1
60710.98914443381	-165702337.0498156	1
60710.98925789223	-165702337.0675478	1
60710.989371489646	-165702337.07032436	1
60710.98948507046	-165702337.0967872	1
60710.98959861702	-165702337.09657317	1
60710.98971212469	-165702337.09628046	1
60710.989825669174	-165702337.1115399	1
60710.98993923757	-165702337.11204392	1
60710.990052786336	-165702337.1573714	1
60710.99016632625	-165702337.1868686	1
60710.99027982829	-165702337.13104212	1
60710.99039331589	-165702337.14033282	1
60710.990506912385	-165702337.12536407	1
60710.990620460165	-165702337.13920277	1
60710.990733999904	-165702337.17153883	1
60710.990847511755	-165702337.1680938	1
60710.990961095835	-165702337.165556	1
60710.99107465449	-165702337.15287614	1
60710.99118817379	-165702337.1443804	1
60710.99130169575	-165702337.16094983	1
60710.991415302706	-165702337.1817264	1
60710.991528835264	-165702337.1969635	1
60710.991642341534	-165702337.17837048	1
60710.991755889125	-165702337.11840874	1
60710.99186936335	-165702337.12952298	1
60710.991982943284	-165702337.12155265	1
60710.99209654274	-165702337.1526717	1
60710.99221008396	-165702337.16336048	1
60710.9923236358	-165702337.1333967	1
60710.992437251974	-165702337.11890364	1
60710.992550742165	-165702337.15053034	1
60710.99266419806	-165702337.13024008	1
60710.99277780261	-165702337.1558566	1
60710.99289133347	-165702337.1584167	1
60710.99300482588	-165702337.17550933	1
60710.9931184171	-165702337.13533115	1
60710.99323199691	-165702337.13980174	1
60710.99334549554	-165702337.09197062	1
60710.99345909906	-165702337.1229596	1
60710.9935725485	-165702337.10467464	1
60710.99368613519	-165702337.12866694	1
60710.993799682554	-165702337.12608218	1
60710.99391320118	-165702337.1278022	1
60710.994026790424	-165702337.1331445	1
60710.99414028682	-165702337.15987688	1
60710.994253846395	-165702337.1645481	1
60710.994367450774	-165702337.11149263	1
60710.99448094784	-165702337.1576447	1
60710.99459453341	-165702337.15019554	1
60710.99470797508	-165702337.17011154	1
60710.99482154189	-165702337.0991289	1
60710.99493510318	-165702337.15589684	1
60710.99504869583	-165702337.1528669	1
60710.995162196654	-165702337.1732648	1
60710.99527574084	-165702337.18607372	1
60710.99538929612	-165702337.2311952	1
60710.99550282135	-165702337.1571167	1
60710.99561632553	-165702337.17494792	1
60710.99572987372	-165702337.20441473	1
60710.99584342656	-165702337.15842426	1
60710.99595696238	-165702337.11081606	1
60710.996070546134	-165702337.14983958	1
60710.99618410163	-165702337.13676232	1
60710.996297593636	-165702337.1553266	1
60710.996411116364	-165702337.14886612	1
60710.9965246336	-165702337.17053324	1
60710.996638245204	-165702337.17783844	1
60710.99675179426	-165702337.15485954	1
60710.99686540582	-165702337.15221107	1
60710.996978849136	-165702337.1681376	1
60710.99709232935	-165702337.14639473	1
60710.99720601793	-165702337.16938657	1
60710.99731947152	-165702337.17714858	1
60710.99743305438	-165702337.18036985	1
60710.99754658816	-165702337.1861168	1
60710.9976600925	-165702337.21269053	1
60710.997773678646	-165702337.19728303	1
60710.99788720959	-165702337.1969123	1
60710.99800072923	-165702337.1967311	1
60710.99811427762	-165702337.18656778	1
60710.99822785746	-165702337.20995146	1
60710.99834138001	-165702337.25659055	1
60710.99845499567	-165702337.222439	1
60710.998568472925	-165702337.2097224	1
60710.998682027675	-165702337.2510004	1
60710.99879554412	-165702337.21925503	1
60710.99890909052	-165702337.18399	1
60710.99902262453	-165702337.2176776	1
60710.99913614936	-165702337.23129207	1
60710.99924973912	-165702337.19050938	1
60710.99936330157	-165702337.2248956	1
60710.999476887824	-165702337.23447496	1
60710.9995904237	-165702337.24488413	1
60710.99970388882	-165702337.21978503	1
60710.99981740392	-165702337.18023366	1
60710.99993101189	-165702337.18784636	1
60711.0000445921	-165702337.1791507	1
60711.00015805682	-165702337.18688047	1
60711.00027160284	-165702337.19297528	1
60711.000385140724	-165702337.20225048	1
60711.00049878323	-165702337.17942655	1
60711.00061227876	-165702337.16263896	1
60711.00072586419	-165702337.1635552	1
60711.00083935039	-165702337.1814586	1
60711.00095288645	-165702337.20606232	1
60711.0010663629	-165702337.16301626	1
60711.00117992567	-165702337.1581896	1
60711.00129351133	-165702337.12503964	1
60711.0014071191	-165702337.14120078	1
60711.001520604965	-165702337.11191	1
60711.0016341039	-165702337.11631042	1
60711.001747711496	-165702337.11905742	1
60711.00186117345	-165702337.16940117	1
60711.00197470284	-165702337.17118686	1
60711.00208831321	-165702337.16679275	1
