# Frequency shift file for JILA Sr1 
# for 20250124_clock_lock#0.
# Processed Fri Jan 24 16:57:49 2025 (MT) 
# by Alexander Aeppli(alexander.aeppli@colorado.edu), William Warfield(william.warfield@colorado.edu) 
# ******Applied Corrections******
# point by point corrections: 
#  - servo 
#  - second order zeeman 
#  - density shift 
# DC corrections: 
#  - lattice light 
#  - DC Stark 
#  - BBR 
#  - background gas 
#  - redshift to S1B60V1 
# Total sytematic error (frac.) = ~1e-17
# No MASER corrections have been applied
# To calculate the strontium frequency: 
# f_sr = (N/M)*f_light + f_shift[Hz] 
# where N = 1716882, M = 777577, 
# and f_light is the frequency of the light leaving JILA. 
#### Additional Notes #### 
# nan
t_mjd	f_shift [Hz]	IS_GOOD
60699.75746712178	-165702368.1098174	1
60699.75758068456	-165702368.13310063	1
60699.757694254804	-165702368.12939513	1
60699.757807892805	-165702368.11544502	1
60699.757921343175	-165702368.11122853	1
60699.75803491885	-165702368.10722876	1
60699.75814838853	-165702368.16196525	1
60699.758261948315	-165702368.12820727	1
60699.75837555248	-165702368.11240637	1
60699.758489075546	-165702368.1328665	1
60699.75860257609	-165702368.1300606	1
60699.758716095566	-165702368.1327278	1
60699.758829615166	-165702368.16164815	1
60699.7589432343	-165702368.16101325	1
60699.75905677253	-165702368.1498295	1
60699.759170334764	-165702368.14918846	1
60699.75928383885	-165702368.166425	1
60699.75939740314	-165702368.16416115	1
60699.75951097616	-165702368.17648757	1
60699.759624499035	-165702368.15084672	1
60699.75973798042	-165702368.1222251	1
60699.7598515805	-165702368.18166053	1
60699.7599650671	-165702368.1539129	1
60699.760078630236	-165702368.12095165	1
60699.76019226438	-165702368.08079624	1
60699.76030575231	-165702368.089141	1
60699.76041924688	-165702368.14282233	1
60699.76053281337	-165702368.1476521	1
60699.760646379815	-165702368.10021472	1
60699.76075995039	-165702368.0923124	1
60699.76087348444	-165702368.12209207	1
60699.76098701072	-165702368.11394656	1
60699.76110064948	-165702368.10156077	1
60699.76121404327	-165702368.06952733	1
60699.76132756524	-165702368.0636819	1
60699.76144122699	-165702368.0611725	1
60699.761554712684	-165702368.1063527	1
60699.761668271334	-165702368.10437095	1
60699.7617817472	-165702368.10631102	1
60699.76189537045	-165702368.09439558	1
60699.76200882722	-165702368.0934611	1
60699.762122386586	-165702368.12760997	1
60699.76223596618	-165702368.07466102	1
60699.76234950446	-165702368.07457274	1
60699.76246308679	-165702368.05269486	1
60699.762576592446	-165702368.07528526	1
60699.76269012692	-165702368.03915906	1
60699.76280367339	-165702368.017707	1
60699.76291729831	-165702368.04809856	1
60699.76303083131	-165702368.12268674	1
60699.76314432001	-165702368.11714607	1
60699.763257855775	-165702368.0746355	1
60699.763371400244	-165702368.09666926	1
60699.76348494591	-165702368.08105183	1
60699.763598559046	-165702368.10428923	1
60699.76371203093	-165702368.09001088	1
60699.76382557414	-165702368.10388708	1
60699.76393915322	-165702368.04329962	1
60699.76405267306	-165702368.0924582	1
60699.76416616795	-165702368.07365745	1
60699.7642798022	-165702368.08373296	1
60699.76439329759	-165702368.069072	1
60699.764506905325	-165702368.07440817	1
60699.76462039942	-165702368.0678814	1
60699.764733945565	-165702368.09010893	1
60699.76484749479	-165702368.05831683	1
60699.76496104797	-165702368.0589376	1
60699.765074495255	-165702368.07705677	1
60699.76518803762	-165702368.10222775	1
60699.76530160068	-165702368.12104046	1
60699.765415206566	-165702368.11584294	1
60699.7655287263	-165702368.11871797	1
60699.765642268096	-165702368.12604088	1
60699.76575574376	-165702368.098886	1
60699.76586935077	-165702368.11992925	1
60699.76598292641	-165702368.10167724	1
60699.76609639828	-165702368.0797403	1
60699.76620992084	-165702368.08765465	1
60699.76632342289	-165702368.0892794	1
60699.76643705343	-165702368.1225307	1
60699.76655064149	-165702368.08417416	1
60699.76666413392	-165702368.1008693	1
60699.766777761375	-165702368.0844047	1
60699.766891226296	-165702368.0870182	1
60699.76700476609	-165702368.05294782	1
60699.76711831859	-165702368.08810484	1
60699.76723186043	-165702368.1094963	1
60699.767345459346	-165702368.10495424	1
60699.767458933595	-165702368.0922296	1
60699.76757242255	-165702368.0606038	1
60699.7676860738	-165702368.07818013	1
60699.76779959121	-165702368.0884354	1
60699.767913133226	-165702368.071294	1
60699.76802665705	-165702368.08141887	1
60699.76814022647	-165702368.05446357	1
60699.768253700844	-165702368.1301217	1
60699.76836730594	-165702368.06411916	1
60699.76848079145	-165702368.0912217	1
60699.76859426868	-165702368.08992624	1
60699.76870790376	-165702368.12114924	1
60699.76882139437	-165702368.05977488	1
60699.76893499466	-165702368.0775962	1
60699.7690485017	-165702368.06628555	1
60699.76916212814	-165702368.05338067	1
60699.769275589984	-165702368.09024477	1
60699.769389153924	-165702368.09928757	1
60699.76950269353	-165702368.06379074	1
60699.769616285186	-165702368.07886517	1
60699.76972980993	-165702368.09247816	1
60699.76984335284	-165702368.09298503	1
60699.76995682019	-165702368.1307975	1
60699.77007043144	-165702368.10587275	1
60699.77018396769	-165702368.11214793	1
60699.77029753812	-165702368.12317067	1
60699.77041121114	-165702368.1052791	1
60699.77052458566	-165702368.09240282	1
60699.77063810597	-165702368.09414613	1
60699.7707517511	-165702368.04739398	1
60699.77086518896	-165702368.0855921	1
60699.770978785935	-165702368.022164	1
60699.771092345654	-165702368.06680882	1
60699.77120581292	-165702368.0355547	1
60699.771319438034	-165702368.01825315	1
60699.77143295194	-165702367.97959268	1
60699.77154651062	-165702368.04180568	1
60699.77166008875	-165702368.05535215	1
60699.77177360864	-165702368.06464726	1
60699.77188704377	-165702367.9995073	1
60699.77200062065	-165702368.01160866	1
60699.772114157626	-165702367.9971866	1
60699.772227728135	-165702367.95134252	1
60699.77234129207	-165702367.95732927	1
60699.77245485859	-165702367.98488903	1
60699.772568342065	-165702367.98717004	1
60699.77268194781	-165702368.00850558	1
60699.77279543713	-165702367.98520005	1
60699.77290906747	-165702368.01878047	1
60699.77302252073	-165702367.97713155	1
60699.773136048694	-165702367.99455816	1
60699.773249564045	-165702368.0183472	1
60699.77336322875	-165702367.9970839	1
60699.773476755305	-165702367.97419035	1
60699.77359020391	-165702367.99780297	1
60699.77370387286	-165702367.99845397	1
60699.77381740777	-165702368.0186959	1
60699.77393084875	-165702367.9793641	1
60699.77404439416	-165702367.93400764	1
60699.774157975495	-165702367.96842492	1
60699.77427154643	-165702367.98489916	1
60699.774384978504	-165702367.96689618	1
60699.77449860221	-165702368.0034042	1
60699.77461216927	-165702367.99685937	1
60699.774725686	-165702368.00044185	1
60699.774839244266	-165702367.98590308	1
60699.77495272608	-165702367.99800932	1
60699.77506626917	-165702367.97066897	1
60699.775179837474	-165702367.97033846	1
60699.77529338126	-165702367.98406535	1
60699.77540697686	-165702367.98385262	1
60699.77552050223	-165702367.89496678	1
60699.775634103244	-165702367.92033684	1
60699.775747562715	-165702367.9041134	1
60699.77586113912	-165702367.91461432	1
60699.77597466094	-165702367.94049287	1
60699.776088179235	-165702367.96400845	1
60699.77620167261	-165702367.96961635	1
60699.77631533052	-165702367.93039572	1
60699.77642879483	-165702367.97740847	1
60699.776542355634	-165702367.98957157	1
60699.77665597995	-165702367.98028868	1
60699.77676944231	-165702367.99477607	1
60699.7768829788	-165702367.9834106	1
60699.77699652725	-165702367.96251404	1
60699.777110095754	-165702367.93839973	1
60699.77722367978	-165702367.934224	1
60699.777337251	-165702367.94769216	1
60699.77745072134	-165702367.95560682	1
60699.77756428757	-165702367.950912	1
60699.77767780067	-165702367.94712073	1
60699.77779137049	-165702367.9574517	1
60699.77790483928	-165702367.9227491	1
60699.77801842341	-165702367.91994166	1
60699.77813200096	-165702367.9037918	1
60699.77824556446	-165702367.89130396	1
60699.77835903305	-165702367.89312065	1
60699.77847261866	-165702367.9023611	1
60699.778586154855	-165702367.8964938	1
60699.778699645314	-165702367.91522026	1
60699.778813218494	-165702367.90085363	1
60699.778926733234	-165702367.90518886	1
60699.779040369875	-165702367.89374763	1
60699.77915384584	-165702367.90895158	1
60699.77926739247	-165702367.855219	1
60699.779381003566	-165702367.87788552	1
60699.77949451531	-165702367.82906896	1
60699.779608047	-165702367.8405044	1
60699.77972159175	-165702367.83904076	1
60699.77983511694	-165702367.8136506	1
60699.779948583615	-165702367.85366505	1
60699.78006223283	-165702367.81453466	1
60699.78017577252	-165702367.8436556	1
60699.7802892666	-165702367.8753093	1
60699.78040288041	-165702367.86022824	1
60699.78051637419	-165702367.86882102	1
60699.780629901485	-165702367.87199312	1
60699.78085701643	-165702367.8544678	1
60699.78097054135	-165702367.8446334	1
60699.781084066366	-165702367.84103763	1
60699.781197679455	-165702367.8368289	1
60699.78131122192	-165702367.8866492	1
60699.78142474882	-165702367.87006867	1
60699.781538242016	-165702367.8535806	1
60699.781651843194	-165702367.82577544	1
60699.781765354775	-165702367.8438396	1
60699.78187888064	-165702367.821827	1
60699.78199247215	-165702367.84136206	1
60699.78210591224	-165702367.8354438	1
60699.78221948975	-165702367.89475322	1
60699.78233300044	-165702367.90719885	1
60699.782446531004	-165702367.895836	1
60699.78256010567	-165702367.85974628	1
60699.782673763424	-165702367.84532005	1
60699.7827871656	-165702367.86243212	1
60699.78290077107	-165702367.8829977	1
60699.78301430327	-165702367.8687929	1
60699.78312781031	-165702367.8419662	1
60699.783241419114	-165702367.8105724	1
60699.78335496735	-165702367.85229528	1
60699.783468437294	-165702367.81964147	1
60699.78358203007	-165702367.87130934	1
60699.78369558125	-165702367.8378989	1
60699.78380909559	-165702367.85588253	1
60699.783922668816	-165702367.80862862	1
60699.78403626775	-165702367.83125323	1
60699.78414977253	-165702367.87262863	1
60699.784263324495	-165702367.8672539	1
60699.78437675088	-165702367.88415873	1
60699.78449030875	-165702367.88186508	1
60699.78460391797	-165702367.82906199	1
60699.784717345814	-165702367.8528089	1
60699.78483094964	-165702367.89797527	1
60699.78494449962	-165702367.87271148	1
60699.78505808767	-165702367.87691218	1
60699.78517161699	-165702367.82079285	1
60699.7852852067	-165702367.83817744	1
60699.7853987679	-165702367.89821762	1
60699.78551223711	-165702367.87102103	1
60699.78562577083	-165702367.87167865	1
60699.785739318715	-165702367.8221026	1
60699.7858528913	-165702367.85029995	1
60699.78596642505	-165702367.8615291	1
60699.786080009726	-165702367.8885001	1
60699.78619356689	-165702367.8998086	1
60699.7863070255	-165702367.86331606	1
60699.78642059456	-165702367.84691596	1
60699.78653413634	-165702367.87909168	1
60699.786647776666	-165702367.89851004	1
60699.78676118079	-165702367.942962	1
60699.78687474191	-165702367.90828097	1
60699.78698832055	-165702367.87962568	1
60699.78710180308	-165702367.87331235	1
60699.787215418415	-165702367.8313009	1
60699.78732901694	-165702367.85497135	1
60699.787442431436	-165702367.87704414	1
60699.78755597951	-165702367.8856513	1
60699.787669529775	-165702367.85793394	1
60699.787783123014	-165702367.85311443	1
60699.787896612186	-165702367.86523432	1
60699.788010167984	-165702367.8350063	1
60699.788123745806	-165702367.83114028	1
60699.788237293535	-165702367.83950233	1
60699.78835083184	-165702367.84219265	1
60699.78846442062	-165702367.83638746	1
60699.788577936175	-165702367.85268295	1
60699.78869142229	-165702367.84539956	1
60699.78880495272	-165702367.87543154	1
60699.78891854739	-165702367.87255913	1
60699.78903209041	-165702367.87570083	1
60699.7891456434	-165702367.82166702	1
60699.78925919454	-165702367.88146335	1
60699.78937273577	-165702367.86031908	1
60699.7894862023	-165702367.82137662	1
60699.78959981885	-165702367.8722275	1
60699.78971339158	-165702367.87807918	1
60699.78982688585	-165702367.85888022	1
60699.78994044042	-165702367.88610435	1
60699.79005397025	-165702367.90429956	1
60699.79016747788	-165702367.85168523	1
60699.79028102985	-165702367.8640617	1
60699.790394669035	-165702367.8666547	1
60699.79050817822	-165702367.89176685	1
60699.79062171108	-165702367.85662293	1
60699.79073520493	-165702367.85583544	1
60699.79084877153	-165702367.88373238	1
60699.79096224628	-165702367.88124084	1
60699.79107590678	-165702367.85800427	1
60699.79118941591	-165702367.86698204	1
60699.79130294248	-165702367.8273872	1
60699.79141646097	-165702367.85791928	1
60699.79153002231	-165702367.85601485	1
60699.79164361969	-165702367.88932782	1
60699.79175708809	-165702367.8678875	1
60699.791870669374	-165702367.8596127	1
60699.79198424113	-165702367.8156324	1
60699.792097774734	-165702367.83087182	1
60699.792211249034	-165702367.84943473	1
60699.79232485958	-165702367.86906338	1
60699.79243835775	-165702367.8708372	1
60699.792551901635	-165702367.90516472	1
60699.79266549556	-165702367.83986098	1
60699.79277899221	-165702367.85204	1
60699.79289256454	-165702367.807925	1
60699.79300611031	-165702367.83717215	1
60699.793119545866	-165702367.84143203	1
60699.79323320124	-165702367.80984235	1
60699.79334665079	-165702367.8236084	1
60699.79346031464	-165702367.84210324	1
60699.79357372758	-165702367.85334945	1
60699.79368727966	-165702367.8527605	1
60699.79380091145	-165702367.84565657	1
60699.79391439663	-165702367.85090816	1
60699.794028004064	-165702367.85518134	1
60699.794141588856	-165702367.84121656	1
60699.79425504838	-165702367.86081123	1
60699.79436854703	-165702367.84543866	1
60699.79448206751	-165702367.81021178	1
60699.794595748965	-165702367.82186317	1
60699.7947092419	-165702367.8038218	1
60699.79482282539	-165702367.83550096	1
60699.79493627387	-165702367.85784656	1
60699.795049934495	-165702367.84819388	1
60699.795163383846	-165702367.85974568	1
60699.79527695594	-165702367.8843844	1
60699.79539048711	-165702367.86767906	1
60699.795504080226	-165702367.84124553	1
60699.79561754538	-165702367.82763445	1
60699.795731051745	-165702367.85551393	1
60699.79584470587	-165702367.78835893	1
60699.79595822939	-165702367.82787806	1
60699.79607175603	-165702367.7985956	1
60699.796185280735	-165702367.82220584	1
60699.796298836874	-165702367.83907056	1
60699.796412403186	-165702367.81978858	1
60699.79652602301	-165702367.82403517	1
60699.7966395019	-165702367.8132226	1
60699.79675294805	-165702367.81058282	1
60699.79686650671	-165702367.80618334	1
60699.79698007684	-165702367.80766493	1
60699.797093633606	-165702367.8422141	1
60699.79720714015	-165702367.7760864	1
60699.7973207158	-165702367.78120685	1
60699.79743418005	-165702367.8093828	1
60699.79754788194	-165702367.82409143	1
60699.79766130735	-165702367.85800964	1
60699.797774929444	-165702367.82956773	1
60699.79788840011	-165702367.82056302	1
60699.798001922325	-165702367.83808166	1
60699.79811548653	-165702367.87055415	1
60699.79822909351	-165702367.84386784	1
60699.79834260461	-165702367.8518173	1
60699.798456193996	-165702367.83471906	1
60699.79856967462	-165702367.84835082	1
60699.79868326268	-165702367.83998007	1
60699.79879675963	-165702367.86727434	1
60699.798910309466	-165702367.8254131	1
60699.79902387952	-165702367.83564752	1
60699.799137449256	-165702367.83582437	1
60699.79925093271	-165702367.8234157	1
60699.799364472885	-165702367.77103496	1
60699.79947800142	-165702367.7926876	1
60699.79959157688	-165702367.79504687	1
60699.79970509705	-165702367.8261599	1
60699.79981868176	-165702367.80090582	1
60699.79993220942	-165702367.80286026	1
60699.800045765085	-165702367.80413872	1
60699.80015934204	-165702367.83957905	1
60699.80027285633	-165702367.84684038	1
60699.80038640206	-165702367.84258986	1
60699.800499937795	-165702367.86699623	1
60699.80061345301	-165702367.82258397	1
60699.80072694144	-165702367.8594435	1
60699.80084059049	-165702367.8354265	1
60699.8009540698	-165702367.84216213	1
60699.80106760289	-165702367.8076858	1
60699.80118118167	-165702367.7918346	1
60699.801294715224	-165702367.81544214	1
60699.801408298634	-165702367.8285951	1
60699.801521789355	-165702367.85736853	1
60699.80163529761	-165702367.89297414	1
60699.80174882742	-165702367.860573	1
60699.80186247679	-165702367.8509336	1
60699.8019760292	-165702367.8950016	1
60699.80208944245	-165702367.88347715	1
60699.80220304157	-165702367.9033847	1
60699.80231656425	-165702367.84805506	1
60699.802430077114	-165702367.85498744	1
60699.802543673635	-165702367.8045138	1
60699.802657200264	-165702367.80196416	1
60699.80277075278	-165702367.80398512	1
60699.80288429274	-165702367.8355369	1
60699.802997850966	-165702367.75948757	1
60699.803111384055	-165702367.77843153	1
60699.80322499604	-165702367.7864284	1
60699.80333854773	-165702367.786354	1
60699.80345206072	-165702367.78310794	1
60699.803565583556	-165702367.79525727	1
60699.80367907927	-165702367.77597338	1
60699.80379263717	-165702367.78322697	1
60699.80390616727	-165702367.7726751	1
60699.8040197924	-165702367.7804215	1
60699.80413324244	-165702367.7235784	1
60699.8042468936	-165702367.7224775	1
60699.80436045089	-165702367.7082255	1
60699.804473925244	-165702367.70650047	1
60699.80458746418	-165702367.70598745	1
60699.8047009492	-165702367.71501285	1
60699.80481445781	-165702367.76934302	1
60699.804928063044	-165702367.7420246	1
60699.80504160164	-165702367.74446344	1
60699.80515513698	-165702367.7970271	1
60699.80526874704	-165702367.81338137	1
60699.8053821963	-165702367.78173	1
60699.80549585545	-165702367.76549637	1
60699.80560938655	-165702367.77422982	1
60699.805722849655	-165702367.76693946	1
60699.80583644173	-165702367.78268582	1
60699.805949965565	-165702367.75329977	1
60699.80606360624	-165702367.74848944	1
60699.80617699795	-165702367.7387663	1
60699.80629058261	-165702367.76046032	1
60699.80640410955	-165702367.7875889	1
60699.8065176074	-165702367.78255653	1
60699.806631242485	-165702367.7572626	1
60699.80674467274	-165702367.78513837	1
60699.8068582557	-165702367.7702952	1
60699.8069718591	-165702367.74776828	1
60699.80708531333	-165702367.7944752	1
60699.807198930546	-165702367.7890036	1
60699.807312476114	-165702367.78324026	1
60699.80742599152	-165702367.7287768	1
60699.8076530798	-165702367.74143577	1
60699.807766610655	-165702367.75525612	1
60699.807880158376	-165702367.7347579	1
60699.807993748655	-165702367.74302417	1
60699.80810722136	-165702367.73162597	1
60699.808220832114	-165702367.70298058	1
60699.808334287656	-165702367.70676798	1
60699.80844793918	-165702367.74318558	1
60699.80856144221	-165702367.73848772	1
60699.808675029126	-165702367.71577358	1
60699.808788503	-165702367.70942461	1
60699.80890204933	-165702367.71028858	1
60699.80901562192	-165702367.75564307	1
60699.809129156776	-165702367.78223187	1
60699.80924268306	-165702367.74637926	1
60699.80935624089	-165702367.7448563	1
60699.80946984492	-165702367.72885418	1
60699.80958335734	-165702367.76852	1
60699.809696868695	-165702367.7511729	1
60699.80981044414	-165702367.7469855	1
60699.80992397982	-165702367.76619005	1
60699.81003753338	-165702367.75583804	1
60699.81015103594	-165702367.7400877	1
60699.81026459771	-165702367.77728784	1
60699.810378117625	-165702367.77000624	1
60699.81049170237	-165702367.78138816	1
60699.81060514675	-165702367.83621162	1
60699.81071882669	-165702367.7986961	1
60699.81083231518	-165702367.76852918	1
60699.81094583754	-165702367.79348665	1
60699.811059324755	-165702367.74479878	1
60699.81117290611	-165702367.74283332	1
60699.81128647859	-165702367.77484095	1
60699.81140004376	-165702367.7652549	1
60699.81151354068	-165702367.77142215	1
60699.811627139155	-165702367.7606582	1
60699.81174065939	-165702367.79357332	1
60699.811854176565	-165702367.77708882	1
60699.81196777739	-165702367.7862183	1
60699.812081249525	-165702367.76029295	1
60699.812194889644	-165702367.7847079	1
60699.81230844322	-165702367.78817314	1
60699.812421978066	-165702367.77325583	1
60699.812535354904	-165702367.79577374	1
60699.812648937135	-165702367.80037677	1
60699.812762584006	-165702367.76063442	1
60699.812876017866	-165702367.73194587	1
60699.81298960777	-165702367.7594636	1
60699.81310303571	-165702367.77170068	1
60699.813216651964	-165702367.76659822	1
60699.81333021475	-165702367.77470624	1
60699.81344381161	-165702367.77387	1
60699.81355732444	-165702367.77804756	1
60699.81367088839	-165702367.7752738	1
60699.81378432944	-165702367.75771576	1
60699.81389796982	-165702367.73346335	1
60699.81401150628	-165702367.7816947	1
60699.814125031175	-165702367.7941063	1
60699.81423859674	-165702367.7738253	1
60699.8143521621	-165702367.72024322	1
60699.81446571499	-165702367.72785854	1
60699.814579166545	-165702367.7784608	1
60699.8146927321	-165702367.79142618	1
60699.81480632131	-165702367.8048001	1
60699.81491984388	-165702367.81553143	1
60699.815033431085	-165702367.79362994	1
60699.81514693551	-165702367.80580932	1
60699.81526045154	-165702367.78140056	1
60699.81537402251	-165702367.80209774	1
60699.81548751053	-165702367.78608304	1
60699.81560113849	-165702367.77696878	1
60699.81571464406	-165702367.76846987	1
60699.81582821669	-165702367.79894692	1
60699.815941717956	-165702367.7657311	1
60699.81605520211	-165702367.80681252	1
60699.81616877007	-165702367.80084896	1
60699.816282386935	-165702367.7989558	1
60699.81639595536	-165702367.7758515	1
60699.81650935242	-165702367.8173918	1
60699.816622980536	-165702367.8244335	1
60699.8167365241	-165702367.8180151	1
60699.816850127274	-165702367.78849906	1
60699.816963592166	-165702367.76239997	1
60699.81707713128	-165702367.7761382	1
60699.81719069605	-165702367.78480977	1
60699.81730426061	-165702367.80503505	1
60699.81741782995	-165702367.81135345	1
60699.81753129354	-165702367.8301844	1
60699.8176448601	-165702367.83786815	1
60699.81775842425	-165702367.8171028	1
60699.817872057545	-165702367.8471856	1
60699.817985488924	-165702367.85900247	1
60699.81809908833	-165702367.84857994	1
60699.81821259441	-165702367.83482385	1
60699.81832613147	-165702367.8239283	1
60699.818439662515	-165702367.79606098	1
60699.818553235025	-165702367.78200364	1
60699.81866679557	-165702367.83480412	1
60699.81878025262	-165702367.8027851	1
60699.81889386215	-165702367.78663707	1
60699.81900732181	-165702367.77154535	1
60699.819120946006	-165702367.79117078	1
60699.81923447556	-165702367.77048504	1
60699.81934803617	-165702367.80376458	1
60699.8194615088	-165702367.75609434	1
60699.819575109774	-165702367.7618305	1
60699.819688675794	-165702367.75135416	1
60699.81980214367	-165702367.74573934	1
60699.81991568102	-165702367.78117037	1
60699.82002926706	-165702367.8166024	1
60699.820142790304	-165702367.79351544	1
60699.8202562991	-165702367.76606208	1
60699.82036984776	-165702367.76229864	1
60699.82048348496	-165702367.77924168	1
60699.82059696717	-165702367.7792058	1
60699.82071050354	-165702367.76998675	1
60699.82082401713	-165702367.72575325	1
60699.82093761522	-165702367.7531109	1
60699.82105117078	-165702367.7391485	1
60699.821164623696	-165702367.73206806	1
60699.82127825277	-165702367.7517982	1
60699.821391786616	-165702367.7628094	1
60699.821505343876	-165702367.6983077	1
60699.82161883773	-165702367.71534032	1
60699.8217323874	-165702367.7081024	1
60699.82184589743	-165702367.6971392	1
60699.821959470704	-165702367.70936114	1
60699.822073071584	-165702367.72624207	1
60699.82218661373	-165702367.70069057	1
60699.822300182524	-165702367.7173701	1
60699.82241359441	-165702367.7419998	1
60699.82252723632	-165702367.67842513	1
60699.82264070976	-165702367.7047714	1
60699.822754215464	-165702367.72716314	1
60699.82286781161	-165702367.76498777	1
60699.82298134035	-165702367.77229047	1
60699.8230948274	-165702367.77818638	1
60699.82320850092	-165702367.772579	1
60699.82332204687	-165702367.7427823	1
60699.8234355383	-165702367.72714293	1
60699.82354914532	-165702367.7035129	1
60699.82366271373	-165702367.7054298	1
60699.823776220044	-165702367.73214895	1
60699.82388972673	-165702367.6859479	1
60699.82400330166	-165702367.7230621	1
60699.82411676378	-165702367.67632562	1
60699.82423039765	-165702367.6599266	1
60699.82434392012	-165702367.66363162	1
60699.82445741344	-165702367.69040257	1
60699.8245709496	-165702367.70475948	1
60699.824684574356	-165702367.69941288	1
60699.82479804664	-165702367.70691305	1
60699.82491160316	-165702367.71962184	1
60699.82502511975	-165702367.71456224	1
60699.82513863856	-165702367.6956159	1
60699.825252307266	-165702367.71166992	1
60699.825365820856	-165702367.73607564	1
60699.82547936302	-165702367.73514616	1
60699.82559280078	-165702367.69492453	1
60699.82570640352	-165702367.66112918	1
60699.825819950645	-165702367.68271863	1
60699.82593351995	-165702367.62922156	1
60699.82604703404	-165702367.6891294	1
60699.8261605727	-165702367.67049688	1
60699.82627410581	-165702367.66926068	1
60699.82638763018	-165702367.66188693	1
60699.82650123595	-165702367.65461636	1
60699.8266148024	-165702367.64831597	1
60699.8267282863	-165702367.68069857	1
60699.82684187584	-165702367.64477646	1
60699.826955396245	-165702367.66761225	1
60699.8270689119	-165702367.61264098	1
60699.82718252469	-165702367.61508745	1
60699.827295990486	-165702367.66028637	1
60699.82740956912	-165702367.66370416	1
60699.827523111046	-165702367.6915806	1
60699.82763664453	-165702367.67657465	1
60699.827750166514	-165702367.68513644	1
60699.82786371976	-165702367.6444407	1
60699.82797724145	-165702367.68709278	1
60699.828090836236	-165702367.6301217	1
60699.82820434817	-165702367.62493092	1
60699.82831793259	-165702367.59910387	1
60699.828431371825	-165702367.62669885	1
60699.828544927506	-165702367.66422725	1
60699.82865852958	-165702367.66528755	1
60699.828772100016	-165702367.65730292	1
60699.82888559792	-165702367.6799665	1
60699.82899918359	-165702367.6819042	1
60699.82911268408	-165702367.70873696	1
60699.82922624535	-165702367.6736942	1
60699.82933979963	-165702367.67953426	1
60699.82945331511	-165702367.68891627	1
60699.82956685701	-165702367.606547	1
60699.82968049658	-165702367.63344884	1
60699.82979388092	-165702367.6187247	1
60699.829907437386	-165702367.61898404	1
60699.830021096066	-165702367.65551615	1
60699.83013457001	-165702367.66581267	1
60699.83024820677	-165702367.66218066	1
60699.83036168847	-165702367.65273744	1
60699.8304751267	-165702367.65878928	1
60699.830588734185	-165702367.66835457	1
60699.83070234821	-165702367.65338713	1
60699.8308158653	-165702367.66564137	1
60699.83092943597	-165702367.69716734	1
60699.8310429141	-165702367.72692323	1
60699.83115647895	-165702367.6760096	1
60699.831269992836	-165702367.6681639	1
60699.831383600365	-165702367.6701489	1
60699.83149707284	-165702367.6776014	1
60699.83161062979	-165702367.69271457	1
60699.831724164025	-165702367.67267293	1
60699.83183773365	-165702367.66844994	1
60699.8319512591	-165702367.67269516	1
60699.83206484093	-165702367.7000972	1
60699.83217826206	-165702367.70462996	1
60699.83229194145	-165702367.73798907	1
60699.83240545976	-165702367.6580847	1
60699.832518989046	-165702367.62361604	1
60699.83263259181	-165702367.66325927	1
60699.8327460241	-165702367.63114494	1
60699.83285962169	-165702367.66473365	1
60699.832973103694	-165702367.64710426	1
60699.8330866729	-165702367.65790266	1
60699.83320024943	-165702367.66737747	1
60699.83331370462	-165702367.6744129	1
60699.83342732369	-165702367.71348804	1
60699.83354087619	-165702367.72301918	1
60699.833654424576	-165702367.72118837	1
60699.83376792937	-165702367.73722333	1
60699.83388143461	-165702367.6935686	1
60699.83399492998	-165702367.70189488	1
60699.83410860443	-165702367.6630456	1
60699.83422212475	-165702367.66943985	1
60699.83433570305	-165702367.70542192	1
60699.83444932854	-165702367.66030097	1
60699.83456276929	-165702367.6507991	1
60699.83467626676	-165702367.6703332	1
60699.83478981629	-165702367.64496708	1
60699.83490340897	-165702367.66270983	1
60699.83501691233	-165702367.67226017	1
60699.83513044985	-165702367.69319725	1
60699.83524398657	-165702367.70195383	1
60699.83535755291	-165702367.6896417	1
60699.83547116623	-165702367.6662228	1
60699.83558458161	-165702367.65104818	1
60699.83569823832	-165702367.63960838	1
60699.83581177488	-165702367.6424685	1
60699.835925268	-165702367.6518888	1
60699.836038726186	-165702367.6356514	1
60699.83615230584	-165702367.64545995	1
60699.83626583862	-165702367.63007933	1
60699.83637939139	-165702367.6592046	1
60699.836492997354	-165702367.65644085	1
60699.83660654827	-165702367.67522675	1
60699.83672010349	-165702367.65499336	1
60699.83683361714	-165702367.68068486	1
60699.8369471636	-165702367.64379108	1
60699.837060593025	-165702367.65868837	1
60699.83717422804	-165702367.65370393	1
60699.837287760376	-165702367.67110437	1
60699.83740133819	-165702367.681903	1
60699.83751485604	-165702367.65780973	1
60699.83762836357	-165702367.66313183	1
60699.83774189665	-165702367.69725525	1
60699.83785544544	-165702367.67192835	1
60699.83796902843	-165702367.69161284	1
60699.83808255219	-165702367.67352962	1
60699.83819614646	-165702367.67153424	1
60699.838309594124	-165702367.66384447	1
60699.83842320502	-165702367.6974272	1
60699.83853682797	-165702367.68265748	1
60699.83865032427	-165702367.63837606	1
60699.83876383623	-165702367.61061984	1
60699.83887737735	-165702367.63026297	1
60699.83899086554	-165702367.6578703	1
60699.83910440508	-165702367.63313663	1
60699.83921797243	-165702367.65666312	1
60699.83933150766	-165702367.6875323	1
60699.839445090016	-165702367.67742473	1
60699.8395586692	-165702367.693227	1
60699.839672125105	-165702367.6601684	1
60699.83978571152	-165702367.7087776	1
60699.83989930505	-165702367.66584492	1
60699.840012842935	-165702367.65452796	1
60699.84012629354	-165702367.67031503	1
60699.840239913334	-165702367.63877785	1
60699.84035337566	-165702367.6868447	1
60699.84046696178	-165702367.70032018	1
60699.84058048524	-165702367.65321028	1
60699.84069402236	-165702367.67184585	1
60699.84080756545	-165702367.6536082	1
60699.840921067705	-165702367.66757798	1
60699.84103466194	-165702367.6501792	1
60699.841148229156	-165702367.6563354	1
60699.841261773276	-165702367.66499788	1
60699.841375353615	-165702367.67946494	1
60699.84148890837	-165702367.692836	1
60699.84160237319	-165702367.6908279	1
60699.841715931754	-165702367.7070096	1
60699.84182941106	-165702367.68766487	1
60699.841943087675	-165702367.66767645	1
60699.84205659135	-165702367.6765247	1
60699.84217011571	-165702367.66504276	1
60699.84228367554	-165702367.7130586	1
60699.84239723604	-165702367.75542468	1
60699.84251078471	-165702367.74927974	1
60699.84262438209	-165702367.71797985	1
60699.84273777828	-165702367.70774746	1
60699.84285143885	-165702367.724483	1
60699.84296491787	-165702367.70921075	1
60699.843078479265	-165702367.6743135	1
60699.84319196803	-165702367.66026157	1
60699.843305470546	-165702367.6760335	1
60699.84341904571	-165702367.69039762	1
60699.84353262689	-165702367.66875106	1
60699.84364613194	-165702367.67253798	1
60699.84375967993	-165702367.67558515	1
60699.84387326958	-165702367.65864766	1
60699.843986740394	-165702367.69773936	1
60699.84410029632	-165702367.69727927	1
60699.84421386239	-165702367.68853033	1
60699.844327454426	-165702367.66267926	1
60699.84444092632	-165702367.6896268	1
60699.84455450916	-165702367.73675567	1
60699.84466805732	-165702367.67107588	1
60699.844781567794	-165702367.67895412	1
60699.84489508989	-165702367.67176384	1
60699.845008651886	-165702367.6713233	1
60699.84512223033	-165702367.65071756	1
60699.84523574328	-165702367.71090126	1
60699.84534932686	-165702367.6723495	1
60699.84546278505	-165702367.67050493	1
60699.84557640339	-165702367.68444037	1
60699.84568990807	-165702367.6751784	1
60699.84580345984	-165702367.63095748	1
60699.845917065715	-165702367.66977608	1
60699.84603060636	-165702367.70631826	1
60699.846144092415	-165702367.73611778	1
60699.84625767117	-165702367.71709234	1
60699.84637124996	-165702367.6734252	1
60699.846484723166	-165702367.65685004	1
60699.84659822739	-165702367.66122836	1
60699.84671176159	-165702367.6907959	1
60699.84682537298	-165702367.67221534	1
60699.846938919116	-165702367.6320923	1
60699.84705243029	-165702367.6852529	1
60699.84716592585	-165702367.68092233	1
60699.84727950773	-165702367.69517702	1
60699.847393049415	-165702367.68007272	1
60699.847506590915	-165702367.66613656	1
60699.84762015723	-165702367.66186333	1
60699.84773364862	-165702367.6856135	1
60699.84784726679	-165702367.66041338	1
60699.84796079477	-165702367.69521385	1
60699.848074297624	-165702367.72621268	1
60699.848187869546	-165702367.6579849	1
60699.848301450744	-165702367.6401509	1
60699.848414962165	-165702367.63620883	1
60699.84852847835	-165702367.64261645	1
60699.84864207185	-165702367.6568693	1
60699.84875562378	-165702367.64315933	1
60699.848869132635	-165702367.6420334	1
60699.84898267589	-165702367.63062406	1
60699.849096179154	-165702367.67877257	1
60699.8492098177	-165702367.65442497	1
60699.84932335023	-165702367.64157486	1
60699.849436804216	-165702367.65762943	1
60699.849550340834	-165702367.63294286	1
60699.84966392312	-165702367.6045667	1
60699.84977746282	-165702367.6622216	1
60699.84989101992	-165702367.68128622	1
60699.85000451781	-165702367.65977997	1
60699.85011812619	-165702367.65988892	1
60699.85023165469	-165702367.725551	1
60699.85034520318	-165702367.68700486	1
60699.85045875821	-165702367.6799417	1
60699.85057236362	-165702367.6894976	1
60699.85068580879	-165702367.6599542	1
60699.850799348205	-165702367.6144886	1
60699.85091294016	-165702367.63225514	1
60699.85102641892	-165702367.6160208	1
60699.851140011786	-165702367.61082906	1
60699.85125349961	-165702367.6541142	1
60699.85136711674	-165702367.65338862	1
60699.85148060852	-165702367.6205744	1
60699.851594164575	-165702367.6252005	1
60699.85261599051	-165702367.6151334	1
60699.852729575105	-165702367.61586833	1
60699.85284319797	-165702367.63222146	1
60699.8529566748	-165702367.65152073	1
60699.85307025225	-165702367.66663903	1
60699.85318376985	-165702367.69581783	1
60699.853297240195	-165702367.64541662	1
60699.85341085754	-165702367.64566392	1
60699.8535243996	-165702367.66188753	1
60699.85363792105	-165702367.64968956	1
60699.85375144689	-165702367.66735977	1
60699.85386504658	-165702367.64129215	1
60699.85397857924	-165702367.6266148	1
60699.854092141555	-165702367.67171663	1
60699.85420555389	-165702367.68456727	1
60699.854319191705	-165702367.6930104	1
60699.85443271571	-165702367.6818797	1
60699.85454634969	-165702367.6214773	1
60699.85465979698	-165702367.62449157	1
60699.85477338485	-165702367.63858652	1
60699.85488688721	-165702367.66785485	1
60699.85500042458	-165702367.6631546	1
60699.85511398497	-165702367.74381977	1
60699.85534111767	-165702367.67473125	1
60699.85545465459	-165702367.72077435	1
60699.855568168605	-165702367.68683684	1
60699.85568164193	-165702367.70938838	1
60699.85579521852	-165702367.69485664	1
60699.855908765574	-165702367.69144863	1
60699.85613596178	-165702367.64284784	1
60699.856249413126	-165702367.7031861	1
60699.856362945975	-165702367.70059323	1
60699.85647656642	-165702367.69602734	1
60699.85658998496	-165702367.71037853	1
60699.856703577876	-165702367.69496393	1
60699.85681707698	-165702367.6703261	1
60699.8569306351	-165702367.66169792	1
60699.85704416193	-165702367.67605436	1
60699.85715779059	-165702367.6568768	1
60699.85727132436	-165702367.62365055	1
60699.85738474294	-165702367.64277244	1
60699.85749836606	-165702367.69713843	1
60699.85761196198	-165702367.63401216	1
60699.8577254586	-165702367.6456182	1
60699.85783895731	-165702367.6263637	1
60699.85795256908	-165702367.62756342	1
60699.85806609348	-165702367.64074498	1
60699.85817966914	-165702367.6455403	1
60699.85829313246	-165702367.59374487	1
60699.85840671792	-165702367.6140871	1
60699.85852027983	-165702367.62291354	1
60699.85863379132	-165702367.63028347	1
60699.85874736901	-165702367.60761535	1
60699.85886094213	-165702367.63555545	1
60699.85897449871	-165702367.6537131	1
60699.85908798032	-165702367.6083762	1
60699.859201549334	-165702367.62878245	1
60699.85931510546	-165702367.64407617	1
60699.85942858845	-165702367.63270402	1
60699.85954216377	-165702367.61904895	1
60699.85965574646	-165702367.64865696	1
60699.859769217204	-165702367.6275462	1
60699.8598827999	-165702367.6424634	1
60699.85999629648	-165702367.69910997	1
60699.86010983039	-165702367.74682885	1
60699.86022341295	-165702367.66764063	1
60699.86033692573	-165702367.64774394	1
60699.86045051974	-165702367.6655401	1
60699.860564046874	-165702367.6747852	1
60699.86067758501	-165702367.64178514	1
60699.86079116313	-165702367.6341098	1
60699.86090467952	-165702367.63290888	1
60699.861018180956	-165702367.6624825	1
60699.86113174272	-165702367.6727336	1
60699.86124529222	-165702367.65932238	1
60699.86135880774	-165702367.62413037	1
60699.86147232469	-165702367.63026625	1
60699.86158596072	-165702367.6368392	1
60699.86169948024	-165702367.6238317	1
60699.86181300876	-165702367.61806768	1
60699.86192654945	-165702367.64419675	1
60699.862040071865	-165702367.64994693	1
60699.86215360768	-165702367.61807108	1
60699.86226716455	-165702367.66468102	1
60699.86238081164	-165702367.6848156	1
60699.86249422747	-165702367.69441795	1
60699.86260779992	-165702367.6965652	1
60699.86272131972	-165702367.68025863	1
60699.862834858584	-165702367.640243	1
60699.86294844692	-165702367.64886802	1
60699.86306197164	-165702367.61432922	1
60699.86317547658	-165702367.62592626	1
60699.8632890568	-165702367.60820627	1
60699.86340260797	-165702367.6181885	1
60699.86351615937	-165702367.60412014	1
60699.863629687905	-165702367.66134465	1
60699.863743290014	-165702367.6641025	1
60699.86385675381	-165702367.6592402	1
60699.8639703404	-165702367.65603322	1
60699.86408385332	-165702367.6596756	1
60699.864197479605	-165702367.68557805	1
60699.86431102087	-165702367.61964798	1
60699.864424571075	-165702367.63685834	1
60699.86453805376	-165702367.6386562	1
60699.864651517106	-165702367.64692867	1
60699.86476513349	-165702367.65705913	1
60699.86487862388	-165702367.66199923	1
60699.864992230854	-165702367.67481685	1
60699.86510583068	-165702367.65983808	1
60699.8652192836	-165702367.68139893	1
60699.86533282866	-165702367.6857252	1
60699.86544634972	-165702367.6701334	1
60699.86555997719	-165702367.6449505	1
60699.86567350102	-165702367.67545503	1
60699.86578700988	-165702367.6865406	1
60699.865900538876	-165702367.69120675	1
60699.86601412929	-165702367.6848398	1
60699.86612762825	-165702367.66200346	1
60699.86624118722	-165702367.67054856	1
60699.866354718586	-165702367.63912654	1
60699.86646823116	-165702367.6077217	1
60699.86658186921	-165702367.62915266	1
60699.866695275006	-165702367.60614425	1
60699.86680893061	-165702367.6478324	1
60699.86692242126	-165702367.61365288	1
60699.86703599993	-165702367.6068762	1
60699.867149504236	-165702367.59019583	1
60699.867263023225	-165702367.56164265	1
60699.867376595364	-165702367.6306703	1
60699.867490123106	-165702367.6047461	1
60699.86760368486	-165702367.5765695	1
60699.867717221314	-165702367.5951416	1
60699.867830790885	-165702367.61147314	1
60699.86794441887	-165702367.59779	1
60699.8680578862	-165702367.59272152	1
60699.868171454254	-165702367.618644	1
60699.868284978504	-165702367.60259807	1
60699.86839848241	-165702367.6433934	1
60699.86851207482	-165702367.62966132	1
60699.86862563639	-165702367.6182214	1
60699.86873913577	-165702367.6251828	1
60699.86885264903	-165702367.64010328	1
60699.86896619947	-165702367.65035778	1
60699.86907968541	-165702367.59785032	1
60699.86919323939	-165702367.5920521	1
60699.86930679981	-165702367.62786603	1
60699.869420364514	-165702367.6231246	1
60699.8695339429	-165702367.6554556	1
60699.86964747908	-165702367.58582914	1
60699.86976094718	-165702367.56457204	1
60699.86987456736	-165702367.58211714	1
60699.86998809892	-165702367.57218128	1
60699.87010160389	-165702367.60331833	1
60699.87021524474	-165702367.6042443	1
60699.87032880077	-165702367.57718617	1
60699.870442296946	-165702367.56892085	1
60699.87055574178	-165702367.5822463	1
60699.8706693345	-165702367.6116587	1
60699.87078288905	-165702367.60683352	1
60699.87089642242	-165702367.64136332	1
60699.87100998846	-165702367.65275604	1
60699.87112351829	-165702367.6261155	1
60699.87123710701	-165702367.68453872	1
60699.87135062776	-165702367.6633306	1
60699.87146414645	-165702367.6530947	1
60699.87157763748	-165702367.65990627	1
60699.87169116325	-165702367.66761792	1
60699.87180474422	-165702367.6525457	1
60699.87191829524	-165702367.65580273	1
60699.87203188451	-165702367.64947122	1
60699.872145378526	-165702367.5840069	1
60699.872258982934	-165702367.57282662	1
60699.87237255361	-165702367.5498038	1
60699.87271309871	-165702367.55925226	1
60699.87282661607	-165702367.5598473	1
60699.87294020326	-165702367.53658587	1
60699.87305381009	-165702367.55379146	1
60699.87316724802	-165702367.5533082	1
60699.873280883054	-165702367.5414493	1
60699.87339432593	-165702367.54879665	1
60699.87350792465	-165702367.53978378	1
60699.87362147013	-165702367.54422176	1
60699.873735065536	-165702367.51419055	1
60699.87384861684	-165702367.58197218	1
60699.87396208028	-165702367.55011827	1
60699.87407556719	-165702367.5462979	1
60699.87418917496	-165702367.55280757	1
60699.8743027161	-165702367.57163274	1
60699.87441627977	-165702367.57565176	1
60699.874529797045	-165702367.5971148	1
60699.874643321105	-165702367.59559864	1
60699.874756853096	-165702367.5843112	1
60699.874870521904	-165702367.57826573	1
60699.874983991256	-165702367.5701617	1
60699.87509752585	-165702367.59496158	1
60699.87521097207	-165702367.6036234	1
60699.8753246139	-165702367.59901327	1
60699.875438179726	-165702367.62972367	1
60699.87555174712	-165702367.64514977	1
60699.87566523446	-165702367.61137885	1
60699.875778744536	-165702367.60608685	1
60699.875892326236	-165702367.61586392	1
60699.876005972146	-165702367.63315803	1
60699.8761193659	-165702367.59790516	1
60699.87623297318	-165702367.61935353	1
60699.87634648223	-165702367.60207957	1
60699.87645999686	-165702367.62197226	1
60699.87657358827	-165702367.61896586	1
60699.87668713849	-165702367.62394452	1
60699.87680066986	-165702367.61605293	1
60699.876914212524	-165702367.6117888	1
60699.877027763534	-165702367.58961552	1
60699.87714132305	-165702367.61074024	1
60699.87725487	-165702367.62774235	1
60699.8773684051	-165702367.59311402	1
60699.877709104294	-165702367.62042975	1
60699.87782253717	-165702367.60991412	1
60699.877936185396	-165702367.58402187	1
60699.87804969703	-165702367.57851535	1
60699.87816323474	-165702367.6089921	1
60699.878276745796	-165702367.63430965	1
60699.87839023828	-165702367.58557165	1
60699.87850381617	-165702367.5656005	1
60699.87861740716	-165702367.58655798	1
60699.87873088022	-165702367.61466086	1
60699.87884449601	-165702367.59450454	1
60699.878957947934	-165702367.58347	1
60699.879071519375	-165702367.6064756	1
60699.87918509635	-165702367.6001231	1
60699.87929859326	-165702367.61958432	1
60699.879412190414	-165702367.58442426	1
60699.87952568645	-165702367.57587963	1
60699.87963927235	-165702367.58366334	1
60699.87975271901	-165702367.56570894	1
60699.879866386495	-165702367.59895164	1
60699.87997989714	-165702367.62387568	1
60699.88009346729	-165702367.59820116	1
60699.88020701202	-165702367.62303126	1
60699.880320532764	-165702367.6050514	1
60699.88043400146	-165702367.61408502	1
60699.880547609144	-165702367.5848682	1
60699.88066110748	-165702367.5941524	1
60699.88077464385	-165702367.61449993	1
60699.88088825316	-165702367.5815106	1
60699.88100176527	-165702367.5783462	1
60699.88111537974	-165702367.57381237	1
60699.881229051876	-165702367.55995047	1
60699.881342384244	-165702367.53502017	1
60699.88145591609	-165702367.5433693	1
60699.88156949687	-165702367.62114573	1
60699.88168294746	-165702367.55727142	1
60699.881796574344	-165702367.60982347	1
60699.88191009511	-165702367.56310523	1
60699.88202369692	-165702367.57811415	1
60699.88213719401	-165702367.5507143	1
60699.882250782626	-165702367.61780894	1
60699.88236427555	-165702367.57740295	1
60699.88247781275	-165702367.56852537	1
60699.88259139382	-165702367.5747481	1
60699.88270486775	-165702367.57707113	1
60699.88281843774	-165702367.55925477	1
60699.882932069515	-165702367.57019103	1
60699.88304551985	-165702367.5731563	1
60699.88315908702	-165702367.5128131	1
60699.883272670304	-165702367.5321728	1
60699.883386104426	-165702367.5658329	1
60699.88349971847	-165702367.56723982	1
60699.88361321792	-165702367.53400934	1
60699.88372677842	-165702367.55008262	1
60699.88384033442	-165702367.5230885	1
60699.883953885896	-165702367.56744856	1
60699.88406740707	-165702367.60787606	1
60699.88418095921	-165702367.5490778	1
60699.88429451486	-165702367.57036692	1
60699.88440808678	-165702367.53156626	1
60699.88452161684	-165702367.55387384	1
60699.88463514878	-165702367.57104367	1
60699.88474876035	-165702367.62046963	1
60699.88486225289	-165702367.64497054	1
60699.88497579957	-165702367.6218357	1
60699.88508933298	-165702367.59938687	1
60699.885202817975	-165702367.60431677	1
60699.88531635542	-165702367.60891002	1
60699.88542998099	-165702367.6041165	1
60699.88554346765	-165702367.58805478	1
60699.8856570306	-165702367.57721806	1
60699.885770597175	-165702367.57113743	1
60699.88588410247	-165702367.58569562	1
60699.88599770047	-165702367.59611148	1
60699.88611117288	-165702367.61506224	1
60699.886224701884	-165702367.61182725	1
60699.88633832349	-165702367.61553967	1
60699.88645177038	-165702367.57627857	1
60699.88656542474	-165702367.611206	1
60699.886678917435	-165702367.5920121	1
60699.88679244097	-165702367.57181805	1
60699.886905937354	-165702367.59739166	1
60699.88701955336	-165702367.58231497	1
60699.88713312855	-165702367.5970049	1
60699.88724668624	-165702367.578088	1
60699.88736018473	-165702367.59148586	1
60699.88747366857	-165702367.60832196	1
60699.88758726347	-165702367.60928506	1
60699.88770076849	-165702367.60501236	1
60699.887814337766	-165702367.61635125	1
60699.88792792817	-165702367.60389268	1
60699.88804143605	-165702367.60724956	1
60699.88815499318	-165702367.56002903	1
60699.88826850448	-165702367.56083417	1
60699.88838209827	-165702367.54758656	1
60699.888495638086	-165702367.6017484	1
60699.888609125584	-165702367.61092204	1
60699.8887225858	-165702367.5860439	1
60699.88894972366	-165702367.61647278	1
60699.88906334953	-165702367.63907427	1
60699.88917693826	-165702367.62662804	1
60699.88929034864	-165702367.6028635	1
60699.88940398098	-165702367.59287637	1
60699.88951747447	-165702367.58877224	1
60699.889631047205	-165702367.61002177	1
60699.8897445686	-165702367.5844068	1
60699.889858072114	-165702367.6082005	1
60699.889971663586	-165702367.597606	1
60699.89008517118	-165702367.61267716	1
60699.89019872697	-165702367.60679972	1
60699.89031223399	-165702367.62501848	1
60699.89042578592	-165702367.56257433	1
60699.89053934247	-165702367.57714564	1
60699.89065292849	-165702367.57317019	1
60699.89076644608	-165702367.5275737	1
60699.89087996924	-165702367.54919678	1
60699.89099350518	-165702367.59080023	1
60699.89110704458	-165702367.5995335	1
60699.89122058925	-165702367.61156005	1
60699.89133418671	-165702367.59274733	1
60699.891447719274	-165702367.62173283	1
60699.89156130506	-165702367.60166824	1
60699.891674826	-165702367.57826275	1
60699.89178831525	-165702367.56378764	1
60699.89190179537	-165702367.5428543	1
60699.89201540169	-165702367.57548165	1
60699.89212891954	-165702367.54551888	1
60699.892242452945	-165702367.5392787	1
60699.892355979915	-165702367.54718745	1
60699.8924695894	-165702367.55085915	1
60699.89258308865	-165702367.60268688	1
60699.89269667751	-165702367.59332752	1
60699.892810243146	-165702367.58134794	1
60699.89292372685	-165702367.58810192	1
60699.89303727206	-165702367.59418386	1
60699.89315084282	-165702367.5375316	1
60699.89326434122	-165702367.57506454	1
60699.893377923545	-165702367.5328073	1
60699.89349152876	-165702367.5486573	1
60699.89360501816	-165702367.49728447	1
60699.893718512234	-165702367.50013435	1
60699.89383210908	-165702367.5228994	1
60699.893945682816	-165702367.5252936	1
60699.89405921824	-165702367.56577814	1
60699.894172732726	-165702367.5346548	1
60699.89428626407	-165702367.53469145	1
60699.894399859404	-165702367.5835709	1
60699.894513292485	-165702367.52780622	1
60699.89462693996	-165702367.52637738	1
60699.89474047754	-165702367.5612296	1
60699.894853961945	-165702367.53047132	1
60699.894967447515	-165702367.51125443	1
60699.89508109039	-165702367.55332583	1
60699.89519469383	-165702367.5710023	1
60699.89530811359	-165702367.56170648	1
60699.89542166444	-165702367.6112432	1
60699.89553515516	-165702367.592721	1
60699.89564879401	-165702367.51846635	1
60699.895762375716	-165702367.5405063	1
60699.89587585466	-165702367.60633743	1
60699.89598945275	-165702367.5654449	1
60699.89610293503	-165702367.56728506	1
60699.896216493304	-165702367.56331348	1
60699.896330065596	-165702367.5651713	1
60699.896443593905	-165702367.57760835	1
60699.89655717694	-165702367.54279262	1
60699.896670647184	-165702367.55712247	1
60699.896784255296	-165702367.61507016	1
60699.89689773891	-165702367.64152855	1
60699.89701143262	-165702367.609639	1
60699.89712476496	-165702367.60411078	1
60699.89723843889	-165702367.59802115	1
60699.89735191579	-165702367.5581991	1
60699.89746549639	-165702367.53576905	1
60699.897578939	-165702367.5462789	1
60699.89769255348	-165702367.57103837	1
60699.897806045316	-165702367.53559405	1
60699.89791965547	-165702367.5401153	1
60699.89803321561	-165702367.53548694	1
60699.89814671954	-165702367.53139818	1
60699.89826022757	-165702367.58019114	1
60699.89837381226	-165702367.57080412	1
60699.89848736937	-165702367.5390789	1
60699.89860095029	-165702367.55982924	1
60699.89871445046	-165702367.5496717	1
60699.89882803048	-165702367.5237434	1
60699.89894151898	-165702367.56492317	1
60699.89905514573	-165702367.53207558	1
60699.899168601776	-165702367.5652361	1
60699.89928218594	-165702367.55516577	1
60699.89939571856	-165702367.57116145	1
60699.89950922917	-165702367.55192035	1
60699.89962275978	-165702367.54429418	1
60699.89973636869	-165702367.52991086	1
60699.89984985676	-165702367.5164135	1
60699.89996336056	-165702367.47499257	1
60699.900076966376	-165702367.46243083	1
60699.900190499335	-165702367.52002108	1
60699.90030405019	-165702367.5008664	1
60699.90041759424	-165702367.51324546	1
60699.900531092004	-165702367.4870913	1
60699.90064468237	-165702367.51432163	1
60699.900758252574	-165702367.5055195	1
60699.90087177943	-165702367.55587304	1
60699.90098534697	-165702367.52975953	1
60699.90109880895	-165702367.49445778	1
60699.901212423465	-165702367.48866874	1
60699.90132590802	-165702367.4728949	1
60699.90143943309	-165702367.50533962	1
60699.901553001626	-165702367.55249977	1
60699.901666571146	-165702367.5477255	1
60699.901780141314	-165702367.59384847	1
60699.90189360281	-165702367.52007633	1
60699.90200716481	-165702367.5423848	1
60699.902120768005	-165702367.55443496	1
60699.90223426589	-165702367.58830488	1
60699.902347752046	-165702367.56876475	1
60699.90246136046	-165702367.53963178	1
60699.902574908614	-165702367.53707486	1
60699.902688451126	-165702367.51830453	1
60699.90280192064	-165702367.51195502	1
60699.90291547559	-165702367.4965061	1
60699.90302903729	-165702367.5070408	1
60699.90314264	-165702367.50246972	1
60699.903256112804	-165702367.5094949	1
60699.90336968684	-165702367.5396127	1
60699.90348323911	-165702367.4998936	1
60699.9035967985	-165702367.50220168	1
60699.90371036555	-165702367.53087664	1
60699.90382387438	-165702367.52447987	1
60699.903937425566	-165702367.56749743	1
60699.90405098544	-165702367.53992134	1
60699.9041645042	-165702367.56692654	1
60699.90427812267	-165702367.55817395	1
60699.90439157931	-165702367.5393427	1
60699.90450517179	-165702367.5074172	1
60699.90461869908	-165702367.49478263	1
60699.90473220538	-165702367.48483866	1
60699.90484580129	-165702367.54703963	1
60699.90495935208	-165702367.55784506	1
60699.90507286649	-165702367.5112502	1
60699.90518633834	-165702367.55344474	1
60699.90529997364	-165702367.55951083	1
60699.905413448454	-165702367.526609	1
60699.9055270412	-165702367.53477448	1
60699.905640514786	-165702367.54551363	1
60699.905754039624	-165702367.55538929	1
60699.90586762187	-165702367.5843103	1
60699.90598114524	-165702367.57097	1
60699.906094692546	-165702367.5711506	1
60699.906208320834	-165702367.58023924	1
60699.906321847244	-165702367.5609058	1
60699.90643536623	-165702367.54449338	1
60699.90654893744	-165702367.50913364	1
60699.906662483416	-165702367.50495958	1
60699.90677592991	-165702367.5320211	1
60699.90688953808	-165702367.54747283	1
60699.90700304321	-165702367.55599076	1
60699.90711655931	-165702367.56044167	1
60699.90723017929	-165702367.5363354	1
60699.90734367601	-165702367.54514283	1
60699.907457163885	-165702367.55419397	1
60699.90757072139	-165702367.544586	1
60699.907684337326	-165702367.53739876	1
60699.90779786316	-165702367.555238	1
60699.90791138306	-165702367.5413372	1
60699.908024939934	-165702367.52567124	1
60699.90813858385	-165702367.5528909	1
60699.90825204179	-165702367.5930544	1
60699.90836559842	-165702367.58584386	1
60699.908479155674	-165702367.57400316	1
60699.908592661704	-165702367.58214402	1
60699.90870622984	-165702367.60098976	1
60699.90881980501	-165702367.59311515	1
60699.90893339682	-165702367.58360285	1
60699.90904682347	-165702367.58988875	1
60699.90916034752	-165702367.61146063	1
60699.909273985526	-165702367.58119708	1
60699.90938747153	-165702367.57148832	1
60699.90950096539	-165702367.57546425	1
60699.909614605065	-165702367.49633247	1
60699.909728026934	-165702367.53176105	1
60699.90984168164	-165702367.56156307	1
60699.90995517434	-165702367.55503905	1
60699.910210713126	-165702367.5770828	1
60699.91032417033	-165702367.58233452	1
60699.910437740225	-165702367.56739092	1
60699.91055132811	-165702367.56516385	1
60699.910664752526	-165702367.56243986	1
60699.91077841536	-165702367.5386802	1
60699.910891969375	-165702367.57496083	1
60699.91100543734	-165702367.5074808	1
60699.91111904026	-165702367.47596854	1
60699.91123248152	-165702367.5332756	1
60699.91134611613	-165702367.50126302	1
60699.91145961398	-165702367.52665353	1
60699.91157319024	-165702367.5203128	1
60699.91168673004	-165702367.50281656	1
60699.91180029526	-165702367.5347982	1
60699.911913843935	-165702367.5717777	1
60699.91202738042	-165702367.55592418	1
60699.91214092636	-165702367.5123151	1
60699.91225444999	-165702367.48196	1
60699.91236800465	-165702367.51136643	1
60699.91248152299	-165702367.51520997	1
60699.91259509793	-165702367.51135975	1
60699.9127086336	-165702367.53530288	1
60699.912822137194	-165702367.48909253	1
60699.91293567586	-165702367.50452232	1
60699.9130492196	-165702367.4509657	1
60699.913162775	-165702367.43481892	1
60699.91327636942	-165702367.44902992	1
60699.9133898045	-165702367.47042674	1
60699.913503366224	-165702367.44188446	1
60699.913616966245	-165702367.43123215	1
60699.91373047493	-165702367.47988862	1
60699.91384399166	-165702367.53787577	1
60699.913957606776	-165702367.47830582	1
60699.91407116445	-165702367.4559039	1
60699.91418465146	-165702367.49661994	1
60699.91429821573	-165702367.47494227	1
60699.914411696926	-165702367.48422062	1
60699.91452526539	-165702367.47074503	1
60699.91463884733	-165702367.43795705	1
60699.91475240443	-165702367.46698076	1
60699.91486590706	-165702367.48971993	1
60699.91497944208	-165702367.46970612	1
60699.91509299409	-165702367.48928994	1
60699.9152065472	-165702367.45156932	1
60699.91532015534	-165702367.4854403	1
60699.916824571366	-165702367.46609718	1
60699.916938055554	-165702367.47790205	1
60699.91705161924	-165702367.473418	1
60699.91716506503	-165702367.4664554	1
60699.917278690744	-165702367.41706878	1
60699.91739230874	-165702367.39731205	1
60699.917505802536	-165702367.4578318	1
60699.91761935549	-165702367.46611392	1
60699.917732849724	-165702367.46249974	1
60699.91784644611	-165702367.4711451	1
60699.91796000312	-165702367.43909776	1
60699.91807347025	-165702367.43541414	1
60699.9181870223	-165702367.43581462	1
60699.91830063272	-165702367.47625297	1
60699.91841416198	-165702367.4325943	1
60699.91852771735	-165702367.4642822	1
60699.91864123689	-165702367.45364606	1
60699.918754736565	-165702367.46085483	1
60699.91886830394	-165702367.43949312	1
60699.91898187719	-165702367.44899666	1
60699.919095413796	-165702367.45059276	1
60699.91920900867	-165702367.49874377	1
60699.91932242077	-165702367.46257788	1
60699.91943609975	-165702367.45350003	1
60699.91954957341	-165702367.4877972	1
60699.91966306303	-165702367.50686705	1
60699.91977660384	-165702367.44207025	1
60699.91989013252	-165702367.479173	1
60699.92000373535	-165702367.43988448	1
60699.920117314075	-165702367.46769178	1
60699.920230840966	-165702367.43991798	1
60699.92034436274	-165702367.49696803	1
60699.920457937675	-165702367.5061648	1
60699.92057144866	-165702367.51576394	1
60699.92068506744	-165702367.48008323	1
60699.92079848931	-165702367.4780618	1
60699.92091213149	-165702367.4500845	1
60699.92102561802	-165702367.44599396	1
60699.921139114675	-165702367.47557032	1
60699.92125268583	-165702367.48330832	1
60699.92136625205	-165702367.46917516	1
60699.92147988256	-165702367.4842975	1
60699.92159331887	-165702367.45020205	1
60699.921706880246	-165702367.46277714	1
60699.92182041203	-165702367.46434313	1
60699.921933913465	-165702367.46164364	1
60699.92204750732	-165702367.49834293	1
60699.92216107558	-165702367.48405153	1
60699.92227464271	-165702367.45832682	1
60699.92238818473	-165702367.4885463	1
60699.922501697176	-165702367.45964372	1
60699.922615221236	-165702367.4386568	1
60699.92272877525	-165702367.42921096	1
60699.9228423264	-165702367.46922994	1
60699.92295586117	-165702367.43837357	1
60699.923069458535	-165702367.4658727	1
60699.92318297956	-165702367.4821083	1
60699.923296489826	-165702367.4904967	1
60699.923410049065	-165702367.48236287	1
60699.92352356174	-165702367.47529578	1
60699.92363706486	-165702367.46777517	1
60699.92375063	-165702367.49918902	1
60699.923864228585	-165702367.49092883	1
60699.923977741826	-165702367.49745142	1
60699.92409126318	-165702367.52028114	1
60699.924204887204	-165702367.50836277	1
60699.92431834221	-165702367.51245046	1
60699.92443185375	-165702367.52527314	1
60699.92454545864	-165702367.47770846	1
60699.92465906838	-165702367.5078262	1
60699.9247724649	-165702367.49825615	1
60699.92488606982	-165702367.50559956	1
60699.92499954649	-165702367.4970789	1
60699.92511312288	-165702367.48170584	1
60699.92522667674	-165702367.48769307	1
60699.92534026894	-165702367.50235432	1
60699.92545381379	-165702367.4775529	1
60699.925567361155	-165702367.51380157	1
60699.925680828186	-165702367.49905854	1
60699.92579442148	-165702367.48710185	1
60699.92590796457	-165702367.4945181	1
60699.92602146125	-165702367.4905774	1
60699.92613505957	-165702367.51137072	1
60699.926248558506	-165702367.49904007	1
60699.92636211603	-165702367.46617275	1
60699.92647567434	-165702367.44138873	1
60699.92658922383	-165702367.45487177	1
60699.92670271934	-165702367.47425443	1
60699.92681630362	-165702367.4295404	1
60699.92692988656	-165702367.43950844	1
60699.927043310665	-165702367.45704907	1
60699.92715695098	-165702367.43149787	1
60699.9272704379	-165702367.49664325	1
60699.92738403724	-165702367.5334589	1
60699.927497458615	-165702367.45053256	1
60699.92761111542	-165702367.48431498	1
60699.92772465247	-165702367.49511242	1
60699.92783827435	-165702367.48142225	1
60699.92795174786	-165702367.46266097	1
60699.92806530593	-165702367.44957352	1
60699.9281788238	-165702367.44587153	1
60699.928292351506	-165702367.46980393	1
60699.92840584454	-165702367.4895079	1
60699.92851945458	-165702367.49331558	1
60699.9286330079	-165702367.50532472	1
60699.928746496116	-165702367.4681269	1
60699.92886007571	-165702367.50406367	1
60699.92897365548	-165702367.4861781	1
60699.929087099656	-165702367.51449448	1
60699.92920062675	-165702367.48958778	1
60699.92931417446	-165702367.46111876	1
60699.9294277738	-165702367.44829154	1
60699.92954129748	-165702367.44286066	1
60699.92965496578	-165702367.44620603	1
60699.92976842816	-165702367.45583105	1
60699.92988186057	-165702367.44924152	1
60699.92999539551	-165702367.42995512	1
60699.9301091131	-165702367.41546774	1
60699.93022267328	-165702367.4404065	1
60699.93033618173	-165702367.45876896	1
60699.93044961567	-165702367.49547976	1
60699.93056319752	-165702367.4671092	1
60699.93067675734	-165702367.46202028	1
60699.930790267594	-165702367.44954306	1
60699.93090383584	-165702367.43934792	1
60699.93101737261	-165702367.4453134	1
60699.931130878314	-165702367.41887414	1
60699.93124448223	-165702367.4559456	1
60699.931358066955	-165702367.50572026	1
60699.93147147951	-165702367.49633074	1
60699.93158514071	-165702367.46070683	1
60699.931698627006	-165702367.46227735	1
60699.93181216904	-165702367.4606362	1
60699.93192577239	-165702367.4898829	1
60699.932039299856	-165702367.52406615	1
60699.93215283986	-165702367.48905295	1
60699.932266316544	-165702367.45091134	1
60699.932379900376	-165702367.4629107	1
60699.93249346662	-165702367.47178698	1
60699.93260694955	-165702367.49031007	1
60699.93272051241	-165702367.46263343	1
60699.93283407885	-165702367.4164037	1
60699.9329475864	-165702367.43730438	1
60699.93306117615	-165702367.4074102	1
60699.933174745536	-165702367.41433376	1
60699.9332881832	-165702367.4754727	1
60699.93340183492	-165702367.493685	1
60699.933515333454	-165702367.51413935	1
60699.933628921746	-165702367.48688096	1
60699.93374238465	-165702367.4988972	1
60699.93385593485	-165702367.46951187	1
60699.933969511105	-165702367.48186803	1
60699.934083066095	-165702367.4711815	1
60699.93419664075	-165702367.48404515	1
60699.93431012338	-165702367.49615437	1
60699.934423659484	-165702367.49414533	1
60699.93453724184	-165702367.4633301	1
60699.93465073943	-165702367.46400267	1
60699.93476433904	-165702367.44535893	1
60699.93487786551	-165702367.46106488	1
60699.93513332489	-165702367.48354042	1
60699.93524688455	-165702367.52415353	1
60699.935360366995	-165702367.4677192	1
60699.93547389609	-165702367.46590656	1
60699.935587546395	-165702367.48583108	1
60699.93570104993	-165702367.46843094	1
60699.93581463284	-165702367.4232372	1
60699.935928068284	-165702367.43326527	1
60699.93604169186	-165702367.43066877	1
60699.936155209325	-165702367.4441597	1
60699.93626871664	-165702367.45243925	1
60699.93638226856	-165702367.4249798	1
60699.93649580069	-165702367.46852767	1
60699.93660938504	-165702367.48733783	1
60699.9367229114	-165702367.5007763	1
60699.93683641596	-165702367.48612833	1
60699.9369498988	-165702367.4837824	1
60699.937063530655	-165702367.45622468	1
60699.93717704943	-165702367.4790516	1
60699.93729065539	-165702367.4578327	1
60699.93740425057	-165702367.46643972	1
60699.93751770773	-165702367.41679347	1
60699.9376312212	-165702367.4273743	1
60699.93774483629	-165702367.449992	1
60699.9378583476	-165702367.48005712	1
60699.93797189538	-165702367.47885644	1
60699.938085428425	-165702367.45595986	1
60699.938198995784	-165702367.43051565	1
60699.93831258342	-165702367.43595445	1
60699.93842609342	-165702367.39505804	1
60699.93853955365	-165702367.3774389	1
60699.93865316746	-165702367.4027478	1
60699.938766712556	-165702367.40475726	1
60699.93888022535	-165702367.432723	1
60699.938993738404	-165702367.42477578	1
60699.939107272214	-165702367.40560937	1
60699.93922083291	-165702367.41920012	1
60699.939334445065	-165702367.41705775	1
60699.9394479636	-165702367.42091078	1
60699.93970337987	-165702367.4492278	1
60699.93981691826	-165702367.42937332	1
60699.93993056508	-165702367.4152218	1
60699.94004403736	-165702367.42434514	1
60699.94015757859	-165702367.4472468	1
60699.940271093525	-165702367.44764286	1
60699.94038470118	-165702367.41508037	1
60699.94049828471	-165702367.40931696	1
60699.94061176193	-165702367.44367415	1
60699.9407252636	-165702367.44644207	1
60699.94083887534	-165702367.45165467	1
60699.94095243489	-165702367.45035303	1
60699.9410658726	-165702367.39869308	1
60699.941179462	-165702367.42561972	1
60699.941292991556	-165702367.41581893	1
60699.94140657889	-165702367.46155977	1
60699.9415200968	-165702367.43752754	1
60699.94163371327	-165702367.4449578	1
60699.9417471575	-165702367.4451607	1
60699.941860756524	-165702367.42254907	1
60699.941974239344	-165702367.43055516	1
60699.94208782254	-165702367.43542683	1
60699.942201334045	-165702367.45800036	1
60699.9423149285	-165702367.43864053	1
60699.94242844366	-165702367.41839057	1
60699.942542040866	-165702367.42613614	1
60699.94265551995	-165702367.41405702	1
60699.942769026	-165702367.42639363	1
60699.942882607225	-165702367.40920985	1
60699.9429961201	-165702367.431265	1
60699.94310969214	-165702367.44691753	1
60699.94322327768	-165702367.43938988	1
60699.94333677155	-165702367.43631077	1
60699.94345031058	-165702367.41908717	1
60699.943563910514	-165702367.3942126	1
60699.94367741566	-165702367.38058937	1
60699.94379098003	-165702367.4160974	1
60699.9439045166	-165702367.42475688	1
60699.944018033384	-165702367.38430727	1
60699.944131583376	-165702367.43145722	1
60699.94424519234	-165702367.39177948	1
60699.944358684465	-165702367.39068824	1
60699.94447220701	-165702367.3803059	1
60699.944585770216	-165702367.42966056	1
60699.94469929023	-165702367.39763904	1
60699.94481288025	-165702367.3923558	1
60699.94492636584	-165702367.43938178	1
60699.94503987867	-165702367.43659198	1
60699.94515350312	-165702367.43865198	1
60699.94526697643	-165702367.41027546	1
60699.945380557874	-165702367.4126758	1
60699.945494037274	-165702367.40872836	1
60699.94560763653	-165702367.44068658	1
60699.94572122718	-165702367.43211418	1
60699.94583470121	-165702367.4465925	1
60699.94594823449	-165702367.429654	1
60699.9460617383	-165702367.41461837	1
60699.946175411606	-165702367.41009057	1
60699.94628895096	-165702367.41664666	1
60699.946402447225	-165702367.43841237	1
