# Frequency shift file for JILA Sr1 
# for 20250206_clock_lock#2.
# Processed Thu Feb  6 18:01:04 2025 (MT) 
# by Alexander Aeppli(alexander.aeppli@colorado.edu), William Warfield(william.warfield@colorado.edu) 
# ******Applied Corrections******
# point by point corrections: 
#  - servo 
#  - second order zeeman 
#  - density shift 
# DC corrections: 
#  - lattice light 
#  - DC Stark 
#  - BBR 
#  - background gas 
#  - redshift to S1B60V1 
# Total sytematic error (frac.) = ~1e-17
# No MASER corrections have been applied
# To calculate the strontium frequency: 
# f_sr = (N/M)*f_light + f_shift[Hz] 
# where N = 1716882, M = 777577, 
# and f_light is the frequency of the light leaving JILA. 
#### Additional Notes #### 
# nan
t_mjd	f_shift [Hz]	IS_GOOD
60712.811271772436	-165702332.69585907	1
60712.811385267414	-165702332.70371562	1
60712.811498812924	-165702332.74878055	1
60712.81161240249	-165702332.72494233	1
60712.81172590088	-165702332.72180325	1
60712.811839431866	-165702332.65644544	1
60712.8119530382	-165702332.68194574	1
60712.8120665435	-165702332.74537325	1
60712.8121801363	-165702332.70531166	1
60712.812293635245	-165702332.70533502	1
60712.81240722877	-165702332.7183544	1
60712.81252068748	-165702332.721278	1
60712.812634218906	-165702332.69062114	1
60712.81274773864	-165702332.71588314	1
60712.8128613895	-165702332.71026987	1
60712.812974877605	-165702332.71415383	1
60712.81308844142	-165702332.7111439	1
60712.81320194397	-165702332.70411432	1
60712.81331552925	-165702332.75481808	1
60712.81342904806	-165702332.74603325	1
60712.81354259049	-165702332.7459833	1
60712.81365616038	-165702332.71925384	1
60712.8137697264	-165702332.6595688	1
60712.813883197356	-165702332.6673445	1
60712.81399670347	-165702332.66364157	1
60712.814110268715	-165702332.70823097	1
60712.814223816094	-165702332.69044966	1
60712.81433737419	-165702332.67024088	1
60712.81445092806	-165702332.70040607	1
60712.81456444391	-165702332.67659444	1
60712.81467800591	-165702332.67098004	1
60712.814791525496	-165702332.670929	1
60712.814905067986	-165702332.6693101	1
60712.81501864069	-165702332.7087261	1
60712.81513221843	-165702332.700975	1
60712.81524570486	-165702332.6571614	1
60712.81535926701	-165702332.67984986	1
60712.815472773524	-165702332.70387077	1
60712.81558633553	-165702332.66922724	1
60712.81569999353	-165702332.65230018	1
60712.81581344564	-165702332.68206412	1
60712.8159270008	-165702332.69800454	1
60712.816040547565	-165702332.68301135	1
60712.81615412337	-165702332.69089007	1
60712.81626760216	-165702332.71282583	1
60712.81638117213	-165702332.67885303	1
60712.816494703395	-165702332.70630926	1
60712.81660826725	-165702332.70444202	1
60712.816721776384	-165702332.67299438	1
60712.816835371304	-165702332.68063802	1
60712.8169488676	-165702332.6685955	1
60712.81706242246	-165702332.65872973	1
60712.81717589674	-165702332.66142774	1
60712.817289523955	-165702332.69576782	1
60712.81740303282	-165702332.7024126	1
60712.817516634255	-165702332.67865998	1
60712.8176301652	-165702332.696478	1
60712.81774370492	-165702332.71980804	1
60712.81785726354	-165702332.66746968	1
60712.81797069217	-165702332.66958213	1
60712.81808437388	-165702332.69328177	1
60712.81819788489	-165702332.7045653	1
60712.81831136145	-165702332.67572528	1
60712.818424933	-165702332.65982288	1
60712.81853846974	-165702332.67018074	1
60712.81865203573	-165702332.66051584	1
60712.81876550539	-165702332.64001447	1
60712.818879172446	-165702332.6477061	1
60712.818992584434	-165702332.6327396	1
60712.81910618694	-165702332.64857656	1
60712.819219802266	-165702332.69211978	1
60712.819333240834	-165702332.629296	1
60712.81944683388	-165702332.61926252	1
60712.81956039711	-165702332.6001923	1
60712.81967392001	-165702332.6679573	1
60712.81978747516	-165702332.643448	1
60712.81990101396	-165702332.64576155	1
60712.82001447448	-165702332.63298243	1
60712.82012809174	-165702332.6293974	1
60712.82024160403	-165702332.63456964	1
60712.82035512827	-165702332.61125892	1
60712.82046871315	-165702332.62548095	1
60712.82058218911	-165702332.61058164	1
60712.82069576075	-165702332.6326375	1
60712.82080936133	-165702332.61995745	1
60712.82092287273	-165702332.65064746	1
60712.82103639646	-165702332.69607896	1
60712.82114987857	-165702332.69083166	1
60712.82126354893	-165702332.68399137	1
60712.821377020664	-165702332.68304068	1
60712.82149058848	-165702332.68087572	1
60712.82160413238	-165702332.67572558	1
60712.8217176552	-165702332.6886791	1
60712.821831183915	-165702332.66579062	1
60712.82194471698	-165702332.6506644	1
60712.82205827011	-165702332.6610434	1
60712.822171801316	-165702332.6957019	1
60712.82228535917	-165702332.64821887	1
60712.82239886787	-165702332.6628254	1
60712.82251243955	-165702332.66454053	1
60712.82262601083	-165702332.63535798	1
60712.82273958509	-165702332.6641994	1
60712.82285307059	-165702332.62608844	1
60712.82296662863	-165702332.67386752	1
60712.82308014973	-165702332.67137837	1
60712.82319366783	-165702332.6665371	1
60712.82330728518	-165702332.66700202	1
60712.82342084698	-165702332.6562031	1
60712.82353441775	-165702332.63093185	1
60712.82364783875	-165702332.66465402	1
60712.823761414955	-165702332.67069876	1
60712.82387495449	-165702332.68645644	1
60712.82398851263	-165702332.68857312	1
60712.824102046085	-165702332.638888	1
60712.824215566645	-165702332.6704775	1
60712.82432913892	-165702332.6732955	1
60712.82444277292	-165702332.6140043	1
60712.824556238535	-165702332.62983555	1
60712.824669750546	-165702332.63295794	1
60712.82478332503	-165702332.66778064	1
60712.82489683431	-165702332.6723758	1
60712.825010354994	-165702332.63991988	1
60712.82512394699	-165702332.6381299	1
60712.82523749286	-165702332.62335563	1
60712.825351055755	-165702332.65421474	1
60712.82546459655	-165702332.63201106	1
60712.825578165386	-165702332.66987807	1
60712.82569173875	-165702332.61671758	1
60712.82580522661	-165702332.59404814	1
60712.82591879917	-165702332.62608075	1
60712.82603229658	-165702332.6175965	1
60712.82614581795	-165702332.61194968	1
60712.82625936198	-165702332.66018516	1
60712.82637288799	-165702332.62648898	1
60712.826486409795	-165702332.68003976	1
60712.82660005943	-165702332.66217762	1
60712.82671363212	-165702332.6676507	1
60712.826827060475	-165702332.65144658	1
60712.8269406274	-165702332.64870852	1
60712.82705415324	-165702332.66880697	1
60712.82716776995	-165702332.69419456	1
60712.827281247206	-165702332.68243498	1
60712.82739485386	-165702332.6569199	1
60712.82750830886	-165702332.66395998	1
60712.82762190825	-165702332.6265602	1
60712.82773536438	-165702332.6771279	1
60712.827849013825	-165702332.66037422	1
60712.82796253776	-165702332.66164452	1
60712.828076128935	-165702332.65292186	1
60712.82818962451	-165702332.6269551	1
60712.8283031061	-165702332.6394878	1
60712.82841671095	-165702332.64591873	1
60712.82853019638	-165702332.6567273	1
60712.82864374191	-165702332.6395989	1
60712.82875733141	-165702332.6681444	1
60712.82887092865	-165702332.67653507	1
60712.82898439891	-165702332.67280698	1
60712.82909794587	-165702332.67729968	1
60712.82921150812	-165702332.67005402	1
60712.82932512537	-165702332.67672402	1
60712.82943856639	-165702332.69980216	1
60712.8295520896	-165702332.66969597	1
60712.829665690435	-165702332.6655817	1
60712.82977921858	-165702332.65579444	1
60712.8298927872	-165702332.65583354	1
60712.83000629115	-165702332.69655836	1
60712.8301198021	-165702332.66041195	1
60712.83023338004	-165702332.65714252	1
60712.830346919494	-165702332.64579058	1
60712.83046049622	-165702332.62734354	1
60712.8305740412	-165702332.64195943	1
60712.83068761274	-165702332.65184885	1
60712.83080111289	-165702332.61651206	1
60712.830914661754	-165702332.64254922	1
60712.83102814291	-165702332.65829617	1
60712.831141745104	-165702332.63283813	1
60712.83125527307	-165702332.6303739	1
60712.83136878605	-165702332.65176964	1
60712.83148230243	-165702332.67775065	1
60712.831595931544	-165702332.62838	1
60712.831709434424	-165702332.6277045	1
60712.83182298626	-165702332.6233523	1
60712.8319365271	-165702332.61947268	1
60712.832050078956	-165702332.6542225	1
60712.83216355072	-165702332.6345502	1
60712.832277103174	-165702332.68714762	1
60712.8323906856	-165702332.67757303	1
60712.83250426797	-165702332.6718139	1
60712.83261770023	-165702332.65816945	1
60712.83273133994	-165702332.63332075	1
60712.83284489366	-165702332.63462663	1
60712.83295843266	-165702332.65583622	1
60712.833071916095	-165702332.6413073	1
60712.833185584444	-165702332.67358607	1
60712.83329903196	-165702332.67707533	1
60712.83341254985	-165702332.6567071	1
60712.83352617766	-165702332.64819998	1
60712.833639666314	-165702332.66086918	1
60712.83375320871	-165702332.64932764	1
60712.83386672646	-165702332.65105104	1
60712.833980252006	-165702332.6409915	1
60712.83409383442	-165702332.6334988	1
60712.83420735618	-165702332.6476025	1
60712.83432086602	-165702332.6585964	1
60712.834434452445	-165702332.63307977	1
60712.834547865	-165702332.64109468	1
60712.83466142949	-165702332.64627993	1
60712.834774964846	-165702332.61087888	1
60712.83488853036	-165702332.58676118	1
60712.83500209328	-165702332.5992908	1
60712.8351156198	-165702332.6423245	1
60712.83522918428	-165702332.60509425	1
60712.835342725964	-165702332.60407233	1
60712.83545621911	-165702332.63889843	1
60712.83556982312	-165702332.6393168	1
60712.83568333392	-165702332.66424775	1
60712.83579687831	-165702332.61925042	1
60712.83591051291	-165702332.65562862	1
60712.83602404317	-165702332.63624883	1
60712.836137630635	-165702332.62012875	1
60712.83625119947	-165702332.6277963	1
60712.83636463496	-165702332.63731515	1
60712.836478162375	-165702332.65307313	1
60712.83659175236	-165702332.64613712	1
60712.836705274574	-165702332.6251902	1
60712.836818837335	-165702332.62107116	1
60712.836932375234	-165702332.62059063	1
60712.83704594846	-165702332.6438884	1
60712.83715951834	-165702332.64042753	1
60712.83727303761	-165702332.6623885	1
60712.83738649912	-165702332.59186178	1
60712.83750011116	-165702332.60673457	1
60712.83761362826	-165702332.6379118	1
60712.837727287384	-165702332.63527566	1
60712.837840712156	-165702332.62838364	1
60712.837954312505	-165702332.63461852	1
60712.838067859644	-165702332.64716917	1
60712.838181345294	-165702332.63135517	1
60712.83829488936	-165702332.62975305	1
60712.83840848153	-165702332.6183496	1
60712.83852206517	-165702332.66964072	1
60712.83863554303	-165702332.6959188	1
60712.83874915392	-165702332.62608778	1
60712.838862575445	-165702332.61434734	1
60712.83897618563	-165702332.65938032	1
60712.83908972166	-165702332.64403433	1
60712.83920320668	-165702332.62044042	1
60712.83931673779	-165702332.64943695	1
60712.83943038068	-165702332.68440694	1
60712.83954386692	-165702332.66081107	1
60712.83965739016	-165702332.64912033	1
60712.839770957275	-165702332.65819538	1
60712.83988444835	-165702332.67927915	1
60712.83999802365	-165702332.6491241	1
60712.84011153472	-165702332.6440575	1
60712.840225200685	-165702332.62944782	1
60712.84033869047	-165702332.6105932	1
60712.84045221975	-165702332.59832627	1
60712.840565766994	-165702332.6159678	1
60712.84067933058	-165702332.6305492	1
60712.8407928296	-165702332.58222353	1
60712.84090630969	-165702332.5731547	1
60712.84101988054	-165702332.61706543	1
60712.8411334693	-165702332.6203199	1
60712.841247031414	-165702332.61713922	1
60712.841360537306	-165702332.64346665	1
60712.841474108114	-165702332.58198285	1
60712.84158762781	-165702332.5294401	1
60712.84170117105	-165702332.56260717	1
60712.84181475039	-165702332.57485408	1
60712.84192823162	-165702332.58664948	1
60712.84204182414	-165702332.58933407	1
60712.84215535419	-165702332.57756364	1
60712.84226890905	-165702332.58187938	1
60712.84238249331	-165702332.59210092	1
60712.84249596241	-165702332.57044888	1
60712.84260958171	-165702332.5579458	1
60712.842723066286	-165702332.5956298	1
60712.84283666005	-165702332.6090938	1
60712.84295015597	-165702332.60495472	1
60712.84306374407	-165702332.6176285	1
60712.843177216884	-165702332.63643557	1
60712.84329077966	-165702332.61032468	1
60712.843404380736	-165702332.59784913	1
60712.84351787555	-165702332.6310258	1
60712.843631388336	-165702332.6034106	1
60712.843744914746	-165702332.61458123	1
60712.84385848812	-165702332.62632978	1
60712.84397202027	-165702332.61049706	1
60712.84408562224	-165702332.61929774	1
60712.844199096224	-165702332.5935378	1
60712.8443126047	-165702332.56754458	1
60712.84442630791	-165702332.58288938	1
60712.84453969879	-165702332.5833869	1
60712.844653325	-165702332.54994065	1
60712.844766829374	-165702332.61881375	1
60712.84488042891	-165702332.57539612	1
60712.84499392748	-165702332.6014349	1
60712.84510753043	-165702332.5933566	1
60712.845221034404	-165702332.58028668	1
60712.84533457516	-165702332.60296893	1
60712.84544804253	-165702332.55953902	1
60712.8455616928	-165702332.58133984	1
60712.84567517603	-165702332.59014994	1
60712.84578869756	-165702332.61750698	1
60712.84590231548	-165702332.57763898	1
60712.846015820454	-165702332.5948825	1
60712.8461292892	-165702332.60827357	1
60712.84624291852	-165702332.59615564	1
60712.846356666276	-165702332.55168223	1
60712.846470033386	-165702332.52642912	1
60712.846583474966	-165702332.56548357	1
60712.84669704288	-165702332.5833403	1
60712.84681064842	-165702332.5616731	1
60712.846924200814	-165702332.56831717	1
60712.84703779007	-165702332.5620364	1
60712.847151306116	-165702332.5553435	1
60712.84726475981	-165702332.5541507	1
60712.8473783019	-165702332.5920753	1
60712.847491864064	-165702332.54269266	1
60712.8476053326	-165702332.49861908	1
60712.847718972895	-165702332.46793848	1
60712.84783251079	-165702332.54666764	1
60712.84794604991	-165702332.53822595	1
60712.84805960533	-165702332.5051332	1
60712.84817306253	-165702332.52220035	1
60712.84828664689	-165702332.56226915	1
60712.848400273964	-165702332.53517973	1
60712.84851379176	-165702332.57579744	1
60712.84862735393	-165702332.59970194	1
60712.84874079975	-165702332.58408773	1
60712.8488544164	-165702332.58116245	1
60712.8489678986	-165702332.5557068	1
60712.84908147715	-165702332.57813984	1
60712.84919502171	-165702332.60863686	1
60712.84930859897	-165702332.57692927	1
60712.84942211075	-165702332.53448492	1
60712.84953562764	-165702332.58285218	1
60712.84964923939	-165702332.56767988	1
60712.849762731195	-165702332.57679737	1
60712.84987624605	-165702332.56236148	1
60712.84998979525	-165702332.50722772	1
60712.850103361	-165702332.53000665	1
60712.850216912164	-165702332.55037397	1
60712.850330424386	-165702332.5465181	1
60712.85044407112	-165702332.57131755	1
60712.85055761126	-165702332.5330503	1
60712.85067107471	-165702332.5116678	1
60712.850784667746	-165702332.5099703	1
60712.85089815572	-165702332.57183218	1
60712.85101174062	-165702332.53714675	1
60712.85112527524	-165702332.58960736	1
60712.85123881244	-165702332.6099233	1
60712.851352308026	-165702332.6207028	1
60712.851465851745	-165702332.57618392	1
60712.85157932799	-165702332.55639398	1
60712.85169287232	-165702332.55748862	1
60712.85180649871	-165702332.57707334	1
60712.8519200112	-165702332.54227763	1
60712.85203354091	-165702332.51138794	1
60712.85214716394	-165702332.5731218	1
60712.85226076352	-165702332.59741437	1
60712.85248778157	-165702332.58557314	1
60712.85260130759	-165702332.5819983	1
60712.85271484306	-165702332.58277982	1
60712.85282832898	-165702332.57351154	1
60712.852941935234	-165702332.58223403	1
60712.85305550308	-165702332.56502008	1
60712.853169121525	-165702332.5669508	1
60712.85328255936	-165702332.5624736	1
60712.853396084014	-165702332.5398999	1
60712.85350968779	-165702332.51400912	1
60712.85362322532	-165702332.5329671	1
60712.85373673669	-165702332.55882126	1
60712.85385022559	-165702332.49642444	1
60712.8539638521	-165702332.54149795	1
60712.85407739968	-165702332.54225117	1
60712.85419089575	-165702332.5686372	1
60712.85430447864	-165702332.5130533	1
60712.85441802178	-165702332.52354872	1
60712.85453154767	-165702332.4731421	1
60712.8546450959	-165702332.54483563	1
60712.85475856539	-165702332.54910386	1
60712.85487223033	-165702332.52787393	1
60712.854985743055	-165702332.5208912	1
60712.85509925041	-165702332.48255134	1
60712.855212843904	-165702332.47392112	1
60712.855326324665	-165702332.4891169	1
60712.855439854	-165702332.47919542	1
60712.85555341687	-165702332.48718375	1
60712.85566697354	-165702332.48596728	1
60712.855780503705	-165702332.4751932	1
60712.85589406824	-165702332.4666962	1
60712.85600759509	-165702332.4840625	1
60712.856121158795	-165702332.4733991	1
60712.85623467608	-165702332.50395954	1
60712.856348162335	-165702332.51434356	1
60712.85646181155	-165702332.50736117	1
60712.85657535186	-165702332.51912594	1
60712.85668885979	-165702332.4591021	1
60712.85680241368	-165702332.48374313	1
60712.85691588552	-165702332.49664903	1
60712.85702944897	-165702332.46110636	1
60712.85714302633	-165702332.4538911	1
60712.8572565979	-165702332.49601817	1
60712.85737009106	-165702332.47642624	1
60712.857483663436	-165702332.48188967	1
60712.85759716112	-165702332.49994224	1
60712.85771070328	-165702332.4641084	1
60712.85782420789	-165702332.47597766	1
60712.857937807225	-165702332.49334186	1
60712.85805138301	-165702332.454423	1
60712.85816491515	-165702332.48175263	1
60712.85827844568	-165702332.47818142	1
60712.85839208748	-165702332.42294025	1
60712.85850550126	-165702332.4810971	1
60712.858619056606	-165702332.4754808	1
60712.85873259416	-165702332.48737043	1
60712.858846132425	-165702332.46510655	1
60712.858959695885	-165702332.4849444	1
60712.85907326133	-165702332.44758677	1
60712.859186750225	-165702332.48070675	1
60712.85930034831	-165702332.47173452	1
60712.85941390757	-165702332.45873046	1
60712.85952744267	-165702332.46671903	1
60712.85964092091	-165702332.47447026	1
60712.85975458133	-165702332.49977392	1
60712.85986812409	-165702332.47443396	1
60712.85998163803	-165702332.5139407	1
60712.86009510758	-165702332.46951443	1
60712.860208687365	-165702332.46058035	1
60712.860322256136	-165702332.482844	1
60712.86043581745	-165702332.48133504	1
60712.860549325815	-165702332.49964333	1
60712.86066278906	-165702332.48704648	1
60712.86077640429	-165702332.5030619	1
60712.86088996063	-165702332.45946485	1
60712.86100345442	-165702332.4262669	1
60712.86111698617	-165702332.4322827	1
60712.86123052782	-165702332.48866028	1
60712.86134410484	-165702332.46311265	1
60712.86145764594	-165702332.47028553	1
60712.86157129006	-165702332.49922013	1
60712.86168471375	-165702332.48761517	1
60712.861798294936	-165702332.4984603	1
60712.861911909364	-165702332.4991299	1
60712.86202541033	-165702332.5186746	1
60712.86213890055	-165702332.5057903	1
60712.862252473205	-165702332.47048062	1
60712.862366007525	-165702332.49818355	1
60712.86247953791	-165702332.4935779	1
60712.862593057034	-165702332.5197509	1
60712.86270661726	-165702332.52723616	1
60712.862820138595	-165702332.54470176	1
60712.86293372729	-165702332.51764733	1
60712.8630472915	-165702332.46918607	1
60712.86316079143	-165702332.4415809	1
60712.86327428893	-165702332.48115104	1
60712.86338788057	-165702332.51223677	1
60712.863501462576	-165702332.5004527	1
60712.86361489715	-165702332.457716	1
60712.863728554745	-165702332.46402532	1
60712.863841998835	-165702332.4996171	1
60712.86395564932	-165702332.46568602	1
60712.86406917431	-165702332.48582286	1
60712.86418268821	-165702332.45266873	1
60712.86429625003	-165702332.44443768	1
60712.86440981199	-165702332.4781031	1
60712.86452336102	-165702332.46100503	1
60712.86463688879	-165702332.48790973	1
60712.86475045524	-165702332.4641562	1
60712.86486394372	-165702332.44378817	1
60712.8649774679	-165702332.46730733	1
60712.86509101719	-165702332.44040626	1
60712.86520455112	-165702332.46540904	1
60712.8653182173	-165702332.4799618	1
60712.865431655584	-165702332.45336837	1
60712.86554516648	-165702332.44477034	1
60712.86565872889	-165702332.4533869	1
60712.86577222274	-165702332.4688143	1
60712.86588584874	-165702332.44967127	1
60712.865999395355	-165702332.4078694	1
60712.86611301304	-165702332.42455357	1
60712.86622647196	-165702332.4236117	1
60712.86634000761	-165702332.42276615	1
60712.86645351659	-165702332.42026985	1
60712.86656705813	-165702332.39404285	1
60712.86668061873	-165702332.3730259	1
60712.86679415159	-165702332.38414502	1
60712.866907733136	-165702332.4048674	1
60712.86702122098	-165702332.45268625	1
60712.86713481823	-165702332.45875424	1
60712.8672483997	-165702332.4325353	1
60712.86736185128	-165702332.43934327	1
60712.86747544592	-165702332.45503896	1
60712.86758894625	-165702332.45707923	1
60712.86770244331	-165702332.46900696	1
60712.86781601454	-165702332.4403	1
60712.86792955403	-165702332.42010462	1
60712.868043166935	-165702332.3865853	1
60712.868156793134	-165702332.4077056	1
60712.86827018373	-165702332.40246087	1
60712.8683837522	-165702332.36111033	1
60712.8684973335	-165702332.38518625	1
60712.86861090249	-165702332.4226694	1
60712.86872438533	-165702332.4503098	1
60712.86883791687	-165702332.3929029	1
60712.86895145759	-165702332.4112249	1
60712.86906499678	-165702332.4504391	1
60712.86917851665	-165702332.45180428	1
60712.86929214463	-165702332.40303856	1
60712.869405626734	-165702332.393682	1
60712.86951928813	-165702332.3983811	1
60712.86963271903	-165702332.40013033	1
60712.86974629241	-165702332.421086	1
60712.86985977715	-165702332.4525031	1
60712.869973340436	-165702332.42575175	1
60712.87008688286	-165702332.40952122	1
60712.8702004231	-165702332.42420828	1
60712.870313981184	-165702332.39089447	1
60712.87042749162	-165702332.38836873	1
60712.870541037286	-165702332.40581846	1
60712.870654619976	-165702332.42194045	1
60712.87076816517	-165702332.4380381	1
60712.87088171074	-165702332.4682312	1
60712.870995305515	-165702332.41560316	1
60712.87110872361	-165702332.43200338	1
60712.8712223628	-165702332.42415583	1
60712.87133586319	-165702332.44764686	1
60712.87144944097	-165702332.4394287	1
60712.87156295704	-165702332.45942467	1
60712.87167649245	-165702332.47847074	1
60712.8717900238	-165702332.4429537	1
60712.87190353453	-165702332.42242408	1
60712.87201712643	-165702332.38004917	1
60712.87213064124	-165702332.39813018	1
60712.87224435093	-165702332.39827108	1
60712.87235769975	-165702332.38997185	1
60712.87247132447	-165702332.41777444	1
60712.87258487643	-165702332.43070614	1
60712.872698353254	-165702332.44714606	1
60712.87281189408	-165702332.4408955	1
60712.872925482654	-165702332.4466213	1
60712.87303895937	-165702332.37959218	1
60712.873152514054	-165702332.39632964	1
60712.87326608824	-165702332.4172274	1
60712.87337973668	-165702332.4355842	1
60712.87349317467	-165702332.43135273	1
60712.87360679345	-165702332.4723267	1
60712.87372027752	-165702332.43875915	1
60712.87383376552	-165702332.41401023	1
60712.873947376	-165702332.41663116	1
60712.87406087525	-165702332.40224308	1
60712.87417442188	-165702332.43328524	1
60712.87428797055	-165702332.45620757	1
60712.874401465284	-165702332.4309305	1
60712.87451506278	-165702332.4184237	1
60712.87462855595	-165702332.44907403	1
60712.87474212223	-165702332.4422995	1
60712.87485569112	-165702332.42276186	1
60712.87496929031	-165702332.44553304	1
60712.87508274545	-165702332.44468844	1
60712.87519636577	-165702332.43153977	1
60712.87530985906	-165702332.3961541	1
60712.8754233877	-165702332.4137125	1
60712.87553703334	-165702332.39995515	1
60712.87565053419	-165702332.47521585	1
60712.87576406066	-165702332.47688818	1
60712.875877576684	-165702332.4606843	1
60712.8759911492	-165702332.47292197	1
60712.87610467645	-165702332.4421487	1
60712.876218197685	-165702332.42964166	1
60712.87633168456	-165702332.41140455	1
60712.87644527388	-165702332.4224221	1
60712.876558780474	-165702332.42103285	1
60712.87667237814	-165702332.42334098	1
60712.8767859094	-165702332.43075806	1
60712.87689938105	-165702332.4114383	1
60712.87701301942	-165702332.42976236	1
60712.87712654529	-165702332.38254303	1
60712.87724005036	-165702332.4113692	1
60712.877353747026	-165702332.391793	1
60712.87746712119	-165702332.40102714	1
60712.877580771536	-165702332.37492424	1
60712.87769423691	-165702332.42351377	1
60712.877807812605	-165702332.46764803	1
60712.877921335225	-165702332.4478379	1
60712.87803486681	-165702332.3976332	1
60712.878148488344	-165702332.3942032	1
60712.878261967664	-165702332.39464873	1
60712.878375547305	-165702332.40461737	1
60712.87848906814	-165702332.3830971	1
60712.87860264681	-165702332.37848824	1
60712.87871614811	-165702332.4049008	1
60712.878829694906	-165702332.41315877	1
60712.87894325229	-165702332.45801872	1
60712.879056751066	-165702332.46054357	1
60712.87917032983	-165702332.4497156	1
60712.8792838335	-165702332.46126348	1
60712.87939743404	-165702332.47809106	1
60712.87951092421	-165702332.42784154	1
60712.87962449608	-165702332.38371062	1
60712.87973805547	-165702332.4031422	1
60712.87985164518	-165702332.40663266	1
60712.87996505732	-165702332.38521242	1
60712.88007866321	-165702332.41574353	1
60712.88019223232	-165702332.45715392	1
60712.88030570886	-165702332.4140607	1
60712.88041927409	-165702332.38783604	1
60712.8805328189	-165702332.37497777	1
60712.88064639851	-165702332.43481797	1
60712.88075985379	-165702332.45998853	1
60712.88087344943	-165702332.44633812	1
60712.88098693816	-165702332.41949558	1
60712.881100499115	-165702332.39517975	1
60712.88121409	-165702332.44495744	1
60712.88132765155	-165702332.43259102	1
60712.881441086894	-165702332.43892342	1
60712.88155475427	-165702332.45861655	1
60712.88166829695	-165702332.49469703	1
60712.88178176328	-165702332.44826394	1
60712.881895313214	-165702332.41074932	1
60712.88200883259	-165702332.39827597	1
60712.88212241218	-165702332.41813272	1
60712.88223597477	-165702332.45755023	1
60712.88234950295	-165702332.45299655	1
60712.88246308366	-165702332.4385292	1
60712.88257659101	-165702332.415277	1
60712.882690082944	-165702332.43482894	1
60712.88280376326	-165702332.41200298	1
60712.88291720496	-165702332.3906265	1
60712.88303071	-165702332.40473545	1
60712.88314433587	-165702332.4665295	1
60712.88325781285	-165702332.4227196	1
60712.88337143506	-165702332.39892352	1
60712.88348491153	-165702332.3904372	1
60712.88359850548	-165702332.44916588	1
60712.88371206983	-165702332.4425828	1
60712.88382562673	-165702332.42249876	1
60712.88393914856	-165702332.44182515	1
60712.88405265364	-165702332.4000618	1
60712.88416620144	-165702332.37793165	1
60712.88427975827	-165702332.40000546	1
60712.88439328147	-165702332.43414617	1
60712.88450684449	-165702332.43297058	1
60712.884620459365	-165702332.46848243	1
60712.88473394036	-165702332.43840718	1
60712.88484739785	-165702332.4487645	1
60712.88496106641	-165702332.4499542	1
60712.885074542515	-165702332.4462955	1
60712.88518801698	-165702332.45945096	1
60712.88530178865	-165702332.48433143	1
60712.885415155484	-165702332.44299924	1
60712.885528720966	-165702332.44053155	1
60712.88564232906	-165702332.4157238	1
60712.88575579732	-165702332.43559498	1
60712.885869385995	-165702332.43786782	1
60712.88598289374	-165702332.41294193	1
60712.88609647424	-165702332.44598025	1
60712.886209946235	-165702332.4533118	1
60712.88632350689	-165702332.45288283	1
60712.88643709481	-165702332.4580021	1
60712.88655061524	-165702332.4369114	1
60712.88666414825	-165702332.4487962	1
60712.88677768759	-165702332.41267288	1
60712.88689133116	-165702332.39914572	1
60712.88700472608	-165702332.44715464	1
60712.88711828362	-165702332.41090697	1
60712.88723191476	-165702332.42809469	1
60712.88734537988	-165702332.45018774	1
60712.88745894664	-165702332.4469524	1
60712.887572474174	-165702332.3987857	1
60712.88768600477	-165702332.41316897	1
60712.8877995938	-165702332.42274624	1
60712.88791312414	-165702332.39111358	1
60712.888026684	-165702332.38715255	1
60712.8881401855	-165702332.40057665	1
60712.8882537839	-165702332.35797292	1
60712.88836726221	-165702332.3532412	1
60712.88848080373	-165702332.42341888	1
60712.88859438845	-165702332.40525103	1
60712.88870789685	-165702332.3851425	1
60712.88882151943	-165702332.3623715	1
60712.88893497729	-165702332.34537357	1
60712.88904858327	-165702332.3575498	1
60712.88916208475	-165702332.36040485	1
60712.88927565501	-165702332.3791396	1
60712.889389179625	-165702332.38316882	1
60712.88950267763	-165702332.41339058	1
60712.889616313405	-165702332.42654693	1
60712.88972984643	-165702332.40574783	1
60712.889843327284	-165702332.42773688	1
60712.88995691626	-165702332.43918115	1
60712.89007039028	-165702332.3834911	1
60712.8901839671	-165702332.391378	1
60712.89029758371	-165702332.35182285	1
60712.89041111318	-165702332.3833385	1
60712.89052465285	-165702332.39875698	1
60712.8906381723	-165702332.42626047	1
60712.89075170846	-165702332.36851603	1
60712.89086525286	-165702332.35319543	1
60712.89097879086	-165702332.32502717	1
60712.89109233685	-165702332.35445672	1
60712.891205824955	-165702332.36997163	1
60712.891319399016	-165702332.37164664	1
60712.891432875236	-165702332.3941641	1
60712.89154646443	-165702332.37839198	1
60712.89165999455	-165702332.36660337	1
60712.89177361465	-165702332.34051746	1
60712.89188708095	-165702332.33677614	1
60712.892000767664	-165702332.32108396	1
60712.89211418578	-165702332.33184713	1
60712.89222773678	-165702332.32352787	1
60712.89234128755	-165702332.33755547	1
60712.89245487084	-165702332.31838572	1
60712.89256835006	-165702332.3443991	1
60712.892681873804	-165702332.34478414	1
60712.892795460255	-165702332.31995338	1
60712.892908994334	-165702332.32355928	1
60712.89302257871	-165702332.34927195	1
60712.89313611279	-165702332.32630408	1
60712.89324965343	-165702332.2995512	1
60712.89336314976	-165702332.31855536	1
60712.8934766816	-165702332.34217602	1
60712.89359025483	-165702332.372787	1
60712.893703704445	-165702332.3366431	1
60712.89381738588	-165702332.2862457	1
60712.893930936894	-165702332.3247456	1
60712.89404438185	-165702332.3485121	1
60712.89415795574	-165702332.33005106	1
60712.8942714829	-165702332.34747046	1
60712.89438505773	-165702332.31242567	1
60712.894498564456	-165702332.29504526	1
60712.894612086195	-165702332.33468962	1
60712.894725756	-165702332.29980028	1
60712.894839244946	-165702332.30017924	1
60712.894952813105	-165702332.3091942	1
60712.89506623437	-165702332.36849928	1
60712.8951798708	-165702332.3654995	1
60712.8952934517	-165702332.32387775	1
60712.895406999225	-165702332.32033426	1
60712.89552048812	-165702332.3350209	1
60712.89563405744	-165702332.3546788	1
60712.89574747919	-165702332.3646891	1
60712.89586108843	-165702332.3449521	1
60712.895974615916	-165702332.31065905	1
60712.89608816567	-165702332.34625095	1
60712.89620173996	-165702332.32456028	1
60712.89631527397	-165702332.35825616	1
60712.89642884976	-165702332.35492736	1
60712.89654242873	-165702332.35617375	1
60712.896655915916	-165702332.36083388	1
60712.89676942421	-165702332.30159134	1
60712.89688300526	-165702332.30255193	1
60712.89699653351	-165702332.3446545	1
60712.897110107515	-165702332.33442765	1
60712.89722364184	-165702332.31088763	1
60712.89733713376	-165702332.29690176	1
60712.897450687575	-165702332.3480417	1
60712.89756419562	-165702332.37144744	1
60712.89767784857	-165702332.36050797	1
60712.89779135434	-165702332.32327747	1
60712.89790487242	-165702332.3336178	1
60712.898018419124	-165702332.33050752	1
60712.89813201913	-165702332.33082575	1
60712.89824557314	-165702332.3414157	1
60712.89835903442	-165702332.3569497	1
60712.89847253794	-165702332.3610565	1
60712.8985861776	-165702332.38677114	1
60712.898699719735	-165702332.37593144	1
60712.898813284235	-165702332.37380642	1
60712.89892683214	-165702332.37079573	1
60712.89904028563	-165702332.40689892	1
60712.89915385839	-165702332.43337345	1
60712.89926737256	-165702332.42692667	1
60712.8993810078	-165702332.37818485	1
60712.89949447409	-165702332.38351452	1
60712.89960805455	-165702332.38954175	1
60712.89972151779	-165702332.4106691	1
60712.8998351891	-165702332.39506638	1
60712.89994869702	-165702332.34757745	1
60712.90006220936	-165702332.34529448	1
60712.90017574142	-165702332.3499183	1
60712.90028925655	-165702332.3609115	1
60712.90040284213	-165702332.39446318	1
60712.900516295456	-165702332.4075185	1
60712.90062990126	-165702332.40297055	1
60712.900743500184	-165702332.41225016	1
60712.900857040324	-165702332.39752257	1
60712.900970512754	-165702332.38118047	1
60712.90108406185	-165702332.32876867	1
60712.90119761652	-165702332.36816764	1
60712.90131122643	-165702332.32420152	1
60712.901424740216	-165702332.37388068	1
60712.90153818972	-165702332.37161422	1
60712.9016517401	-165702332.3698092	1
60712.90176530955	-165702332.40647286	1
60712.90187882861	-165702332.396698	1
60712.90199247585	-165702332.4210704	1
60712.90210598028	-165702332.41770607	1
60712.90221952346	-165702332.39270484	1
60712.90233304299	-165702332.40777797	1
60712.902446537715	-165702332.38383567	1
60712.90256015628	-165702332.3835317	1
60712.9026737084	-165702332.36990315	1
60712.902787215724	-165702332.3453461	1
60712.90290078784	-165702332.37589157	1
60712.9030142571	-165702332.33292615	1
60712.90312789039	-165702332.34971482	1
60712.90324141027	-165702332.3830008	1
60712.903354990354	-165702332.38857383	1
60712.90346845106	-165702332.3889569	1
60712.903581988	-165702332.40694427	1
60712.90369558869	-165702332.38693714	1
60712.90380905927	-165702332.39024037	1
60712.90392271938	-165702332.39048892	1
60712.90403619525	-165702332.42722887	1
60712.904149732916	-165702332.42203128	1
60712.90426323497	-165702332.40808618	1
60712.904376843784	-165702332.36923724	1
60712.90449044454	-165702332.39917094	1
60712.90460391625	-165702332.4250365	1
60712.90471743408	-165702332.4436738	1
60712.9048310404	-165702332.42368746	1
60712.90494450067	-165702332.36251932	1
60712.905058156575	-165702332.3877076	1
60712.90517166093	-165702332.35141546	1
60712.90528510979	-165702332.33187836	1
60712.90539871658	-165702332.3498366	1
60712.905512306395	-165702332.34094745	1
60712.90562583363	-165702332.3430074	1
60712.9057393905	-165702332.36733192	1
60712.90585290618	-165702332.3834234	1
60712.90596640479	-165702332.42879212	1
60712.906079950095	-165702332.37556475	1
60712.90619353095	-165702332.40264863	1
60712.90630702435	-165702332.35889924	1
60712.90642054613	-165702332.32796955	1
60712.906534135895	-165702332.32256538	1
60712.9066477557	-165702332.34738773	1
60712.9067611737	-165702332.30575126	1
60712.9068747867	-165702332.36974704	1
60712.90698835462	-165702332.39606625	1
60712.90710181112	-165702332.3682183	1
60712.90721531486	-165702332.34271336	1
60712.90732896348	-165702332.32744843	1
60712.90744240166	-165702332.3098182	1
60712.907556104634	-165702332.30945426	1
60712.90766952489	-165702332.28162533	1
60712.90778315883	-165702332.316136	1
60712.90789664688	-165702332.3596899	1
60712.90801018621	-165702332.34855527	1
60712.90812366909	-165702332.36100656	1
60712.90823732051	-165702332.3172679	1
60712.90835084905	-165702332.34654266	1
60712.90846430026	-165702332.35653538	1
60712.90857791448	-165702332.36723834	1
60712.90869146438	-165702332.37108523	1
60712.908804953346	-165702332.35104954	1
60712.90891848678	-165702332.3080532	1
60712.90903202146	-165702332.34054953	1
60712.909145597085	-165702332.30832905	1
60712.9092591885	-165702332.30440968	1
60712.90937270731	-165702332.34491432	1
60712.90948629098	-165702332.30882174	1
60712.909599814615	-165702332.28125954	1
60712.909713351066	-165702332.278022	1
60712.90982685569	-165702332.31423926	1
60712.909940469646	-165702332.31294727	1
60712.91005396778	-165702332.33248162	1
60712.91016752408	-165702332.29798508	1
60712.91028106974	-165702332.300363	1
60712.91039456086	-165702332.30310583	1
60712.91050809434	-165702332.3217709	1
60712.91062161679	-165702332.3337412	1
60712.91073525976	-165702332.29810703	1
60712.91084879422	-165702332.32617855	1
60712.91096225663	-165702332.31761825	1
60712.91107585399	-165702332.30906516	1
60712.91118938439	-165702332.30289572	1
60712.91130288774	-165702332.27760178	1
60712.911416459276	-165702332.29874045	1
60712.91153000341	-165702332.2671976	1
60712.9116435796	-165702332.28677356	1
60712.911757039285	-165702332.28311938	1
60712.9118706491	-165702332.2764004	1
60712.91198414284	-165702332.3352005	1
60712.91209773519	-165702332.28551668	1
60712.91221129618	-165702332.28361773	1
60712.91232477694	-165702332.2691952	1
60712.91243833258	-165702332.30901194	1
60712.91255188171	-165702332.29459208	1
60712.91266547738	-165702332.3274846	1
60712.912778959646	-165702332.33035904	1
60712.912892512526	-165702332.32351863	1
60712.91300606758	-165702332.3390476	1
60712.913119650206	-165702332.32515305	1
60712.91323319431	-165702332.29715127	1
60712.913346711684	-165702332.30679494	1
60712.91346026869	-165702332.28601682	1
60712.913573784295	-165702332.30938536	1
60712.91368722923	-165702332.32731348	1
60712.91380088778	-165702332.34339058	1
60712.91391436399	-165702332.33297455	1
60712.914027916115	-165702332.33685672	1
60712.914141553396	-165702332.3292325	1
60712.91425506026	-165702332.33518565	1
60712.91436864359	-165702332.31579685	1
60712.914482061686	-165702332.36883307	1
60712.91459574116	-165702332.3486681	1
60712.914709187746	-165702332.34429675	1
60712.91482277717	-165702332.30559146	1
60712.91493628114	-165702332.2877705	1
60712.91504980513	-165702332.30787623	1
60712.915163400954	-165702332.31982273	1
60712.915276860556	-165702332.31870925	1
60712.91539047714	-165702332.27802545	1
60712.91550403564	-165702332.28418678	1
60712.91561755658	-165702332.27705735	1
60712.91573109127	-165702332.28956294	1
60712.915844603755	-165702332.30392796	1
60712.91595817854	-165702332.27238262	1
60712.91607174964	-165702332.27655798	1
60712.91618524886	-165702332.2895313	1
60712.91629876591	-165702332.28014767	1
60712.91641240746	-165702332.29140145	1
60712.91652587403	-165702332.26328534	1
60712.91663945527	-165702332.27577865	1
60712.916753014884	-165702332.2795421	1
60712.916866536645	-165702332.27730042	1
60712.91698011726	-165702332.268789	1
60712.91709361598	-165702332.26285493	1
60712.917207131235	-165702332.2637068	1
60712.91732069858	-165702332.2744522	1
60712.91743424841	-165702332.28787827	1
60712.917547775825	-165702332.2961442	1
60712.917661358064	-165702332.27321243	1
60712.917774819165	-165702332.24941605	1
60712.91788846108	-165702332.30325657	1
60712.91800195059	-165702332.27740818	1
60712.918115551845	-165702332.27428955	1
60712.91822908226	-165702332.26065826	1
60712.91834258676	-165702332.2532673	1
60712.91845616857	-165702332.31675398	1
60712.91856972196	-165702332.2815349	1
60712.91868319364	-165702332.3239261	1
60712.9187967754	-165702332.28617382	1
60712.91891038167	-165702332.23727465	1
60712.91902387017	-165702332.2560777	1
60712.919137359546	-165702332.25405043	1
60712.91925089514	-165702332.27443856	1
60712.919364481044	-165702332.2159887	1
60712.919478108255	-165702332.2190233	1
60712.919591546924	-165702332.24880987	1
60712.91970511716	-165702332.25722682	1
60712.919818614115	-165702332.28357983	1
60712.91993215884	-165702332.2966519	1
60712.920045723695	-165702332.31687206	1
60712.92015924501	-165702332.3136981	1
60712.92027278484	-165702332.31622636	1
60712.92038634664	-165702332.2747233	1
60712.92049984973	-165702332.29074675	1
60712.92061339426	-165702332.25529915	1
60712.92072701593	-165702332.2501135	1
60712.92084057742	-165702332.2535631	1
60712.92095402345	-165702332.26541197	1
60712.92106764558	-165702332.3104654	1
60712.921181213664	-165702332.289967	1
60712.92129464194	-165702332.26755816	1
60712.92140825826	-165702332.24194568	1
60712.921521720156	-165702332.28032982	1
60712.92163537339	-165702332.256051	1
60712.921748885106	-165702332.2709772	1
60712.92186246187	-165702332.26172477	1
60712.921975961	-165702332.29388404	1
60712.922089484855	-165702332.29350007	1
60712.92220304025	-165702332.2963153	1
60712.92231657735	-165702332.32250196	1
60712.922430102684	-165702332.26112986	1
60712.9225436629	-165702332.27500528	1
60712.922657229516	-165702332.25765538	1
60712.92277070347	-165702332.2310772	1
60712.92288426181	-165702332.2120791	1
60712.92299786973	-165702332.23137796	1
60712.923111390126	-165702332.24205738	1
60712.92322492583	-165702332.25864965	1
60712.923338460336	-165702332.24185216	1
60712.92345210743	-165702332.22123975	1
60712.923565576995	-165702332.22734314	1
60712.92367912806	-165702332.22924381	1
60712.92379262799	-165702332.24926215	1
60712.923906186064	-165702332.2636304	1
60712.92401974768	-165702332.278494	1
60712.9241333011	-165702332.2336744	1
60712.92424680243	-165702332.2468474	1
60712.92436035703	-165702332.20670438	1
60712.9244739337	-165702332.2473567	1
60712.92458742854	-165702332.28785318	1
60712.92470101473	-165702332.23356658	1
60712.924814607584	-165702332.20057666	1
60712.92492801433	-165702332.2276351	1
60712.92504161084	-165702332.21288198	1
60712.92515514385	-165702332.2388273	1
60712.925268689185	-165702332.2654699	1
60712.92538227865	-165702332.2567792	1
60712.92549576216	-165702332.2645172	1
60712.92560925278	-165702332.269238	1
60712.925722913555	-165702332.25401503	1
60712.925836399605	-165702332.27031046	1
60712.925949988436	-165702332.23365968	1
60712.926063544466	-165702332.30337048	1
60712.92617703473	-165702332.3031904	1
60712.92629055937	-165702332.288679	1
60712.92640409211	-165702332.33125764	1
60712.926517695654	-165702332.33473974	1
60712.9266312036	-165702332.31656152	1
60712.926744719276	-165702332.34216458	1
60712.926858280916	-165702332.28281242	1
60712.926971874476	-165702332.28669268	1
60712.927085403135	-165702332.26691878	1
60712.927198956466	-165702332.26563352	1
60712.92731248172	-165702332.28293735	1
60712.927426016344	-165702332.2551419	1
60712.92753958349	-165702332.27109748	1
60712.92765298845	-165702332.2661255	1
60712.92776663847	-165702332.30842066	1
60712.92788011404	-165702332.29243702	1
60712.92799373378	-165702332.29317778	1
60712.928107316715	-165702332.28870505	1
60712.928220790585	-165702332.27912992	1
60712.928334417215	-165702332.24113047	1
60712.928447922255	-165702332.28152096	1
60712.928561516426	-165702332.29891944	1
60712.92867505504	-165702332.27292472	1
60712.928788490375	-165702332.3299703	1
60712.92890210128	-165702332.30355054	1
60712.92901571869	-165702332.2836833	1
60712.92912917081	-165702332.26363516	1
60712.929242699065	-165702332.29422152	1
60712.929356283814	-165702332.30455208	1
60712.92946981796	-165702332.29642928	1
60712.92958337698	-165702332.26981497	1
60712.9296968512	-165702332.28801942	1
60712.92981044817	-165702332.28133297	1
60712.92992404221	-165702332.22885805	1
60712.9300374745	-165702332.21575117	1
60712.93015100615	-165702332.24493206	1
60712.93026458507	-165702332.22894138	1
60712.93037809413	-165702332.21926236	1
60712.93049174489	-165702332.21983624	1
60712.93060518079	-165702332.231216	1
60712.930718737385	-165702332.23317403	1
60712.93083233178	-165702332.21655184	1
60712.930945773	-165702332.20075756	1
60712.931059458526	-165702332.23558658	1
60712.93117289135	-165702332.21594685	1
60712.931286471576	-165702332.1584577	1
60712.93139996057	-165702332.2042771	1
60712.931513572315	-165702332.25394762	1
60712.931627105434	-165702332.2162779	1
60712.93174063284	-165702332.237949	1
60712.93185418551	-165702332.22471303	1
60712.93196770356	-165702332.2502045	1
60712.93208122722	-165702332.23952085	1
60712.93219488969	-165702332.18423665	1
60712.93230840636	-165702332.15351117	1
60712.93242192971	-165702332.20767045	1
60712.932535425614	-165702332.18747884	1
60712.93264900887	-165702332.19372886	1
60712.93276249258	-165702332.21062636	1
60712.93287603186	-165702332.22557443	1
60712.93298958941	-165702332.2296123	1
60712.93310317278	-165702332.22553426	1
60712.93321666172	-165702332.21678978	1
60712.93333023299	-165702332.22228914	1
60712.933443795235	-165702332.22111535	1
60712.9335573853	-165702332.2370149	1
60712.933670830505	-165702332.228952	1
60712.93378435826	-165702332.21832258	1
60712.93389795311	-165702332.22616088	1
60712.93401140513	-165702332.18336684	1
60712.93412506155	-165702332.20151854	1
60712.934238523456	-165702332.16808283	1
60712.934352050484	-165702332.2076416	1
60712.93446563621	-165702332.21127528	1
60712.93457922216	-165702332.25774056	1
60712.93469273186	-165702332.20064497	1
60712.934806275705	-165702332.21316183	1
60712.934919819185	-165702332.2113415	1
60712.93503334923	-165702332.24766898	1
60712.93514686363	-165702332.2947538	1
60712.93526047124	-165702332.2946359	1
60712.93537395604	-165702332.2757234	1
60712.93548749925	-165702332.24643314	1
60712.93560115355	-165702332.2098524	1
60712.93571470272	-165702332.17727786	1
60712.93582820394	-165702332.23856622	1
60712.93594176552	-165702332.2292996	1
60712.93605524454	-165702332.2257979	1
60712.93616873162	-165702332.19899845	1
60712.936282396375	-165702332.20315105	1
60712.93639590694	-165702332.24229878	1
60712.93650942667	-165702332.22386527	1
60712.9366229735	-165702332.21111113	1
60712.93673659076	-165702332.21364057	1
60712.936850047874	-165702332.16631353	1
60712.93696357229	-165702332.18643916	1
60712.937077172326	-165702332.1805343	1
60712.93719071132	-165702332.17050028	1
60712.93730423509	-165702332.20430642	1
60712.93741778665	-165702332.229523	1
60712.9375313448	-165702332.18497258	1
60712.937644881895	-165702332.16417122	1
60712.937758390144	-165702332.18246853	1
60712.937871950126	-165702332.20435083	1
60712.93798542974	-165702332.2329381	1
60712.93809904191	-165702332.2173978	1
60712.938212489076	-165702332.22454262	1
60712.938326064716	-165702332.19680268	1
60712.938439700476	-165702332.1879388	1
60712.938553179054	-165702332.1910898	1
60712.93866681212	-165702332.17835486	1
60712.93878031285	-165702332.16608042	1
60712.93889387403	-165702332.19768137	1
60712.93900733715	-165702332.2016394	1
60712.939120926756	-165702332.16360176	1
60712.93923450183	-165702332.20912808	1
60712.93934800574	-165702332.20930588	1
60712.93946153014	-165702332.18619394	1
60712.93957505584	-165702332.16353655	1
60712.93968870339	-165702332.19926417	1
60712.93980216934	-165702332.201465	1
60712.93991572706	-165702332.1873355	1
60712.940029285	-165702332.16076773	1
60712.94014276506	-165702332.180573	1
60712.94025627241	-165702332.1488096	1
60712.940369908356	-165702332.1367892	1
60712.94048344264	-165702332.17645866	1
60712.94059700728	-165702332.1572503	1
60712.94071058094	-165702332.19112122	1
60712.94082409095	-165702332.1866275	1
60712.94093759207	-165702332.17924225	1
60712.94105113765	-165702332.16635412	1
60712.941164710974	-165702332.17422038	1
60712.94127817033	-165702332.1625837	1
60712.94139178304	-165702332.17967516	1
60712.94150528967	-165702332.17238724	1
60712.941618844445	-165702332.14724624	1
60712.9417322749	-165702332.15812528	1
60712.94184598206	-165702332.2037859	1
60712.941959507545	-165702332.18527424	1
60712.94207304059	-165702332.19870323	1
60712.94218662629	-165702332.1618747	1
60712.9423001116	-165702332.16639334	1
60712.9424136455	-165702332.1347037	1
60712.94252728913	-165702332.17281443	1
60712.94264075019	-165702332.16981822	1
60712.9427542759	-165702332.17391312	1
60712.94286782757	-165702332.22827458	1
60712.94298130585	-165702332.26295847	1
60712.943094983755	-165702332.20434695	1
60712.94320847263	-165702332.18726766	1
60712.943322016494	-165702332.2068377	1
60712.943435532565	-165702332.17952055	1
60712.943549177115	-165702332.1911407	1
60712.9436625722	-165702332.1868714	1
60712.94377609112	-165702332.18342382	1
60712.943889639355	-165702332.14786464	1
60712.94400325883	-165702332.1567887	1
60712.94411685847	-165702332.16771066	1
60712.94423041182	-165702332.17254418	1
60712.94434391602	-165702332.1715572	1
60712.94445743536	-165702332.1989975	1
60712.94457096379	-165702332.21259236	1
60712.9446844961	-165702332.25220644	1
60712.94479805037	-165702332.23944408	1
60712.94491163957	-165702332.22495925	1
60712.94502520558	-165702332.20540977	1
60712.94513870672	-165702332.21714544	1
60712.945252280035	-165702332.2021309	1
60712.945365813874	-165702332.20292366	1
60712.94547932682	-165702332.21534425	1
60712.94559291992	-165702332.2173763	1
60712.94570638889	-165702332.2346323	1
60712.94581993083	-165702332.22908723	1
60712.94593345897	-165702332.21280342	1
60712.94604698128	-165702332.2162022	1
60712.94616061449	-165702332.23353952	1
60712.94627404948	-165702332.2129526	1
60712.946387688215	-165702332.2318542	1
60712.94650119467	-165702332.220751	1
60712.94661485705	-165702332.2016524	1
60712.946728343144	-165702332.19387203	1
60712.94684185164	-165702332.1988327	1
60712.94695539585	-165702332.2007208	1
60712.94706893048	-165702332.2439133	1
60712.94718244268	-165702332.21683544	1
60712.947296043414	-165702332.22315562	1
60712.94740954551	-165702332.22039115	1
60712.94752317319	-165702332.21739936	1
60712.947636601275	-165702332.21632546	1
60712.947750162624	-165702332.18035626	1
60712.94786366145	-165702332.18796694	1
60712.94797731361	-165702332.16135222	1
60712.948090807025	-165702332.1765077	1
60712.94820439379	-165702332.15788883	1
60712.94831786283	-165702332.17991453	1
60712.94843143287	-165702332.18183511	1
60712.948544996485	-165702332.11893773	1
60712.94865846122	-165702332.11221915	1
60712.94877210692	-165702332.16208166	1
60712.94888555365	-165702332.20246923	1
60712.948999214634	-165702332.22772944	1
60712.94911268348	-165702332.21269774	1
60712.94922619196	-165702332.19377893	1
60712.949339837716	-165702332.20139295	1
60712.94945328807	-165702332.2098769	1
60712.94956684473	-165702332.2017647	1
60712.94968036774	-165702332.16307098	1
60712.94979393288	-165702332.16397464	1
60712.94990750611	-165702332.1683272	1
60712.950021036566	-165702332.12826025	1
60712.95013458602	-165702332.15866983	1
60712.95024815187	-165702332.16516834	1
60712.950361718555	-165702332.18843764	1
60712.950475246806	-165702332.20782882	1
60712.950588777785	-165702332.1754371	1
60712.95070231801	-165702332.1753478	1
60712.95081579053	-165702332.1567434	1
60712.9509293465	-165702332.1614892	1
60712.95104291953	-165702332.13647604	1
60712.951156479015	-165702332.11319315	1
60712.95127002895	-165702332.13656902	1
60712.95138353091	-165702332.1831258	1
60712.95149702452	-165702332.18034053	1
60712.95161061161	-165702332.15984148	1
60712.951724194594	-165702332.12968993	1
60712.95183774322	-165702332.1785723	1
60712.95195128689	-165702332.17304593	1
60712.95206480009	-165702332.18758065	1
60712.952178286665	-165702332.23334682	1
60712.952291939044	-165702332.24746537	1
60712.95240541701	-165702332.22882342	1
60712.95251897966	-165702332.2064597	1
60712.95263251023	-165702332.24231577	1
60712.95274601815	-165702332.2196762	1
60712.952859616125	-165702332.21000373	1
60712.95297320001	-165702332.19078642	1
60712.95308670618	-165702332.17547387	1
60712.9532002479	-165702332.1938113	1
60712.953313830316	-165702332.19805568	1
60712.95342726802	-165702332.18056214	1
60712.95354094941	-165702332.19940317	1
60712.95365443631	-165702332.17625123	1
60712.95376793187	-165702332.1669187	1
60712.953881506495	-165702332.16148162	1
60712.953995014956	-165702332.1631989	1
60712.95410861791	-165702332.1847573	1
60712.954222130356	-165702332.18028933	1
60712.95433563049	-165702332.16268396	1
60712.95444922944	-165702332.18192518	1
60712.95456279868	-165702332.18353003	1
60712.95467631635	-165702332.21098435	1
60712.95478975623	-165702332.21740717	1
60712.954903414415	-165702332.19619936	1
60712.95501693597	-165702332.17686683	1
60712.95513050326	-165702332.157924	1
60712.95524399242	-165702332.16859084	1
60712.95535752294	-165702332.19869643	1
60712.95547106213	-165702332.17648977	1
60712.955584649055	-165702332.1721816	1
60712.955698208076	-165702332.1591848	1
60712.95581167051	-165702332.21761358	1
60712.9559252359	-165702332.16209662	1
60712.956038759774	-165702332.18993044	1
60712.956152331906	-165702332.17033923	1
60712.95626586136	-165702332.14828873	1
60712.956379441326	-165702332.17518508	1
60712.95649298574	-165702332.10829157	1
60712.95660651955	-165702332.1260807	1
60712.95672001737	-165702332.16212493	1
60712.956833582546	-165702332.1998307	1
60712.95694714194	-165702332.20921588	1
60712.95706064007	-165702332.13261652	1
60712.95717419875	-165702332.14664412	1
60712.95728776972	-165702332.1521328	1
60712.95740134465	-165702332.15076274	1
60712.95751480132	-165702332.15388352	1
60712.95762839843	-165702332.1704616	1
60712.95774194402	-165702332.1820283	1
60712.95785546543	-165702332.17563707	1
60712.95796909061	-165702332.20441175	1
60712.95808253374	-165702332.15540755	1
60712.9581961466	-165702332.16081035	1
60712.958309647176	-165702332.18268746	1
60712.9584232338	-165702332.19177324	1
60712.9585368121	-165702332.20287037	1
60712.95865039398	-165702332.16220033	1
60712.95876383581	-165702332.14003545	1
60712.95887735492	-165702332.10838544	1
60712.958990874344	-165702332.14505786	1
60712.95910450846	-165702332.1242898	1
60712.95921802957	-165702332.12651896	1
60712.95933151084	-165702332.14216536	1
60712.95944507858	-165702332.18420815	1
60712.95955864164	-165702332.17527682	1
60712.95967213907	-165702332.14208412	1
60712.95978570819	-165702332.16331595	1
60712.95989924375	-165702332.14045978	1
60712.96001276277	-165702332.18700767	1
60712.96012633085	-165702332.16621548	1
60712.96023993755	-165702332.09957188	1
60712.9603534366	-165702332.1267599	1
60712.96046698956	-165702332.15197504	1
60712.96058054915	-165702332.17700624	1
60712.960694028065	-165702332.1655965	1
60712.96080765293	-165702332.1989892	1
60712.9609211538	-165702332.19676226	1
60712.96103462866	-165702332.12910724	1
60712.961148229704	-165702332.1093725	1
60712.96126172633	-165702332.15976608	1
60712.96137524817	-165702332.13710392	1
60712.961488838	-165702332.11164957	1
60712.961602430805	-165702332.1437711	1
60712.96171593569	-165702332.13103497	1
60712.96182952148	-165702332.13682878	1
60712.96194303611	-165702332.11879122	1
60712.96205657812	-165702332.13982254	1
60712.9621702155	-165702332.12097722	1
60712.96228370987	-165702332.11035794	1
60712.96239720433	-165702332.12106597	1
60712.96251078198	-165702332.14701134	1
60712.96262433301	-165702332.15482253	1
60712.962737780435	-165702332.17776495	1
60712.96285133983	-165702332.2281384	1
60712.96296490157	-165702332.1541373	1
60712.96307848776	-165702332.1366858	1
60712.96319199448	-165702332.14864463	1
60712.96330553882	-165702332.147734	1
60712.96341916137	-165702332.18442369	1
60712.96353258652	-165702332.15027094	1
60712.963646184005	-165702332.1406958	1
60712.96375979757	-165702332.17444956	1
60712.96387324608	-165702332.1989333	1
60712.96398683039	-165702332.18392378	1
60712.96410042324	-165702332.1340564	1
60712.96421392956	-165702332.163674	1
60712.96432748129	-165702332.1760378	1
60712.96444099828	-165702332.1717723	1
60712.96455456725	-165702332.16954446	1
60712.964668100285	-165702332.20766395	1
60712.96478157439	-165702332.18908477	1
60712.96489511093	-165702332.14319348	1
60712.96500865555	-165702332.12888837	1
60712.96512226653	-165702332.1705532	1
60712.96523578422	-165702332.14428306	1
60712.965349385064	-165702332.13264292	1
60712.96546287901	-165702332.1628846	1
60712.96557637584	-165702332.17867506	1
60712.965689873985	-165702332.17050558	1
60712.965803467945	-165702332.16736072	1
60712.96591704308	-165702332.16429764	1
60712.96603056851	-165702332.0991853	1
60712.96614409723	-165702332.08136415	1
60712.966257616376	-165702332.10075015	1
60712.96637115884	-165702332.13089758	1
60712.966484782366	-165702332.14590055	1
60712.966598283216	-165702332.15204197	1
60712.96671193342	-165702332.12696517	1
60712.96682531207	-165702332.11147386	1
60712.96693888033	-165702332.13140452	1
60712.96705247191	-165702332.15326017	1
60712.967166051654	-165702332.155217	1
60712.96727954235	-165702332.1649205	1
60712.967393075276	-165702332.12742823	1
60712.96750667675	-165702332.13365817	1
60712.96762009929	-165702332.1366942	1
60712.967733670106	-165702332.15410376	1
60712.96784725477	-165702332.1375324	1
60712.96796077846	-165702332.146973	1
60712.96807432249	-165702332.14814305	1
60712.96818787642	-165702332.19172662	1
60712.968301361885	-165702332.15755916	1
60712.96841501551	-165702332.16532135	1
60712.968528537865	-165702332.1766622	1
60712.96864207258	-165702332.22502548	1
60712.9687555939	-165702332.17265147	1
60712.96886915972	-165702332.12992924	1
60712.96898263217	-165702332.13871276	1
60712.96909623114	-165702332.09774393	1
60712.96920976322	-165702332.1259957	1
60712.96932331283	-165702332.17955732	1
60712.96943687183	-165702332.11593723	1
60712.969550450514	-165702332.1471387	1
60712.9696639484	-165702332.13458788	1
60712.969777547965	-165702332.15084487	1
60712.96989108758	-165702332.11474472	1
60712.970004572846	-165702332.1324821	1
60712.97011811436	-165702332.13688403	1
60712.97023161133	-165702332.12112933	1
60712.97034520436	-165702332.1470858	1
60712.970458764685	-165702332.15008122	1
60712.97057230398	-165702332.1573795	1
60712.97068587452	-165702332.180862	1
60712.97079945576	-165702332.1556639	1
60712.97091286866	-165702332.15029687	1
60712.971026464074	-165702332.1266635	1
60712.97114002824	-165702332.09492612	1
60712.97125351762	-165702332.16869646	1
60712.971367041275	-165702332.13435167	1
60712.97148068969	-165702332.14323843	1
60712.971594133574	-165702332.1613083	1
60712.97170770313	-165702332.13350475	1
60712.971821195235	-165702332.16480875	1
60712.97193475395	-165702332.15953338	1
60712.97204834089	-165702332.14386922	1
60712.972161894395	-165702332.12693006	1
60712.9722754449	-165702332.12527847	1
60712.97238895529	-165702332.12928885	1
60712.972502529716	-165702332.08346868	1
60712.9726160134	-165702332.0783285	1
60712.972729579	-165702332.12666613	1
60712.972843134725	-165702332.12400383	1
60712.972956659854	-165702332.1021852	1
60712.97307021337	-165702332.12226218	1
60712.973183745045	-165702332.1500334	1
60712.97329730332	-165702332.12225324	1
60712.97341084492	-165702332.1127643	1
60712.97352435125	-165702332.10888493	1
60712.9736379123	-165702332.11919928	1
60712.97375152205	-165702332.0875154	1
60712.97386497851	-165702332.12581313	1
60712.973978566464	-165702332.13072443	1
60712.974092063916	-165702332.14216393	1
60712.9742056181	-165702332.16171378	1
60712.974319142646	-165702332.1215486	1
60712.97443272044	-165702332.12269986	1
60712.9745462889	-165702332.1457441	1
60712.974659813044	-165702332.1807071	1
60712.974773349764	-165702332.15656734	1
60712.97488695366	-165702332.2031843	1
60712.975000427214	-165702332.13467145	1
60712.97511403881	-165702332.1628154	1
60712.97522760158	-165702332.13290846	1
60712.9753411162	-165702332.10377353	1
60712.97545462194	-165702332.08170325	1
60712.975568098205	-165702332.08202034	1
60712.9756817636	-165702332.12869292	1
60712.97579526078	-165702332.12213957	1
60712.975908746834	-165702332.117863	1
60712.97602234599	-165702332.14110786	1
60712.97613581487	-165702332.12263066	1
60712.97624947397	-165702332.11711442	1
60712.976363020636	-165702332.11414444	1
60712.97647647309	-165702332.1221844	1
60712.9765900377	-165702332.09949034	1
60712.976703646236	-165702332.1122535	1
60712.97681713493	-165702332.08559126	1
60712.976930652854	-165702332.0994022	1
60712.9770442346	-165702332.1508826	1
60712.97715771771	-165702332.14988673	1
60712.97727127194	-165702332.13517624	1
60712.97738487098	-165702332.14136988	1
60712.977498452434	-165702332.13923556	1
60712.97761199278	-165702332.14070624	1
60712.97772549518	-165702332.11129713	1
60712.97783902206	-165702332.1322987	1
60712.977952490284	-165702332.10768265	1
60712.97806607403	-165702332.11950064	1
60712.97817964986	-165702332.12904078	1
60712.978293158914	-165702332.10901833	1
60712.97840668099	-165702332.12759894	1
60712.97852027011	-165702332.12653744	1
60712.97863383381	-165702332.08305407	1
60712.97874732422	-165702332.10150975	1
60712.97886087457	-165702332.10477936	1
60712.978974442725	-165702332.10526323	1
60712.97908798463	-165702332.08966702	1
60712.979201542745	-165702332.07479274	1
60712.97931508946	-165702332.02537948	1
60712.97942867847	-165702332.01918954	1
60712.97954220444	-165702332.05234677	1
60712.9796556862	-165702332.06503385	1
60712.979769209465	-165702332.0729949	1
60712.97988277131	-165702332.06298286	1
60712.97999632809	-165702332.0686968	1
60712.98010987721	-165702332.06973672	1
60712.98022339845	-165702332.06933653	1
60712.98033700898	-165702332.04719436	1
60712.98045050594	-165702332.04130852	1
60712.980563978854	-165702332.0822326	1
60712.98067760512	-165702332.1111952	1
60712.980791143666	-165702332.07799613	1
60712.98090474154	-165702332.04739106	1
60712.98101821186	-165702332.02852386	1
60712.98113177839	-165702332.0347976	1
60712.98124536602	-165702332.05348533	1
60712.98135887257	-165702332.06841004	1
60712.98147231502	-165702332.11050743	1
60712.98158595134	-165702332.07999027	1
60712.98169955856	-165702332.05675197	1
60712.98181301576	-165702332.0532189	1
60712.981926566936	-165702332.04258025	1
60712.98204009351	-165702332.04005015	1
60712.98215362696	-165702332.05807453	1
60712.98226720811	-165702332.08740437	1
60712.98238078307	-165702332.06809014	1
60712.98249431719	-165702332.06876516	1
60712.982607783815	-165702332.07821524	1
60712.98272133271	-165702332.07758778	1
60712.982834888906	-165702332.04891956	1
60712.98294842182	-165702332.04680532	1
60712.98306200197	-165702332.0513221	1
60712.9831755415	-165702332.04435474	1
60712.983289016345	-165702332.0332299	1
60712.983402657715	-165702331.99089134	1
60712.98351615888	-165702332.06177795	1
60712.983629711714	-165702332.06503522	1
60712.983743242425	-165702332.06757247	1
60712.983856890314	-165702332.06615204	1
60712.98397034971	-165702332.0730663	1
60712.98408390148	-165702332.11512226	1
60712.9841974692	-165702332.05246496	1
60712.984311056265	-165702332.05455756	1
60712.984424465445	-165702332.03867412	1
60712.98453807935	-165702332.09943706	1
60712.984651541716	-165702332.02941418	1
60712.984765146066	-165702332.03187156	1
60712.98487869346	-165702332.0194931	1
60712.98499221748	-165702332.03173697	1
60712.98510580108	-165702332.07002783	1
60712.985219302114	-165702332.12812114	1
60712.9853328699	-165702332.0853423	1
60712.9854464412	-165702332.08043933	1
60712.98555994083	-165702332.09358084	1
60712.9856734977	-165702332.0782382	1
60712.985787056576	-165702332.08714074	1
60712.986014095986	-165702332.06058306	1
60712.986127655946	-165702332.06009007	1
60712.98624123488	-165702332.08325797	1
60712.986354775596	-165702332.0912444	1
60712.986468259725	-165702332.07190758	1
60712.98658180452	-165702332.05748075	1
60712.98669539016	-165702332.03560817	1
60712.98680899244	-165702332.0313539	1
60712.98692240925	-165702332.05920672	1
60712.98703602621	-165702332.05606973	1
60712.98729147167	-165702332.02889913	1
60712.987405002714	-165702332.05275422	1
60712.98751849514	-165702332.05287325	1
60712.987632124925	-165702332.06403005	1
60712.9877456065	-165702332.01766402	1
60712.98785920066	-165702332.05950403	1
60712.98797276186	-165702332.0866995	1
60712.98808621874	-165702332.01892185	1
60712.98819984461	-165702332.06736612	1
60712.98831333104	-165702332.05963248	1
60712.98842688703	-165702332.08262408	1
60712.98854045738	-165702332.0796389	1
60712.98865398792	-165702332.0596825	1
60712.98876756544	-165702332.03410077	1
60712.98888106588	-165702332.0548752	1
60712.9889945867	-165702332.02527463	1
60712.98910817325	-165702332.03427505	1
60712.98922167108	-165702332.0291506	1
60712.98933522683	-165702332.02345872	1
60712.98944878436	-165702332.0137177	1
60712.98956229516	-165702332.03679013	1
60712.98967587932	-165702332.03541684	1
60712.989931356846	-165702332.11120164	1
60712.99004485936	-165702332.1160974	1
60712.99015847758	-165702332.10503232	1
60712.99027194533	-165702332.07590646	1
60712.99038553857	-165702332.02813053	1
60712.990499142696	-165702332.0459829	1
60712.99061257497	-165702332.06393856	1
60712.990726115975	-165702332.0764386	1
60712.990839722304	-165702332.08874875	1
60712.990953254455	-165702332.09880012	1
60712.99106682307	-165702332.06877768	1
60712.99118030884	-165702332.05094463	1
60712.99129387688	-165702332.0223322	1
60712.99140738469	-165702332.03995	1
60712.99152093339	-165702332.03194058	1
60712.991776402436	-165702332.02728623	1
60712.9918899334	-165702332.05918223	1
60712.992003449086	-165702332.02728903	1
60712.992117046255	-165702332.0496109	1
60712.992230531854	-165702332.00509566	1
60712.992344158134	-165702332.0123812	1
60712.99245774982	-165702332.0321427	1
60712.99257124249	-165702332.0414698	1
60712.99268469542	-165702332.04627877	1
60712.99279836823	-165702332.00629038	1
60712.992911826805	-165702332.033239	1
60712.993025396114	-165702332.02995443	1
60712.99313902646	-165702332.05370617	1
60712.99325248409	-165702332.08643168	1
60712.99336605039	-165702332.07263875	1
60712.99347956649	-165702332.13565242	1
60712.99359312938	-165702332.11929208	1
60712.99370664499	-165702332.10633957	1
60712.99382019117	-165702332.07917696	1
60712.99393373832	-165702332.05388647	1
60712.994047255626	-165702332.08411545	1
60712.99416085926	-165702332.09233052	1
60712.99427430135	-165702332.06709522	1
60712.994387859435	-165702332.07677162	1
60712.994501442176	-165702332.04295826	1
60712.99461496507	-165702332.0511005	1
60712.9947285427	-165702332.0267039	1
60712.994842075044	-165702332.07680947	1
60712.99495561042	-165702332.0599774	1
60712.99506918286	-165702332.03153688	1
60712.995296279376	-165702332.04877806	1
60712.99540974813	-165702332.045538	1
60712.995523317535	-165702332.02801663	1
60712.99563685076	-165702332.0830701	1
60712.99575032858	-165702332.02341622	1
60712.995864047894	-165702332.07178646	1
60712.995977515	-165702332.08520353	1
60712.99609103641	-165702332.07168943	1
60712.99620460683	-165702332.07369167	1
60712.99631819369	-165702332.09810847	1
60712.99643170717	-165702332.06215137	1
60712.99654522526	-165702332.07743967	1
60712.99665877225	-165702332.0770501	1
60712.99677228744	-165702332.11687928	1
60712.99688588484	-165702332.12207067	1
60712.99699936132	-165702332.08167237	1
60712.99711292945	-165702332.13154554	1
60712.99722650596	-165702332.06284493	1
60712.99733999393	-165702332.07282966	1
60712.997453503885	-165702332.06663644	1
60712.997567102786	-165702332.08737725	1
60712.99768063711	-165702332.09876603	1
60712.99779424243	-165702332.09593529	1
60712.99790773156	-165702332.0981347	1
60712.99802131772	-165702332.0900604	1
60712.99813478572	-165702332.09074336	1
60712.99824837929	-165702332.13005674	1
60712.998361915576	-165702332.08970892	1
60712.99847544319	-165702332.06710297	1
60712.99858906496	-165702332.08341193	1
60712.998702549776	-165702332.13286018	1
60712.99881599639	-165702332.10513622	1
60712.99892961335	-165702332.08852965	1
60712.99904312309	-165702332.08944237	1
60712.999156722304	-165702332.11789072	1
60712.99927017776	-165702332.11298877	1
60712.9993838097	-165702332.12114936	1
60712.99949731634	-165702332.1388662	1
60712.9996108389	-165702332.12171996	1
60712.999724484536	-165702332.0977037	1
60712.99997278922	-165702332.0874822	1
60713.0000934414	-165702332.11020178	1
60713.00020698716	-165702332.11693925	1
60713.00032053767	-165702332.1022398	1
60713.000434047404	-165702332.0644403	1
60713.000547553725	-165702332.06518072	1
60713.00066115673	-165702332.06758898	1
60713.00077464104	-165702332.10711378	1
60713.00088820168	-165702332.12633532	1
60713.001001808516	-165702332.10105586	1
60713.00111532554	-165702332.06378502	1
60713.00122890484	-165702332.04060972	1
60713.00134233149	-165702332.0515502	1
60713.00145594706	-165702332.0515126	1
60713.00156945323	-165702332.06775373	1
60713.0016829504	-165702332.06608993	1
60713.001796514014	-165702332.0184322	1
60713.001910090294	-165702332.02150053	1
60713.00202359806	-165702332.04674453	1
60713.002137240226	-165702332.02623934	1
60713.002250716425	-165702332.0223109	1
60713.002364262706	-165702332.0386129	1
60713.00247781535	-165702332.05482614	1
60713.00259133457	-165702332.03363436	1
60713.00270494617	-165702332.01832664	1
60713.00281851598	-165702332.01216608	1
60713.00293201741	-165702332.02342606	1
60713.003045561105	-165702332.01929718	1
60713.00315916635	-165702332.02656752	1
60713.003272597016	-165702332.0024476	1
60713.0033861628	-165702332.03889835	1
60713.003499775914	-165702332.0608678	1
60713.00361327321	-165702332.0493304	1
60713.00372680341	-165702331.99799877	1
60713.00384029725	-165702332.0032845	1
60713.0039538681	-165702332.03434855	1
60713.00406739178	-165702332.0321952	1
60713.004180917036	-165702331.98267102	1
60713.00429449318	-165702331.98117262	1
60713.00440807707	-165702331.95903254	1
60713.004521580886	-165702331.9602055	1
60713.00463520115	-165702331.97594875	1
60713.004748672305	-165702331.97251052	1
60713.00486219508	-165702331.99043947	1
60713.00497579589	-165702332.0018412	1
60713.00508933052	-165702332.03549087	1
60713.00520294494	-165702332.0015189	1
60713.00531642068	-165702332.0027492	1
60713.00542992586	-165702331.95085067	1
60713.00554345914	-165702331.98264045	1
60713.005657080685	-165702331.9862944	1
60713.00577058707	-165702331.94698948	1
60713.00588418112	-165702331.93197125	1
60713.00599765281	-165702331.9322781	1
60713.00611112206	-165702331.99256968	1
60713.00622476138	-165702332.0245126	1
60713.0063382841	-165702331.98010355	1
60713.00645176993	-165702331.96114492	1
60713.006565412645	-165702331.98454106	1
60713.00667889413	-165702332.00046945	1
60713.00679249643	-165702331.9869402	1
60713.006905932874	-165702331.9903761	1
60713.00701958481	-165702331.96952635	1
60713.00713311914	-165702331.98184568	1
60713.0072465582	-165702331.99371356	1
60713.0073601629	-165702331.98055845	1
60713.00747381007	-165702331.96947032	1
60713.00758719597	-165702331.94894153	1
60713.007700850554	-165702331.966339	1
60713.00781441196	-165702331.98430032	1
60713.00792794937	-165702331.97069627	1
60713.00804144675	-165702331.97519976	1
60713.00815492009	-165702331.99074942	1
60713.00826852507	-165702331.99796838	1
60713.00838207222	-165702331.95865828	1
