# Frequency shift file for JILA Sr1 
# for 20250318_clock_lock#0.
# Processed Tue Mar 18 19:39:55 2025 (MT) 
# by Alexander Aeppli(alexander.aeppli@colorado.edu), William Warfield(william.warfield@colorado.edu) 
# ******Applied Corrections******
# point by point corrections: 
#  - servo 
#  - second order zeeman 
#  - density shift 
# DC corrections: 
#  - lattice light 
#  - DC Stark 
#  - BBR 
#  - background gas 
#  - redshift to S1B60V1 
# Total sytematic error (frac.) = ~1e-17
# No MASER corrections have been applied
# To calculate the strontium frequency: 
# f_sr = (N/M)*f_light + f_shift[Hz] 
# where N = 1716882, M = 777577, 
# and f_light is the frequency of the light leaving JILA. 
#### Additional Notes #### 
# standard conditions
t_mjd	f_shift [Hz]	IS_GOOD
60752.78973415164	-165702209.02937138	1
60752.78983432031	-165702209.05348468	1
60752.78993445394	-165702209.0574999	1
60752.79003462264	-165702209.05125844	1
60752.79369069706	-165702209.0017137	1
60752.793790886506	-165702208.974616	1
60752.793890981346	-165702208.97449136	1
60752.79399115953	-165702208.9523443	1
60752.79409131653	-165702208.98256785	1
60752.794191532565	-165702209.03978866	1
60752.79429167079	-165702209.02516818	1
60752.79439182513	-165702209.07716346	1
60752.79449203762	-165702209.04477954	1
60752.794592201215	-165702208.98655874	1
60752.79469230476	-165702208.97348213	1
60752.79479250997	-165702208.96047926	1
60752.794892615755	-165702208.96227092	1
60752.7949928206	-165702208.9839518	1
60752.795093049135	-165702208.9962877	1
60752.79519322078	-165702209.01341635	1
60752.79529334593	-165702208.98963922	1
60752.79539355584	-165702208.98071098	1
60752.79549367151	-165702208.94081384	1
60752.795593801144	-165702208.9570843	1
60752.7956940311	-165702208.96243393	1
60752.79579411501	-165702208.99787003	1
60752.795894362105	-165702209.00918114	1
60752.795994550346	-165702208.99630862	1
60752.796094626654	-165702208.99660295	1
60752.796194846305	-165702208.9841531	1
60752.7962949697	-165702208.96025866	1
60752.7963952274	-165702208.97856635	1
60752.7964952423	-165702209.03949243	1
60752.79659547143	-165702209.03980458	1
60752.79669562321	-165702209.00353986	1
60752.79679581678	-165702208.9749896	1
60752.79689593164	-165702208.998352	1
60752.7969961748	-165702209.0085796	1
60752.79709639596	-165702208.93918222	1
60752.7971966586	-165702208.95938748	1
60752.79729659973	-165702209.03644335	1
60752.79739675815	-165702208.9978441	1
60752.797496975254	-165702209.0148331	1
60752.797597184464	-165702209.0214315	1
60752.797697315546	-165702208.9943508	1
60752.797797461506	-165702208.95875907	1
60752.79789767954	-165702208.93565136	1
60752.7979977741	-165702208.9537434	1
60752.79809796951	-165702208.9643488	1
60752.798198098855	-165702208.9155962	1
60752.798298309404	-165702208.94346	1
60752.798398459425	-165702208.93283886	1
60752.79849855584	-165702208.91952264	1
60752.798598800786	-165702208.92918295	1
60752.79869890934	-165702208.94431007	1
60752.798799162665	-165702208.93177027	1
60752.798899224865	-165702208.92217356	1
60752.798999406004	-165702208.9232852	1
60752.79909966706	-165702208.9129799	1
60752.79919976399	-165702208.92119354	1
60752.79929991138	-165702208.9320727	1
60752.799400119846	-165702208.9308194	1
60752.79950019845	-165702208.94452763	1
60752.79960042604	-165702208.93501747	1
60752.79970052838	-165702208.9355662	1
60752.79980076349	-165702208.94903934	1
60752.799900946884	-165702208.88629353	1
60752.80000115605	-165702208.911345	1
60752.80010124168	-165702208.91339904	1
60752.80020132917	-165702208.90236318	1
60752.80030161869	-165702208.8915897	1
60752.800401732966	-165702208.9090544	1
60752.80050190285	-165702208.89102203	1
60752.80060200645	-165702208.89108092	1
60752.800702261564	-165702208.8810901	1
60752.80080243366	-165702208.9193688	1
60752.80090256104	-165702208.91071707	1
60752.80100273304	-165702208.90744162	1
60752.80110293889	-165702208.93220496	1
60752.80120305179	-165702208.86850476	1
60752.801303219734	-165702208.89677316	1
60752.801403356345	-165702208.91170156	1
60752.801503527946	-165702208.85540932	1
60752.80160369078	-165702208.85479444	1
60752.80170385361	-165702208.90011674	1
60752.801804031136	-165702208.89750445	1
60752.801904215135	-165702208.8924842	1
60752.80200430867	-165702208.9047795	1
60752.8021045911	-165702208.8782069	1
60752.80220466963	-165702208.90433764	1
60752.80230485879	-165702208.8958137	1
60752.80240509076	-165702208.9171328	1
60752.80250519104	-165702208.86603254	1
60752.80260535113	-165702208.8765151	1
60752.802705500675	-165702208.888592	1
60752.80280566553	-165702208.86797684	1
60752.802905774784	-165702208.88517988	1
60752.80300604165	-165702208.87834597	1
60752.803106192834	-165702208.90847856	1
60752.80320626251	-165702208.880921	1
60752.80330641872	-165702208.89296687	1
60752.80340667461	-165702208.87872648	1
60752.803506832795	-165702208.89224792	1
60752.80360693797	-165702208.91212815	1
60752.80370711381	-165702208.90567648	1
60752.80380729499	-165702208.92045832	1
60752.803907537236	-165702208.90293908	1
60752.80400762791	-165702208.873392	1
60752.80410782951	-165702208.86300343	1
60752.80420796595	-165702208.81510216	1
60752.8043080635	-165702208.89730918	1
60752.804408312455	-165702208.91283965	1
60752.80450835618	-165702208.89697945	1
60752.80460861342	-165702208.91160607	1
60752.804708771764	-165702208.96308422	1
60752.80480896559	-165702208.94843537	1
60752.80490911554	-165702208.9218679	1
60752.805009274634	-165702208.93691015	1
60752.80510946077	-165702208.91553032	1
60752.80520962138	-165702208.87930888	1
60752.8053098314	-165702208.8630036	1
60752.805409909706	-165702208.9285751	1
60752.80551006457	-165702208.89901233	1
60752.80561024514	-165702208.8739267	1
60752.80571038939	-165702208.9377367	1
60752.80581061094	-165702208.87853223	1
60752.805910795	-165702208.86277044	1
60752.806010891036	-165702208.86607265	1
60752.8061110602	-165702208.85412145	1
60752.806211288786	-165702208.88780302	1
60752.80631142325	-165702208.8900882	1
60752.806411615646	-165702208.8854075	1
60752.80651182158	-165702208.89477932	1
60752.80661192414	-165702208.87510943	1
60752.806712026395	-165702208.82336205	1
60752.806812184805	-165702208.8540486	1
60752.80691242207	-165702208.8481599	1
60752.80701259309	-165702208.89374483	1
60752.80711271332	-165702208.9308496	1
60752.8072129129	-165702208.91731352	1
60752.80731304822	-165702208.90819442	1
60752.807413179034	-165702208.86779618	1
60752.807513428554	-165702208.8810976	1
60752.80761359927	-165702208.84282184	1
60752.80771375928	-165702208.84689516	1
60752.80781389931	-165702208.84026068	1
60752.80791399251	-165702208.8742925	1
60752.80801421376	-165702208.91242552	1
60752.80811431227	-165702208.91409642	1
60752.80821452974	-165702208.910663	1
60752.80831472702	-165702208.90747994	1
60752.80841492375	-165702208.93299353	1
60752.808514992124	-165702208.9093958	1
60752.808615126574	-165702208.92506152	1
60752.80871539521	-165702208.91890514	1
60752.80881543143	-165702208.8671412	1
60752.80891571795	-165702208.89574838	1
60752.80901584806	-165702208.95314676	1
60752.80911603198	-165702208.89550394	1
60752.80921614054	-165702208.87465477	1
60752.809316401486	-165702208.89052957	1
60752.809416558	-165702208.95732313	1
60752.80951668865	-165702208.9120316	1
60752.809616811406	-165702208.93995684	1
60752.80971705581	-165702208.92907047	1
60752.809817158544	-165702208.97898817	1
60752.80991734648	-165702208.92295223	1
60752.81001746628	-165702208.94189954	1
60752.81011766543	-165702208.9370979	1
60752.8102178423	-165702208.87725192	1
60752.81031796237	-165702208.88820446	1
60752.810418173205	-165702208.8659457	1
60752.81051829697	-165702208.8371578	1
60752.81061850903	-165702208.85600227	1
60752.81071863157	-165702208.86790717	1
60752.81081880815	-165702208.83824313	1
60752.81091897492	-165702208.91098356	1
60752.81101913471	-165702208.88850307	1
60752.81111933821	-165702208.90296024	1
60752.811219425246	-165702208.87837327	1
60752.81131962893	-165702208.89820343	1
60752.81141979905	-165702208.95037317	1
60752.811520023446	-165702208.97678095	1
60752.81162010827	-165702208.91106546	1
60752.811720246376	-165702208.90022326	1
60752.81182049098	-165702208.8823362	1
60752.81192072182	-165702208.83004946	1
60752.812020765276	-165702208.86779165	1
60752.81212103473	-165702208.8872469	1
60752.8122210894	-165702208.87351936	1
60752.81232129898	-165702208.87593025	1
60752.81242152171	-165702208.88295949	1
60752.81252161971	-165702208.88728958	1
60752.812621742545	-165702208.90248328	1
60752.81272198457	-165702208.88360322	1
60752.8128221323	-165702208.90371156	1
60752.81292236411	-165702208.9215098	1
60752.81302245797	-165702208.91738397	1
60752.81312261301	-165702208.91682458	1
60752.81322276826	-165702208.89858162	1
60752.81332295726	-165702208.89044112	1
60752.81342308748	-165702208.94005585	1
60752.81352317911	-165702208.90031964	1
60752.81362345939	-165702208.91894358	1
60752.81372363458	-165702208.8662086	1
60752.81382376131	-165702208.90076905	1
60752.81392397092	-165702208.92525184	1
60752.814024063366	-165702208.90654218	1
60752.81412425029	-165702208.89722103	1
60752.814224441	-165702208.90911037	1
60752.81432453703	-165702208.9223358	1
60752.81442467816	-165702208.89938706	1
60752.814524861526	-165702208.88407904	1
60752.81462507132	-165702208.87070978	1
60752.814725196506	-165702208.84973848	1
60752.81482537083	-165702208.84973478	1
60752.814925496736	-165702208.84449893	1
60752.81502564242	-165702208.87207645	1
60752.81512584496	-165702208.87103182	1
60752.81522600351	-165702208.8554318	1
60752.81532625542	-165702208.8926133	1
60752.81542633373	-165702208.89798194	1
60752.81552654656	-165702208.87945276	1
60752.81562667148	-165702208.88946104	1
60752.815726879126	-165702208.89110333	1
60752.815826996884	-165702208.8605405	1
60752.81592718591	-165702208.8047437	1
60752.81602738719	-165702208.81256294	1
60752.81612746122	-165702208.85054868	1
60752.81622764127	-165702208.8341332	1
60752.81632785523	-165702208.83938545	1
60752.81642803357	-165702208.82367158	1
60752.816528219795	-165702208.81798625	1
60752.81662829447	-165702208.8105293	1
60752.816728444865	-165702208.825651	1
60752.816828652256	-165702208.83275986	1
60752.81692877957	-165702208.8439994	1
60752.81702896662	-165702208.86022472	1
60752.81712912987	-165702208.82370132	1
60752.81722932552	-165702208.79677498	1
60752.81732948304	-165702208.83478683	1
60752.81742967433	-165702208.81317312	1
60752.81752983078	-165702208.84009093	1
60752.81762995676	-165702208.80105072	1
60752.81773019081	-165702208.8037858	1
60752.81783028467	-165702208.82521838	1
60752.817930444406	-165702208.80361056	1
60752.818030638	-165702208.77036595	1
60752.81813079666	-165702208.7880419	1
60752.81823093142	-165702208.78196383	1
60752.81833113175	-165702208.7764157	1
60752.81843121826	-165702208.78564388	1
60752.818531464705	-165702208.8194872	1
60752.818631599745	-165702208.85274965	1
60752.818731728185	-165702208.84484816	1
60752.81883196562	-165702208.82993495	1
60752.8189320312	-165702208.84106767	1
60752.819032273765	-165702208.80204153	1
60752.81913244859	-165702208.8179041	1
60752.819232635695	-165702208.8383248	1
60752.819332761974	-165702208.8374017	1
60752.819432919874	-165702208.82124043	1
60752.81953311793	-165702208.7784403	1
60752.819633239225	-165702208.77320606	1
60752.819733448385	-165702208.78499424	1
60752.81983362393	-165702208.78267258	1
60752.81993381595	-165702208.79963696	1
60752.82003396904	-165702208.7719689	1
60752.820134065725	-165702208.774517	1
60752.82023420279	-165702208.82708585	1
60752.82033444919	-165702208.82842237	1
60752.820434581765	-165702208.74456763	1
60752.82053478557	-165702208.770733	1
60752.82063490813	-165702208.766864	1
60752.820735062865	-165702208.78227615	1
60752.82083521864	-165702208.75555706	1
60752.82093537986	-165702208.75937647	1
60752.821035534886	-165702208.81419957	1
60752.82113576386	-165702208.80128717	1
60752.82123589856	-165702208.80098206	1
60752.8213360668	-165702208.7566796	1
60752.82143620429	-165702208.76559097	1
60752.82153636844	-165702208.78105348	1
60752.82163651943	-165702208.74674052	1
60752.82173675291	-165702208.76224047	1
60752.821836901276	-165702208.74201763	1
60752.821937026034	-165702208.77127784	1
60752.82203723481	-165702208.7203157	1
60752.82213736487	-165702208.76974183	1
60752.82223757752	-165702208.75012058	1
60752.82233770586	-165702208.76445842	1
60752.82243779838	-165702208.73944974	1
60752.82253799738	-165702208.72926712	1
60752.82263817604	-165702208.7631443	1
60752.82273837309	-165702208.776613	1
60752.822838501284	-165702208.7526033	1
60752.822938682446	-165702208.71748352	1
60752.82303885878	-165702208.70768577	1
60752.823139016466	-165702208.7353511	1
60752.82323917623	-165702208.71869618	1
60752.82333931382	-165702208.75423026	1
60752.82343958735	-165702208.79286247	1
60752.823539674115	-165702208.76306605	1
60752.823639813825	-165702208.716883	1
60752.8237399581	-165702208.6969877	1
60752.823840113764	-165702208.745497	1
60752.82394035197	-165702208.79320925	1
60752.82404053317	-165702208.78406954	1
60752.82414068839	-165702208.7937153	1
60752.824240814654	-165702208.7380091	1
60752.82434097194	-165702208.72097886	1
60752.824441177225	-165702208.72724086	1
60752.824541312206	-165702208.68301415	1
60752.82464152091	-165702208.7340362	1
60752.82474167627	-165702208.76017702	1
60752.824841815964	-165702208.69841826	1
60752.824941966035	-165702208.69326127	1
60752.82504211438	-165702208.71059966	1
60752.82514231644	-165702208.7379005	1
60752.825242496634	-165702208.73351258	1
60752.82534253817	-165702208.7753108	1
60752.8254428846	-165702208.74533325	1
60752.825542897284	-165702208.78055227	1
60752.82564313167	-165702208.774158	1
60752.8257432568	-165702208.7704054	1
60752.825843466526	-165702208.7722755	1
60752.825943629156	-165702208.75606668	1
60752.82604375447	-165702208.74933243	1
60752.82614391784	-165702208.74857622	1
60752.82624408893	-165702208.78928506	1
60752.82634429653	-165702208.77945262	1
60752.82644446225	-165702208.78464574	1
60752.82654454616	-165702208.7670418	1
60752.82664479813	-165702208.81745875	1
60752.82674484393	-165702208.7636184	1
60752.826845149044	-165702208.77782512	1
60752.82694526157	-165702208.799801	1
60752.82704546281	-165702208.79509598	1
60752.827145554365	-165702208.8016386	1
60752.827245757	-165702208.80597216	1
60752.82734589932	-165702208.78279924	1
60752.827446055344	-165702208.79357624	1
60752.82754622224	-165702208.7866084	1
60752.82764634327	-165702208.78349012	1
60752.827746621006	-165702208.7622466	1
60752.82784675037	-165702208.75511456	1
60752.82794689098	-165702208.73966175	1
60752.82804708	-165702208.74875844	1
60752.82814719125	-165702208.7215907	1
60752.82824739031	-165702208.73426777	1
60752.82834759196	-165702208.72828788	1
60752.82844774042	-165702208.7215743	1
60752.8285478538	-165702208.70022792	1
60752.828648133414	-165702208.7488203	1
60752.828748250286	-165702208.73152488	1
60752.828848409314	-165702208.75524658	1
60752.82894860206	-165702208.77575243	1
60752.82904865505	-165702208.74303192	1
60752.829148881385	-165702208.7300859	1
60752.829249075265	-165702208.71778494	1
60752.829349176725	-165702208.77159536	1
60752.82944938046	-165702208.68754274	1
60752.82954956419	-165702208.71777058	1
60752.82964971594	-165702208.7078557	1
60752.829749830424	-165702208.67777205	1
60752.82984998318	-165702208.69665903	1
60752.829950211875	-165702208.7613293	1
60752.83005039747	-165702208.75140852	1
60752.830150508875	-165702208.78606337	1
60752.83025070811	-165702208.74367094	1
60752.83035085482	-165702208.76973307	1
60752.830451022426	-165702208.77286112	1
60752.830551172745	-165702208.7717436	1
60752.83065133897	-165702208.8070494	1
60752.83075156195	-165702208.79311794	1
60752.83085166923	-165702208.78920424	1
60752.83095179334	-165702208.82930827	1
60752.831052106565	-165702208.80851823	1
60752.83115218041	-165702208.85113668	1
60752.83125235315	-165702208.83040518	1
60752.8313524958	-165702208.8085658	1
60752.83145262245	-165702208.84667903	1
60752.83155286589	-165702208.82235497	1
60752.83165306437	-165702208.8279289	1
60752.831753130005	-165702208.8008083	1
60752.83185329692	-165702208.79421884	1
60752.83195348222	-165702208.81165224	1
60752.83205362132	-165702208.81458533	1
60752.832153792704	-165702208.81646365	1
60752.83225399781	-165702208.78324693	1
60752.83235413506	-165702208.7698139	1
60752.832454343836	-165702208.74436027	1
60752.83255444635	-165702208.78870398	1
60752.8326545478	-165702208.75791007	1
60752.83275483972	-165702208.82221878	1
60752.83285496139	-165702208.78433764	1
60752.8329550401	-165702208.78375882	1
60752.83305532852	-165702208.7563628	1
60752.83315551913	-165702208.75508255	1
60752.83325564995	-165702208.8369742	1
60752.83335582513	-165702208.82739162	1
60752.833455887456	-165702208.8329112	1
60752.83355608552	-165702208.87392128	1
60752.83365626623	-165702208.83456767	1
60752.83375641248	-165702208.81458026	1
60752.83385659619	-165702208.82792026	1
60752.833956790986	-165702208.81930023	1
60752.8340569332	-165702208.84732515	1
60752.834157063786	-165702208.7862491	1
60752.83425729699	-165702208.83157158	1
60752.83435744583	-165702208.80516917	1
60752.834457552046	-165702208.7891549	1
60752.8345577722	-165702208.80573654	1
60752.834657924235	-165702208.7795925	1
60752.83475812748	-165702208.85246432	1
60752.83485820848	-165702208.88692904	1
60752.83495840482	-165702208.8325737	1
60752.835058615245	-165702208.7814139	1
60752.83515874878	-165702208.82653314	1
60752.835258891006	-165702208.85913682	1
60752.83535907894	-165702208.82527918	1
60752.835459291455	-165702208.7807542	1
60752.83555935174	-165702208.75781912	1
60752.835659586024	-165702208.8133675	1
60752.83575970196	-165702208.82330614	1
60752.8358599091	-165702208.81386596	1
60752.8359601253	-165702208.80969793	1
60752.836060268804	-165702208.84677106	1
60752.83616041438	-165702208.82462585	1
60752.836260527045	-165702208.83541346	1
60752.836360654095	-165702208.81273746	1
60752.83646096182	-165702208.7670545	1
60752.83656104717	-165702208.795305	1
60752.83666123256	-165702208.8320387	1
60752.83676133558	-165702208.8223592	1
60752.83686151053	-165702208.77449673	1
60752.83696169743	-165702208.80516934	1
60752.83706186502	-165702208.77125478	1
60752.83716197076	-165702208.80566162	1
60752.83726220959	-165702208.79595	1
60752.83736239997	-165702208.79381108	1
60752.8374624287	-165702208.84588963	1
60752.83756263156	-165702208.74815363	1
60752.83766281715	-165702208.73571414	1
60752.83776303142	-165702208.73985177	1
60752.83786321736	-165702208.805162	1
60752.83796331204	-165702208.80076313	1
60752.838063496514	-165702208.78746486	1
60752.838163631975	-165702208.8008353	1
60752.83826382905	-165702208.73417073	1
60752.83836403593	-165702208.76215357	1
60752.83846413109	-165702208.7958185	1
60752.838564354985	-165702208.81502402	1
60752.83866450843	-165702208.76874334	1
60752.83876463798	-165702208.7601012	1
60752.83886483901	-165702208.740229	1
60752.83896501675	-165702208.72239155	1
60752.83906521499	-165702208.74817497	1
60752.83916525667	-165702208.71930856	1
60752.83926548938	-165702208.74509382	1
60752.83936563384	-165702208.71826202	1
60752.83946581169	-165702208.74633408	1
60752.83956592674	-165702208.7400406	1
60752.83966615077	-165702208.74870652	1
60752.839766274454	-165702208.7377633	1
60752.83986647746	-165702208.7176711	1
60752.83996653899	-165702208.76708806	1
60752.84006679641	-165702208.74659193	1
60752.840167002534	-165702208.71282935	1
60752.84026710083	-165702208.74036264	1
60752.84036732645	-165702208.73421663	1
60752.84046748778	-165702208.73220235	1
60752.84056760213	-165702208.77331132	1
60752.84066779431	-165702208.78060716	1
60752.84076799111	-165702208.7616285	1
60752.84086814295	-165702208.7821327	1
60752.84096826828	-165702208.7649147	1
60752.84106837852	-165702208.7485178	1
60752.841168618	-165702208.82506895	1
60752.84126878713	-165702208.76723272	1
60752.84136895209	-165702208.77352643	1
60752.84287143643	-165702208.81798834	1
60752.8429715738	-165702208.7521392	1
60752.84307170211	-165702208.76496828	1
60752.84317183393	-165702208.79427326	1
60752.84327203086	-165702208.81020206	1
60752.84337215615	-165702208.84260815	1
60752.84347236455	-165702208.80979532	1
60752.84357251588	-165702208.8052503	1
60752.84367267238	-165702208.79066014	1
60752.84377282522	-165702208.70482963	1
60752.84387305666	-165702208.83048105	1
60752.84397316825	-165702208.83205855	1
60752.844073408996	-165702208.8290311	1
60752.84417355579	-165702208.83856624	1
60752.84427364978	-165702208.82596308	1
60752.84437387086	-165702208.75750864	1
60752.84447400902	-165702208.7920758	1
60752.844574114846	-165702208.8197111	1
60752.84467438913	-165702208.78982913	1
60752.84477456949	-165702208.7984826	1
60752.844874729424	-165702208.78749102	1
60752.84497488949	-165702208.77249342	1
60752.84507497198	-165702208.7720412	1
60752.845175169634	-165702208.77277243	1
60752.845275379455	-165702208.81920242	1
60752.84537555215	-165702208.79352516	1
60752.84547565419	-165702208.8010918	1
60752.84557585459	-165702208.73871183	1
60752.84567603642	-165702208.75223672	1
60752.84577617827	-165702208.72578758	1
60752.84587632837	-165702208.65181535	1
60752.84597643361	-165702208.68826056	1
60752.84607663017	-165702208.7501663	1
60752.84617676705	-165702208.7336017	1
60752.846402286625	-165702208.70705217	1
60752.84650247332	-165702208.69181734	1
60752.84660266083	-165702208.7256602	1
60752.84670281268	-165702208.73960543	1
60752.84680291838	-165702208.70407987	1
60752.846903049045	-165702208.6700021	1
60752.84700337084	-165702208.68898118	1
60752.84710341317	-165702208.7240957	1
60752.84720369075	-165702208.68484575	1
60752.847303749404	-165702208.70098943	1
60752.84740393709	-165702208.7098449	1
60752.847504156605	-165702208.70059437	1
60752.847604235816	-165702208.7744187	1
60752.84770444251	-165702208.75095284	1
60752.847804625846	-165702208.69947863	1
60752.847904733455	-165702208.74855697	1
60752.848004886764	-165702208.74200052	1
60752.84810511931	-165702208.71859497	1
60752.84820524617	-165702208.74560982	1
60752.84830544421	-165702208.76773703	1
60752.848405641336	-165702208.73469877	1
60752.84850582511	-165702208.70805663	1
60752.8486059196	-165702208.71119273	1
60752.84870609169	-165702208.74304432	1
60752.84880628199	-165702208.7474295	1
60752.84890636207	-165702208.7519883	1
60752.8490065729	-165702208.71143854	1
60752.84910676777	-165702208.73016256	1
60752.849206916275	-165702208.732628	1
60752.84930706241	-165702208.7308691	1
60752.84940723979	-165702208.72019494	1
60752.849507389015	-165702208.73014838	1
60752.849607567805	-165702208.72939694	1
60752.849707726426	-165702208.73429805	1
60752.84980797959	-165702208.7410037	1
60752.84990802727	-165702208.75833976	1
60752.850008224545	-165702208.7166829	1
60752.85010845924	-165702208.73749447	1
60752.85020859932	-165702208.7081192	1
60752.85030868591	-165702208.7914393	1
60752.85040887619	-165702208.73803872	1
60752.850509017444	-165702208.71712017	1
60752.8506092616	-165702208.71600372	1
60752.85070939194	-165702208.72022754	1
60752.85080953132	-165702208.73614508	1
60752.85090966872	-165702208.73227584	1
60752.85100987742	-165702208.74479568	1
60752.85111000948	-165702208.76605803	1
60752.851210223416	-165702208.72548956	1
60752.851310360915	-165702208.69859356	1
60752.851410480485	-165702208.73204952	1
60752.85151069494	-165702208.70693117	1
60752.85161083986	-165702208.73381656	1
60752.851710948635	-165702208.7434631	1
60752.851811165805	-165702208.75737774	1
60752.85191135566	-165702208.7153219	1
60752.8520115287	-165702208.75951147	1
60752.85211169253	-165702208.72173893	1
60752.85221180894	-165702208.74343848	1
60752.852311981485	-165702208.68394625	1
60752.85241218059	-165702208.7755708	1
60752.85251233775	-165702208.76317096	1
60752.85261246313	-165702208.78015363	1
60752.85271262337	-165702208.78601742	1
60752.852812783975	-165702208.7808271	1
60752.852912973736	-165702208.7698946	1
60752.85301309641	-165702208.729239	1
60752.85311329205	-165702208.74914807	1
60752.85321348335	-165702208.71057343	1
60752.85331365111	-165702208.7121948	1
60752.85341380253	-165702208.7070247	1
60752.85351400811	-165702208.72470838	1
60752.853614095126	-165702208.72034568	1
60752.853714371995	-165702208.7583415	1
60752.85381449675	-165702208.70881218	1
60752.853914572064	-165702208.70182824	1
60752.854014721896	-165702208.72540522	1
60752.85411501533	-165702208.7370187	1
60752.854215144376	-165702208.73961073	1
60752.85431533387	-165702208.69724208	1
60752.85441542089	-165702208.68235654	1
60752.854515619016	-165702208.75600094	1
60752.85461584365	-165702208.73703426	1
60752.85471597996	-165702208.7223884	1
60752.854816095685	-165702208.77668446	1
60752.854916184624	-165702208.7006625	1
60752.85501642341	-165702208.7260965	1
60752.85511655723	-165702208.67963922	1
60752.855216765485	-165702208.7012105	1
60752.855316912784	-165702208.72033364	1
60752.85541712391	-165702208.7226764	1
60752.85551722627	-165702208.72139287	1
60752.85561745662	-165702208.71871173	1
60752.855717607905	-165702208.69605362	1
60752.855817757714	-165702208.68962485	1
60752.85591789206	-165702208.75546443	1
60752.85601811734	-165702208.7150063	1
60752.856118220625	-165702208.73431343	1
60752.85621838727	-165702208.73971856	1
60752.85631858128	-165702208.7143994	1
60752.85641874462	-165702208.71052706	1
60752.85651887424	-165702208.7033838	1
60752.85661898043	-165702208.71422803	1
60752.856719198266	-165702208.69172037	1
60752.856819403605	-165702208.76783323	1
60752.85691954976	-165702208.7353357	1
60752.85701970912	-165702208.7742052	1
60752.85711989656	-165702208.72755265	1
60752.857220008555	-165702208.74924034	1
60752.857320244446	-165702208.79390144	1
60752.85742043157	-165702208.75202155	1
60752.85752052726	-165702208.7453171	1
60752.85762071214	-165702208.71745694	1
60752.85772087314	-165702208.7190361	1
60752.857821013495	-165702208.74509025	1
60752.85792119987	-165702208.77269053	1
60752.85802142416	-165702208.7559315	1
60752.85812155257	-165702208.76206934	1
60752.85822172379	-165702208.70145	1
60752.85832188665	-165702208.6911432	1
60752.85842205628	-165702208.7099123	1
60752.85852224867	-165702208.72453785	1
60752.85862233999	-165702208.74916875	1
60752.85872248863	-165702208.68207002	1
60752.85882267253	-165702208.65305698	1
60752.85892281943	-165702208.66315562	1
60752.85902294722	-165702208.7201267	1
60752.85912316342	-165702208.70665342	1
60752.8592233563	-165702208.69125146	1
60752.859323518496	-165702208.6886556	1
60752.859423674905	-165702208.69841737	1
60752.85952375067	-165702208.7095155	1
60752.85962399474	-165702208.66260427	1
60752.859724133035	-165702208.69999474	1
60752.859824392945	-165702208.69887084	1
60752.85992438842	-165702208.68330204	1
60752.86002464787	-165702208.6733678	1
60752.86012485894	-165702208.65761405	1
60752.86022494288	-165702208.67985952	1
60752.86032515035	-165702208.67568612	1
60752.86042532942	-165702208.70387208	1
60752.86052555737	-165702208.66959095	1
60752.860625610396	-165702208.68405437	1
60752.86072576821	-165702208.67855388	1
60752.860825996846	-165702208.69230342	1
60752.86092614852	-165702208.7075476	1
60752.86102630273	-165702208.6655088	1
60752.86112656122	-165702208.68100965	1
60752.8612265969	-165702208.63185996	1
60752.86132682873	-165702208.6948418	1
60752.86142697353	-165702208.69332176	1
60752.86152705828	-165702208.65572864	1
60752.86162726437	-165702208.6861844	1
60752.86172742703	-165702208.64830655	1
60752.86182761971	-165702208.68785673	1
60752.86192772506	-165702208.6725139	1
60752.862027935706	-165702208.65246892	1
60752.86212810055	-165702208.62018812	1
60752.86222829002	-165702208.69307643	1
60752.86232852073	-165702208.67713404	1
60752.86242858919	-165702208.69339567	1
60752.862528747486	-165702208.69815427	1
60752.862628911535	-165702208.7270624	1
60752.862729113345	-165702208.6896724	1
60752.862829217425	-165702208.7463135	1
60752.8629294269	-165702208.71765763	1
60752.86302958069	-165702208.7235343	1
60752.86312968554	-165702208.69913977	1
60752.863229877825	-165702208.73191696	1
60752.86333004378	-165702208.7303964	1
60752.863430274614	-165702208.72204095	1
60752.8635304035	-165702208.74594116	1
60752.863630520216	-165702208.76819116	1
60752.8637307349	-165702208.72498047	1
60752.86383085141	-165702208.68372428	1
60752.86393105546	-165702208.68775064	1
60752.86403124343	-165702208.7067948	1
60752.864131379465	-165702208.7044235	1
60752.864231585656	-165702208.70720464	1
60752.86433176757	-165702208.69668317	1
60752.86443189385	-165702208.68040258	1
60752.864532081454	-165702208.7107662	1
60752.8646321472	-165702208.64989012	1
60752.86473239485	-165702208.70540392	1
60752.86483258382	-165702208.66864556	1
60752.86493267762	-165702208.6559503	1
60752.865032839516	-165702208.6303923	1
60752.86513299181	-165702208.66930944	1
60752.865233214754	-165702208.65229923	1
60752.865333350645	-165702208.63917577	1
60752.865433503386	-165702208.6604361	1
60752.8655337785	-165702208.667	1
60752.86563379255	-165702208.62493026	1
60752.86573400973	-165702208.63801223	1
60752.865834152544	-165702208.59193653	1
60752.86593438523	-165702208.68398392	1
60752.86603443283	-165702208.68534583	1
60752.866134730575	-165702208.68620306	1
60752.866234840025	-165702208.65281075	1
60752.866335006016	-165702208.65603542	1
60752.86643515502	-165702208.60017473	1
60752.8665352607	-165702208.68145114	1
60752.86663553764	-165702208.68347162	1
60752.86673559102	-165702208.68435323	1
60752.868137980084	-165702208.668644	1
60752.868238108844	-165702208.6442471	1
60752.86833830137	-165702208.70580053	1
60752.86843843354	-165702208.692199	1
60752.86853858598	-165702208.71035564	1
60752.86863876673	-165702208.70962256	1
60752.86903946227	-165702208.6925934	1
60752.8691395472	-165702208.6874388	1
60752.869239691834	-165702208.71161097	1
60752.869339863304	-165702208.71047395	1
60752.86944002987	-165702208.7086649	1
60752.86954030052	-165702208.69555634	1
60752.86964041499	-165702208.6876045	1
60752.869740594164	-165702208.7152692	1
60752.86984072213	-165702208.75766814	1
60752.86994091658	-165702208.66870826	1
60752.87004108842	-165702208.69186044	1
60752.870141221065	-165702208.66958386	1
60752.87024145601	-165702208.6628551	1
60752.87034159024	-165702208.7307734	1
60752.87044176121	-165702208.71330792	1
60752.87054184668	-165702208.74225074	1
60752.87064204179	-165702208.75191957	1
60752.87074224154	-165702208.72406983	1
60752.87084238227	-165702208.69588798	1
60752.87094254033	-165702208.71234834	1
60752.87104273435	-165702208.69860727	1
60752.87114282648	-165702208.7006209	1
60752.87124310578	-165702208.7039687	1
60752.87134323508	-165702208.68726975	1
60752.87144338236	-165702208.74662584	1
60752.871543617555	-165702208.67703503	1
60752.87164371351	-165702208.7151388	1
60752.87174387754	-165702208.70295715	1
60752.87184399783	-165702208.73196566	1
60752.87194419048	-165702208.7015975	1
60752.872044325595	-165702208.7278359	1
60752.87214460673	-165702208.7261374	1
60752.87224469614	-165702208.73273683	1
60752.872344868716	-165702208.78068912	1
60752.87244500805	-165702208.76331252	1
60752.87254517577	-165702208.72300142	1
60752.87264540151	-165702208.73578775	1
60752.8727455099	-165702208.72420043	1
60752.87284563773	-165702208.72661352	1
60752.87294588593	-165702208.73550892	1
60752.87304598704	-165702208.74160016	1
60752.87314614377	-165702208.70657688	1
60752.87324632965	-165702208.7368753	1
60752.8733465	-165702208.73818684	1
60752.873446635545	-165702208.76336128	1
60752.873546851464	-165702208.7536443	1
60752.87364697648	-165702208.76945782	1
60752.87374714181	-165702208.75876182	1
60752.87384731421	-165702208.73275834	1
60752.87394758072	-165702208.71822715	1
60752.874047646066	-165702208.74120182	1
60752.87414784839	-165702208.70251328	1
60752.874247983855	-165702208.72229767	1
60752.874348161036	-165702208.7278763	1
60752.874448308416	-165702208.70801723	1
60752.87454841681	-165702208.6760429	1
60752.87464860214	-165702208.67604274	1
60752.874748777	-165702208.68956965	1
60752.874848994055	-165702208.70438635	1
60752.87494916365	-165702208.66909903	1
60752.875049297865	-165702208.71556443	1
60752.875149496474	-165702208.674744	1
60752.875249673125	-165702208.696158	1
60752.875349766895	-165702208.68994218	1
60752.87544991725	-165702208.658242	1
60752.875550062905	-165702208.71465027	1
60752.87565027672	-165702208.68670958	1
60752.875750453575	-165702208.70915276	1
60752.87585062398	-165702208.6978293	1
60752.87595077967	-165702208.67495918	1
60752.87605098595	-165702208.68459624	1
60752.87615108021	-165702208.6903872	1
60752.876251413305	-165702208.68203264	1
60752.87635141075	-165702208.71340567	1
60752.87645164662	-165702208.74544418	1
60752.87655174376	-165702208.7317307	1
60752.876651889754	-165702208.68979365	1
60752.876752106895	-165702208.67582172	1
60752.87685221878	-165702208.70018464	1
60752.87695243462	-165702208.70331812	1
60752.87705265017	-165702208.74386775	1
60752.87715272283	-165702208.683905	1
60752.877252840284	-165702208.66344583	1
60752.877353095566	-165702208.69111705	1
60752.87745319638	-165702208.64317477	1
60752.87755336741	-165702208.67642188	1
60752.87765362849	-165702208.67179573	1
60752.87775374795	-165702208.66967088	1
60752.8778539397	-165702208.7013119	1
60752.87795402122	-165702208.6899389	1
60752.87805418963	-165702208.65060407	1
60752.878154405415	-165702208.67446864	1
60752.878254532276	-165702208.65282726	1
60752.8783546627	-165702208.6533115	1
60752.878454845435	-165702208.6660809	1
60752.87855502316	-165702208.68437588	1
60752.87865515089	-165702208.72915524	1
60752.878755387814	-165702208.70784378	1
60752.87885551329	-165702208.71137506	1
60752.87895567424	-165702208.70050246	1
60752.879055871774	-165702208.7037269	1
60752.87915598884	-165702208.63762254	1
60752.879256252425	-165702208.68023258	1
60752.87935635183	-165702208.648521	1
60752.87945650496	-165702208.66144508	1
60752.87955675124	-165702208.62478846	1
60752.879656814264	-165702208.6307159	1
60752.879757004885	-165702208.7186265	1
60752.87985716215	-165702208.68783498	1
60752.879957346595	-165702208.6915264	1
60752.88005746753	-165702208.69094706	1
60752.88015768172	-165702208.66037124	1
60752.88025784479	-165702208.67499542	1
60752.88035802551	-165702208.6504646	1
60752.880458205545	-165702208.6654634	1
60752.88055835561	-165702208.67056376	1
60752.88065851053	-165702208.68961	1
60752.88075866421	-165702208.6399786	1
60752.88085880293	-165702208.59957814	1
60752.88095897775	-165702208.58526796	1
60752.881059159394	-165702208.64776736	1
60752.88115931615	-165702208.67162228	1
60752.88125953358	-165702208.67699254	1
60752.88135963637	-165702208.6613698	1
60752.88145981573	-165702208.66257524	1
60752.881560005146	-165702208.56364864	1
60752.881660131774	-165702208.5696476	1
60752.88176037542	-165702208.6220001	1
60752.88186051708	-165702208.59425354	1
60752.88196067969	-165702208.6198861	1
60752.88206083203	-165702208.57348984	1
60752.882161003225	-165702208.59226114	1
60752.882261152496	-165702208.60422188	1
60752.88236126374	-165702208.59060657	1
60752.88246147093	-165702208.5779773	1
60752.88256164113	-165702208.56701458	1
60752.88266175396	-165702208.5875635	1
60752.88276198585	-165702208.602274	1
60752.88286217181	-165702208.60877162	1
60752.882962348005	-165702208.58890456	1
60752.88306240417	-165702208.6431628	1
60752.88316259114	-165702208.6337511	1
60752.88326266487	-165702208.61621386	1
60752.88336297436	-165702208.61251748	1
60752.88346311167	-165702208.6215225	1
60752.883563354975	-165702208.60472363	1
60752.88366342545	-165702208.61447394	1
60752.88376356568	-165702208.6132443	1
60752.88386372429	-165702208.60506892	1
60752.883963945715	-165702208.61824256	1
60752.884064062484	-165702208.60893285	1
60752.88416424352	-165702208.60846508	1
60752.88426436072	-165702208.6159312	1
60752.88436457992	-165702208.58783668	1
60752.88446477807	-165702208.58085895	1
60752.88456489601	-165702208.5606652	1
60752.88466500133	-165702208.60339206	1
60752.8847652499	-165702208.57319635	1
60752.88486536305	-165702208.54424793	1
60752.88496555803	-165702208.61153358	1
60752.88506580645	-165702208.62743032	1
60752.88516585873	-165702208.6213584	1
60752.885266068995	-165702208.61633247	1
60752.88536623138	-165702208.6393522	1
60752.88546633337	-165702208.67292613	1
60752.88556659835	-165702208.65321547	1
60752.88566670771	-165702208.61657256	1
60752.885766887026	-165702208.66548413	1
60752.88586700957	-165702208.67317522	1
60752.885967235525	-165702208.58580923	1
60752.886067343374	-165702208.6194378	1
60752.88616760005	-165702208.6151269	1
60752.88626769638	-165702208.6337211	1
60752.88636784219	-165702208.57305908	1
60752.88646802411	-165702208.57599348	1
60752.88656814498	-165702208.59199584	1
60752.88666833381	-165702208.63113588	1
60752.886768525634	-165702208.60625243	1
60752.88686868397	-165702208.61851132	1
60752.8869688163	-165702208.62007916	1
60752.88706904667	-165702208.6465037	1
60752.887169148664	-165702208.6240828	1
60752.88726932967	-165702208.65154588	1
60752.88736947391	-165702208.55288512	1
60752.88746963204	-165702208.61803937	1
60752.88756984429	-165702208.5926124	1
60752.887670079945	-165702208.59123856	1
60752.88777015223	-165702208.62423337	1
60752.88787033012	-165702208.62211156	1
60752.88797049108	-165702208.57193255	1
60752.888070623114	-165702208.5982104	1
60752.88817078683	-165702208.62690538	1
60752.888271042524	-165702208.62492442	1
60752.8883711686	-165702208.65742278	1
60752.88877180906	-165702208.65947568	1
60752.88887199064	-165702208.6524365	1
60752.88897203005	-165702208.68286628	1
60752.88907228938	-165702208.64962447	1
60752.889172472955	-165702208.67015022	1
60752.88927257038	-165702208.6453762	1
60752.88937278227	-165702208.68441617	1
60752.88947293439	-165702208.70271224	1
60752.889573122426	-165702208.7129705	1
60752.88967328198	-165702208.69667172	1
60752.889773487215	-165702208.67271763	1
60752.889873638065	-165702208.6522023	1
60752.8899737648	-165702208.6434508	1
60752.89007393198	-165702208.60233402	1
60752.89017410368	-165702208.6153093	1
60752.89027430608	-165702208.61995244	1
60752.8903744258	-165702208.5869407	1
60752.89047455565	-165702208.59203023	1
60752.89057474053	-165702208.65014082	1
60752.890674952185	-165702208.64259082	1
60752.890775120875	-165702208.63983893	1
60752.89087523438	-165702208.6224872	1
60752.89097540123	-165702208.63296103	1
60752.89107562351	-165702208.61966425	1
60752.89117567726	-165702208.62604076	1
60752.89127587021	-165702208.55089426	1
60752.89137611832	-165702208.6164986	1
60752.89147617205	-165702208.61160183	1
60752.891576442555	-165702208.6375292	1
60752.89167659009	-165702208.6060428	1
60752.89177671067	-165702208.5727656	1
60752.891876856505	-165702208.5946617	1
60752.891977073254	-165702208.59764975	1
60752.892077208555	-165702208.64118862	1
60752.89217741162	-165702208.6084773	1
60752.89227757479	-165702208.64731872	1
60752.89237776139	-165702208.66914022	1
60752.892477846624	-165702208.64722276	1
60752.89257794326	-165702208.6578914	1
60752.89267823506	-165702208.61248952	1
60752.892778388945	-165702208.62826937	1
60752.89287854533	-165702208.59308022	1
60752.892978794735	-165702208.6258092	1
60752.89307886538	-165702208.6183353	1
60752.89317911968	-165702208.63466483	1
60752.89327921183	-165702208.57797223	1
60752.89337930353	-165702208.59263545	1
60752.893479554295	-165702208.5625986	1
60752.893579634954	-165702208.58100623	1
60752.8936798918	-165702208.57123274	1
60752.89377998903	-165702208.57131696	1
60752.89388019302	-165702208.58563405	1
60752.89398031829	-165702208.58812857	1
60752.89408046376	-165702208.62696242	1
60752.89418072979	-165702208.65094835	1
60752.89428087562	-165702208.60456502	1
60752.894380970225	-165702208.60786998	1
60752.89448112122	-165702208.6369797	1
60752.894581334054	-165702208.64657742	1
60752.89468158353	-165702208.65134335	1
60752.894781644325	-165702208.67323565	1
60752.89488179773	-165702208.6454872	1
60752.89498202852	-165702208.67610878	1
60752.89508219162	-165702208.65252894	1
60752.89518226447	-165702208.62262064	1
60752.89528243082	-165702208.6117323	1
60752.89538265616	-165702208.63290226	1
60752.89548283836	-165702208.62696296	1
60752.89558292987	-165702208.64182442	1
60752.89568313073	-165702208.59364265	1
60752.895783293956	-165702208.64635777	1
60752.8958834374	-165702208.60741156	1
60752.89598362627	-165702208.63301885	1
60752.896083755695	-165702208.671816	1
60752.89618398019	-165702208.62876695	1
60752.896284111266	-165702208.61707646	1
60752.89638426162	-165702208.63532203	1
60752.89648453101	-165702208.63738853	1
60752.89658461575	-165702208.62122297	1
60752.89668476381	-165702208.5994079	1
60752.89678493943	-165702208.58982795	1
60752.8968851506	-165702208.602727	1
60752.89698528282	-165702208.5655908	1
60752.89708546289	-165702208.52614355	1
60752.89718557999	-165702208.5706234	1
60752.897285768035	-165702208.54367274	1
60752.89738587172	-165702208.59074926	1
60752.89748608518	-165702208.64160877	1
60752.89758619626	-165702208.59233165	1
60752.89768650336	-165702208.58824313	1
60752.897786624795	-165702208.6072632	1
60752.89788679149	-165702208.57757378	1
60752.897986878765	-165702208.60800922	1
60752.898087010246	-165702208.5801229	1
60752.89818734928	-165702208.6178589	1
60752.89828746487	-165702208.57160103	1
60752.89838763047	-165702208.55866218	1
60752.89848769444	-165702208.52749294	1
60752.898587929245	-165702208.5233128	1
60752.89868804992	-165702208.54290938	1
60752.89878825645	-165702208.57924342	1
60752.89888840669	-165702208.58988786	1
60752.89898857037	-165702208.56069952	1
60752.8990887735	-165702208.52985793	1
60752.899188867385	-165702208.51476234	1
60752.899289051966	-165702208.5656082	1
60752.89938925631	-165702208.56098503	1
60752.89948936622	-165702208.5790797	1
60752.899589467415	-165702208.56691688	1
60752.89968977246	-165702208.53255397	1
60752.89978983151	-165702208.52590078	1
60752.89989004172	-165702208.52065182	1
60752.89999021928	-165702208.5298062	1
60752.900090308256	-165702208.57111645	1
60752.90019049147	-165702208.54737484	1
60752.90029072893	-165702208.51562935	1
60752.90039087028	-165702208.57016534	1
60752.90049102282	-165702208.5541129	1
60752.90059127219	-165702208.55029052	1
60752.90069136266	-165702208.58105677	1
60752.900791500186	-165702208.5750596	1
60752.900891724195	-165702208.54371917	1
60752.9009918159	-165702208.5347389	1
60752.90109197634	-165702208.51991212	1
60752.90119219287	-165702208.5399648	1
60752.90129232661	-165702208.55066627	1
60752.90139254325	-165702208.52760738	1
60752.901492682715	-165702208.571028	1
60752.90159285516	-165702208.5808528	1
60752.901692932464	-165702208.5361706	1
60752.90179316588	-165702208.55949342	1
60752.901893251	-165702208.5703752	1
60752.90199350263	-165702208.56414062	1
60752.90209368491	-165702208.56610602	1
60752.90219385373	-165702208.56031156	1
60752.902294003325	-165702208.5589282	1
60752.9023941963	-165702208.57708985	1
60752.90249432898	-165702208.54754978	1
60752.902594461106	-165702208.53068483	1
60752.90269459971	-165702208.55295157	1
60752.902794788475	-165702208.55634218	1
60752.902894969484	-165702208.5130934	1
60752.90299511285	-165702208.52599835	1
60752.903095369504	-165702208.5026607	1
60752.90319547063	-165702208.5626334	1
60752.90329568256	-165702208.59732306	1
60752.90339577002	-165702208.56242722	1
60752.903496004365	-165702208.55436927	1
60752.903596111944	-165702208.53638923	1
60752.90369628532	-165702208.59481013	1
60752.90379639854	-165702208.57485497	1
60752.903896637916	-165702208.53970551	1
60752.903996736924	-165702208.60507125	1
60752.90409696962	-165702208.5672872	1
60752.9041970797	-165702208.56190956	1
60752.90429721521	-165702208.53299052	1
60752.90439746786	-165702208.55116457	1
60752.904497584386	-165702208.55850428	1
60752.90459775113	-165702208.59746206	1
60752.90469792792	-165702208.54916292	1
60752.904798195625	-165702208.50543708	1
60752.90489821897	-165702208.5279613	1
60752.90499845384	-165702208.56103796	1
60752.905098602554	-165702208.57643342	1
60752.90519874056	-165702208.5797125	1
60752.90529892555	-165702208.57367826	1
60752.90539918064	-165702208.52175993	1
60752.905499260894	-165702208.58129013	1
60752.9055993577	-165702208.56982982	1
60752.90569962174	-165702208.52582318	1
60752.90579970475	-165702208.59487844	1
60752.90589997348	-165702208.59826815	1
60752.906000037336	-165702208.59725457	1
60752.90610022494	-165702208.58001083	1
60752.906200373676	-165702208.609878	1
60752.90630062546	-165702208.61951333	1
60752.90652579646	-165702208.55709082	1
60752.90662594409	-165702208.5625047	1
60752.906726120185	-165702208.5710243	1
60752.90682632666	-165702208.55876225	1
60752.90692643974	-165702208.59565443	1
60752.90702663296	-165702208.57951742	1
60752.90712693351	-165702208.53542042	1
60752.90722691512	-165702208.58117628	1
60752.907327098896	-165702208.54945415	1
60752.907427268445	-165702208.50925118	1
60752.907527459574	-165702208.55288106	1
60752.907627587694	-165702208.5489344	1
60752.907727826554	-165702208.5524029	1
60752.907827919225	-165702208.5642376	1
60752.90792808464	-165702208.55193287	1
60752.908028271966	-165702208.5293033	1
60752.90812850916	-165702208.5567773	1
60752.90822863491	-165702208.53859347	1
60752.90832879915	-165702208.56010234	1
60752.90842888164	-165702208.5370199	1
60752.90852901004	-165702208.54337227	1
60752.90862927023	-165702208.5474962	1
60752.90872939764	-165702208.5420727	1
60752.908829604814	-165702208.580033	1
60752.90892973228	-165702208.5470513	1
60752.90902994305	-165702208.52555525	1
60752.90913011322	-165702208.5188092	1
60752.909230175625	-165702208.51153207	1
60752.909330423085	-165702208.51025808	1
60752.90943050809	-165702208.49050933	1
60752.90953072795	-165702208.45608306	1
60752.9096308818	-165702208.53414404	1
60752.909731041116	-165702208.47430724	1
60752.909831214514	-165702208.5029661	1
60752.90993144435	-165702208.4884467	1
60752.91003154178	-165702208.53526288	1
60752.91013169959	-165702208.50531524	1
60752.910231951624	-165702208.45719278	1
60752.910331985404	-165702208.48281705	1
60752.91043223772	-165702208.5111522	1
60752.91053235323	-165702208.52655405	1
60752.9106325387	-165702208.48398805	1
60752.910732716286	-165702208.44884765	1
60752.9108328885	-165702208.52021223	1
60752.91093301569	-165702208.52076578	1
60752.91103321043	-165702208.529913	1
60752.911133389374	-165702208.52894574	1
60752.91123351725	-165702208.54311883	1
60752.911333627264	-165702208.5202906	1
60752.91143374903	-165702208.49299908	1
60752.91153399538	-165702208.47774506	1
60752.91163416576	-165702208.5045101	1
60752.91173436889	-165702208.5049036	1
60752.91183451404	-165702208.4878034	1
60752.91193460275	-165702208.5091896	1
60752.91203479122	-165702208.48163122	1
60752.91213498792	-165702208.4962011	1
60752.91223515161	-165702208.509075	1
60752.912335325964	-165702208.4972571	1
60752.9124354983	-165702208.4884072	1
60752.91253564125	-165702208.50940007	1
60752.912635848865	-165702208.46085614	1
60752.912735944774	-165702208.54059172	1
60752.912836185584	-165702208.51817125	1
60752.91293626154	-165702208.5020039	1
60752.91303644408	-165702208.5275783	1
60752.91313666548	-165702208.5431769	1
60752.91323684482	-165702208.53223842	1
60752.913336960024	-165702208.5264361	1
60752.913437172785	-165702208.59763563	1
60752.913537259956	-165702208.54483235	1
60752.91363748916	-165702208.57243562	1
60752.91373761971	-165702208.55796844	1
60752.913837755026	-165702208.55616182	1
60752.913937948986	-165702208.5304467	1
60752.91403809125	-165702208.5373832	1
60752.914257341356	-165702208.50468773	1
60752.91436377705	-165702208.5100941	1
60752.91446391956	-165702208.51512325	1
60752.91456412576	-165702208.51220185	1
60752.91466430479	-165702208.4864031	1
60752.91476451049	-165702208.52120423	1
60752.91486460374	-165702208.52470732	1
60752.91496475861	-165702208.54727674	1
60752.915064988854	-165702208.50565308	1
60752.91516515702	-165702208.50624645	1
60752.91526527189	-165702208.48251224	1
60752.91536541503	-165702208.5310251	1
60752.91546555605	-165702208.48224145	1
60752.91556576756	-165702208.51746452	1
60752.91566587314	-165702208.51740694	1
60752.915766044185	-165702208.5099504	1
60752.91586624446	-165702208.55496562	1
60752.91596643877	-165702208.5898106	1
60752.91606654635	-165702208.5346154	1
60752.916166765404	-165702208.49183786	1
60752.91626693847	-165702208.50412053	1
60752.91636704553	-165702208.49801832	1
60752.916467259114	-165702208.5157525	1
60752.9165673539	-165702208.49266434	1
60752.91666761498	-165702208.5430109	1
60752.91676775601	-165702208.51261216	1
60752.91686794806	-165702208.54631394	1
60752.91696812519	-165702208.55901754	1
60752.917068257295	-165702208.57114476	1
60752.91716836522	-165702208.533884	1
60752.917393847645	-165702208.53553176	1
60752.91749406567	-165702208.55735278	1
60752.917594156446	-165702208.51680934	1
60752.91769437315	-165702208.50084794	1
60752.917794539026	-165702208.53549606	1
60752.917894758706	-165702208.48203546	1
60752.9179948905	-165702208.4770952	1
60752.918095036825	-165702208.48185414	1
60752.918195255086	-165702208.5167852	1
60752.91829532181	-165702208.54308474	1
60752.91839553305	-165702208.54638618	1
60752.91849566359	-165702208.48931634	1
60752.91859587491	-165702208.50734246	1
60752.91869599096	-165702208.5039999	1
60752.91879620043	-165702208.48451388	1
60752.91889633202	-165702208.43990767	1
60752.91899654418	-165702208.44802058	1
60752.919096670375	-165702208.454031	1
60752.91919683497	-165702208.46166837	1
60752.919297107284	-165702208.47524738	1
60752.919397151374	-165702208.44286853	1
60752.919497412455	-165702208.4677388	1
60752.9195975321	-165702208.47986966	1
60752.91969765627	-165702208.47416866	1
60752.919797835406	-165702208.4723453	1
60752.919897988286	-165702208.4883651	1
60752.91999815201	-165702208.46454626	1
60752.92009831066	-165702208.48915517	1
60752.920198528904	-165702208.46306962	1
60752.920298608515	-165702208.46950662	1
60752.92039883172	-165702208.45622337	1
60752.92049901652	-165702208.47269535	1
60752.9205991105	-165702208.42954427	1
60752.92069933388	-165702208.4297346	1
60752.92079945846	-165702208.48953617	1
60752.92089967038	-165702208.38827038	1
60752.92099973519	-165702208.43751144	1
60752.921100025334	-165702208.45914656	1
60752.92120017959	-165702208.38867664	1
60752.921300354785	-165702208.4629708	1
60752.92140045109	-165702208.4665491	1
60752.921500604505	-165702208.4667002	1
60752.92160082959	-165702208.46339822	1
60752.92170089088	-165702208.45343345	1
60752.92180108018	-165702208.44516224	1
60752.921901286376	-165702208.46161473	1
60752.92200145159	-165702208.47358102	1
60752.92210163939	-165702208.4800256	1
60752.92220182366	-165702208.48758823	1
60752.9223019427	-165702208.4332676	1
60752.92240212394	-165702208.4654659	1
60752.92250228276	-165702208.49761826	1
60752.92260243592	-165702208.4721626	1
60752.92270259395	-165702208.46107227	1
60752.92280269774	-165702208.47233742	1
60752.9229028643	-165702208.48681486	1
60752.923003020325	-165702208.49961215	1
60752.92310330181	-165702208.4674405	1
60752.92320348605	-165702208.5288989	1
60752.92330358079	-165702208.51368666	1
60752.923403713634	-165702208.5608076	1
60752.923503849655	-165702208.56250966	1
60752.923604083415	-165702208.5297734	1
60752.92370425115	-165702208.5062161	1
60752.92380442524	-165702208.49468565	1
60752.92390460806	-165702208.51064897	1
60752.9240047018	-165702208.4876892	1
60752.92410493867	-165702208.4584136	1
60752.92420503653	-165702208.418916	1
60752.9243051692	-165702208.44077724	1
60752.92440543181	-165702208.48199677	1
60752.92450561755	-165702208.45649207	1
60752.92460570333	-165702208.4204247	1
60752.9247058977	-165702208.455576	1
60752.92480597057	-165702208.4716289	1
60752.92490618635	-165702208.47950596	1
60752.9250063628	-165702208.4928531	1
60752.925106576	-165702208.4335888	1
60752.92520666249	-165702208.4526012	1
60752.9253067996	-165702208.4533019	1
60752.925407075454	-165702208.45000833	1
60752.92550719449	-165702208.429397	1
60752.92560731634	-165702208.41235185	1
60752.92570754652	-165702208.44607824	1
60752.925807728505	-165702208.43402785	1
60752.925907814606	-165702208.48505002	1
60752.926008064765	-165702208.50992918	1
60752.926108214495	-165702208.5164693	1
60752.92620832189	-165702208.5071591	1
60752.92630851183	-165702208.51829368	1
60752.92640866966	-165702208.50610077	1
60752.92650883466	-165702208.50530213	1
60752.92660904886	-165702208.5046314	1
60752.926709121115	-165702208.56571132	1
60752.92680927798	-165702208.50184155	1
60752.92690945314	-165702208.52878606	1
60752.92700969128	-165702208.53345448	1
60752.9271098451	-165702208.53775108	1
60752.9272099711	-165702208.5621847	1
60752.92731011108	-165702208.51649463	1
60752.92741038013	-165702208.50649065	1
60752.9275104501	-165702208.4946764	1
60752.9276106766	-165702208.55053478	1
60752.927710812204	-165702208.55811268	1
60752.927810939684	-165702208.504359	1
60752.927911155035	-165702208.47036827	1
60752.92801131909	-165702208.46152002	1
60752.92811145192	-165702208.4358856	1
60752.92821170082	-165702208.40666682	1
60752.928311862546	-165702208.41905308	1
60752.92841194515	-165702208.4755988	1
60752.92851216843	-165702208.47456092	1
60752.92861230332	-165702208.50654787	1
60752.9287123987	-165702208.46501487	1
60752.92881261708	-165702208.48706454	1
60752.928912756506	-165702208.47106075	1
60752.929012927714	-165702208.5032385	1
60752.929113178274	-165702208.51441205	1
60752.929213324	-165702208.4670058	1
60752.92931346051	-165702208.44691777	1
60752.92941368135	-165702208.49023277	1
60752.92951371149	-165702208.4811442	1
60752.92961390737	-165702208.48060435	1
60752.929714090584	-165702208.47606665	1
60752.92981422521	-165702208.45390677	1
60752.92991442269	-165702208.46011817	1
60752.93001465723	-165702208.47939438	1
60752.930114803115	-165702208.5116142	1
60752.930214819426	-165702208.44309872	1
60752.93031514519	-165702208.39464974	1
60752.9304152198	-165702208.42100394	1
60752.93051535663	-165702208.44662458	1
60752.93061553589	-165702208.4708562	1
60752.93071574586	-165702208.47988445	1
60752.93081595212	-165702208.45847923	1
60752.930916043784	-165702208.45262152	1
60752.93101620519	-165702208.4457941	1
60752.93111642547	-165702208.4467196	1
60752.931216573845	-165702208.46938032	1
60752.93131671723	-165702208.4625525	1
60752.93141687595	-165702208.4848063	1
60752.93151707885	-165702208.46822447	1
60752.93161728401	-165702208.4505357	1
60752.931717444924	-165702208.44729388	1
60752.9318175313	-165702208.4681235	1
60752.931917720955	-165702208.45724094	1
60752.932017841886	-165702208.46379745	1
60752.932118038356	-165702208.44408494	1
60752.9322182549	-165702208.42518026	1
60752.93231840527	-165702208.41305333	1
60752.932418509205	-165702208.45621723	1
60752.932518715126	-165702208.47058553	1
60752.93261885329	-165702208.4828773	1
60752.93271898196	-165702208.48945677	1
60752.93281925406	-165702208.4491114	1
60752.93291932128	-165702208.4839831	1
60752.93301957861	-165702208.45309758	1
60752.933119659916	-165702208.4569198	1
60752.933219799816	-165702208.466731	1
60752.93331995303	-165702208.4079749	1
60752.93342020293	-165702208.41117597	1
60752.93352036158	-165702208.43706518	1
60752.93362053955	-165702208.43857038	1
60752.93372070715	-165702208.4342298	1
60752.933820833845	-165702208.44110227	1
60752.93392097997	-165702208.4378891	1
60752.93402117161	-165702208.44478786	1
60752.93412134214	-165702208.45086586	1
60752.93422149244	-165702208.40470266	1
60752.934321635126	-165702208.4036137	1
60752.93442183922	-165702208.3697434	1
60752.93452199322	-165702208.3866415	1
60752.93462217312	-165702208.40953368	1
60752.93472231881	-165702208.4349025	1
60752.934822543546	-165702208.44211495	1
60752.93492264395	-165702208.41643775	1
60752.93502282947	-165702208.42524362	1
60752.93512306176	-165702208.42007357	1
60752.93522306141	-165702208.44187212	1
60752.93532334709	-165702208.45094818	1
60752.93542343864	-165702208.4447462	1
60752.935523625856	-165702208.43237144	1
60752.935623753176	-165702208.42146188	1
60752.93572392577	-165702208.41221273	1
60752.935824124324	-165702208.40944588	1
60752.9359242824	-165702208.4402032	1
60752.936024429284	-165702208.4244401	1
60752.93612458976	-165702208.42995858	1
60752.936224743265	-165702208.44770455	1
60752.93632490505	-165702208.45847476	1
60752.936425169995	-165702208.4370976	1
60752.936525278725	-165702208.4445796	1
60752.93662546708	-165702208.42413676	1
60752.936725654974	-165702208.43589926	1
60752.93682587144	-165702208.44353688	1
60752.93692585463	-165702208.38312072	1
60752.93702608638	-165702208.4022355	1
60752.93712629082	-165702208.4210903	1
60752.93722640044	-165702208.40925688	1
60752.93732663834	-165702208.38478982	1
60752.937426700024	-165702208.3750038	1
60752.93752689316	-165702208.38340724	1
60752.93762705657	-165702208.38749617	1
60752.93772726691	-165702208.4119622	1
60752.93782738606	-165702208.4002424	1
60752.937927577346	-165702208.39832836	1
60752.93802776734	-165702208.4050492	1
60752.938127922556	-165702208.41823286	1
60752.93822801799	-165702208.42527533	1
60752.93832821213	-165702208.395137	1
60752.93842842326	-165702208.4065147	1
60752.93852850267	-165702208.3600822	1
60752.93862878769	-165702208.37721294	1
60752.93872887103	-165702208.38484424	1
60752.93882897247	-165702208.42484105	1
60752.938929212374	-165702208.4422782	1
60752.93902936815	-165702208.3915956	1
60752.93912958063	-165702208.42611092	1
60752.93922973753	-165702208.40880156	1
60752.93932981928	-165702208.44533253	1
60752.93943003609	-165702208.43435943	1
60752.93953023728	-165702208.38635945	1
60752.93963024354	-165702208.4320544	1
60752.93973046004	-165702208.43451113	1
60752.939830654934	-165702208.36571914	1
60752.93993088621	-165702208.45760602	1
60752.94003100626	-165702208.40180033	1
60752.940131175485	-165702208.42436957	1
60752.940231275614	-165702208.39517707	1
60752.94033158818	-165702208.41595614	1
60752.94043163877	-165702208.38550717	1
60752.94053181953	-165702208.40832078	1
60752.94063211104	-165702208.39714277	1
60752.94073222811	-165702208.38122797	1
60752.94083231338	-165702208.36499608	1
60752.940932512865	-165702208.3923806	1
60752.941032679744	-165702208.39749998	1
60752.94113276951	-165702208.46516246	1
60752.94123305854	-165702208.46680057	1
60752.94133313061	-165702208.4276427	1
60752.94143335745	-165702208.43579596	1
60752.94153352962	-165702208.40585065	1
60752.94163367849	-165702208.3909377	1
60752.941733839856	-165702208.37463176	1
60752.94183398923	-165702208.35488153	1
60752.94193418721	-165702208.4257596	1
60752.94203429397	-165702208.43575603	1
60752.94213448339	-165702208.4736902	1
60752.94223462471	-165702208.43387586	1
60752.942334776584	-165702208.37262273	1
60752.942435014076	-165702208.34309524	1
60752.942535166796	-165702208.41712874	1
60752.94263536253	-165702208.42548102	1
60752.94273544671	-165702208.43280703	1
60752.94283561507	-165702208.38882738	1
60752.942935834886	-165702208.39715016	1
60752.943035963006	-165702208.3881576	1
60752.943136100046	-165702208.39840853	1
60752.94323630378	-165702208.39162213	1
60752.94333646981	-165702208.4358377	1
60752.943436644346	-165702208.41041207	1
60752.943536791085	-165702208.37488198	1
60752.94363695039	-165702208.38322717	1
60752.943737074456	-165702208.36044794	1
60752.943837294195	-165702208.37070686	1
60752.943937454416	-165702208.36427516	1
60752.94403758309	-165702208.32330006	1
60752.94413772427	-165702208.35523534	1
60752.94423793259	-165702208.36142397	1
60752.944338077905	-165702208.38301063	1
60752.9444382565	-165702208.37139845	1
60752.94453844755	-165702208.3698731	1
60752.94463859202	-165702208.41207117	1
60752.94473871966	-165702208.41655028	1
60752.94483893174	-165702208.42922777	1
60752.94493906929	-165702208.48486972	1
60752.945039263235	-165702208.4778309	1
60752.94513941731	-165702208.4763397	1
60752.94523953694	-165702208.43959832	1
60752.94533978464	-165702208.43523455	1
60752.94543986864	-165702208.44853294	1
60752.94553998482	-165702208.4334857	1
60752.94564023364	-165702208.4292956	1
60752.94574039384	-165702208.44113928	1
60752.94584052215	-165702208.47533685	1
60752.94594073972	-165702208.44584048	1
60752.94604080974	-165702208.38823277	1
60752.946141021406	-165702208.4173622	1
60752.94624126532	-165702208.4262606	1
60752.946341357165	-165702208.4391781	1
60752.94644150639	-165702208.44292486	1
60752.94654171845	-165702208.41431385	1
60752.9466418936	-165702208.38446695	1
60752.94674207927	-165702208.4255479	1
60752.946842207224	-165702208.40347463	1
60752.9469423456	-165702208.3972963	1
60752.94704249226	-165702208.39904928	1
60752.947142674755	-165702208.4141292	1
60752.94724279274	-165702208.4711073	1
60752.94734300557	-165702208.448821	1
60752.947443133104	-165702208.44064003	1
60752.94754338081	-165702208.4554299	1
60752.947643527026	-165702208.4959278	1
60752.94774368191	-165702208.4043324	1
60752.9478438026	-165702208.40358543	1
60752.9479440393	-165702208.39913863	1
60752.94804411918	-165702208.40781307	1
60752.94814430389	-165702208.43888962	1
60752.948244512736	-165702208.4412856	1
60752.94834468568	-165702208.40298617	1
60752.94844481693	-165702208.42299986	1
60752.948544928564	-165702208.44331455	1
60752.94864520289	-165702208.46208918	1
60752.94874530314	-165702208.52142125	1
60752.94884549887	-165702208.47324395	1
60752.94894566247	-165702208.52549356	1
60752.94904579831	-165702208.51862335	1
60752.94914594415	-165702208.46006757	1
60752.94924610376	-165702208.485358	1
60752.94934633106	-165702208.49655515	1
60752.94944647257	-165702208.50030887	1
60752.94954668805	-165702208.44519448	1
60752.94964682029	-165702208.46050543	1
60752.949747025545	-165702208.5128197	1
60752.949847091586	-165702208.4667366	1
60752.94994731366	-165702208.47650313	1
60752.950047502716	-165702208.5006367	1
60752.95014760094	-165702208.43741322	1
60752.95024781029	-165702208.43237764	1
60752.95034791031	-165702208.41427195	1
60752.95044811307	-165702208.41480553	1
60752.95054828619	-165702208.42740375	1
60752.95064846223	-165702208.41993976	1
60752.95074857965	-165702208.3942563	1
60752.95084878794	-165702208.4330395	1
60752.95094887931	-165702208.436575	1
60752.95104911136	-165702208.4283917	1
60752.951149285655	-165702208.45006913	1
60752.951249444406	-165702208.36243665	1
60752.95134950134	-165702208.41715336	1
60752.951449773966	-165702208.4130879	1
60752.95154995659	-165702208.39361793	1
60752.95165010263	-165702208.3939731	1
60752.95175025642	-165702208.41930223	1
60752.95185047208	-165702208.4138797	1
60752.95195055895	-165702208.3872065	1
60752.95205075007	-165702208.4019053	1
60752.952150894875	-165702208.3956979	1
60752.9522510674	-165702208.4317755	1
60752.95235122143	-165702208.38769275	1
60752.95245144133	-165702208.4352563	1
60752.952551533395	-165702208.4399191	1
60752.952651748325	-165702208.4376436	1
60752.952751872515	-165702208.44528145	1
60752.95285207245	-165702208.4101277	1
60752.95295223111	-165702208.4105264	1
60752.95305233898	-165702208.3868487	1
60752.95315256827	-165702208.4258058	1
60752.95325275605	-165702208.44403327	1
60752.95335290426	-165702208.4207921	1
60752.95345300046	-165702208.39522195	1
60752.953553221574	-165702208.3748656	1
60752.953653350516	-165702208.39877087	1
60752.953753562986	-165702208.376078	1
60752.95385377503	-165702208.36446327	1
60752.953953865195	-165702208.40198022	1
60752.954053989386	-165702208.4047112	1
60752.95415410014	-165702208.3990695	1
60752.95425435143	-165702208.4255358	1
60752.954354531896	-165702208.40817124	1
60752.95445469797	-165702208.39868015	1
60752.9545548448	-165702208.35118842	1
60752.95465500138	-165702208.35479808	1
60752.95475526602	-165702208.4394923	1
60752.95485538741	-165702208.43119	1
60752.95495548354	-165702208.40419728	1
60752.95505569389	-165702208.36487675	1
60752.95515578437	-165702208.42636764	1
60752.9552559808	-165702208.41943604	1
60752.95535619096	-165702208.41106242	1
60752.955456301584	-165702208.36255366	1
60752.955556470784	-165702208.3714499	1
60752.95565661749	-165702208.35758692	1
60752.955756838535	-165702208.39038807	1
60752.95585694031	-165702208.42389947	1
60752.95595710558	-165702208.40232617	1
60752.95605738584	-165702208.40975893	1
60752.95615750948	-165702208.38549572	1
60752.956257689126	-165702208.37700522	1
60752.95635779403	-165702208.35662347	1
60752.956457955326	-165702208.39590192	1
60752.95655810564	-165702208.382169	1
60752.95665829937	-165702208.38399136	1
60752.95675841339	-165702208.3843717	1
60752.95685863204	-165702208.38308662	1
60752.956958743365	-165702208.35110134	1
60752.95705898444	-165702208.35451788	1
60752.957159122605	-165702208.36366707	1
60752.95725928084	-165702208.36717087	1
60752.957359437365	-165702208.36153853	1
60752.95745958066	-165702208.37747502	1
60752.95755974136	-165702208.396545	1
60752.95765993389	-165702208.36176598	1
60752.95776012771	-165702208.3505249	1
60752.95786028137	-165702208.36488378	1
60752.95796044348	-165702208.3675921	1
60752.95806062318	-165702208.35289246	1
60752.95816079177	-165702208.38760954	1
60752.95826090666	-165702208.46149647	1
60752.95836108397	-165702208.4495756	1
60752.95846123186	-165702208.42818636	1
60752.95856141899	-165702208.41904038	1
60752.95866157343	-165702208.39717263	1
60752.958761768146	-165702208.35397047	1
60752.95886195568	-165702208.36795205	1
60752.95896201223	-165702208.3682382	1
60752.959062258065	-165702208.36628562	1
60752.95916236343	-165702208.36426562	1
60752.95926255365	-165702208.3583762	1
60752.9593627197	-165702208.32455575	1
60752.96837756706	-165702208.33706713	1
60752.96847772786	-165702208.3295554	1
60752.96857782197	-165702208.26355392	1
60752.96867798436	-165702208.3141687	1
60752.96877818965	-165702208.313026	1
60752.968878346335	-165702208.34801388	1
60752.968978495584	-165702208.34212285	1
60752.969078690345	-165702208.33256495	1
60752.96917877063	-165702208.32148075	1
60752.96927894802	-165702208.28885216	1
60752.969379145245	-165702208.28634113	1
60752.96947931859	-165702208.31851906	1
60752.969579468874	-165702208.31029093	1
60752.96967962447	-165702208.33658624	1
60752.969779834326	-165702208.30989605	1
60752.96987994288	-165702208.3456996	1
60752.969980198286	-165702208.35551763	1
60752.97008035156	-165702208.36075133	1
60752.9701804762	-165702208.38805413	1
60752.970280649664	-165702208.3859778	1
60752.970380822575	-165702208.37619573	1
60752.97048097862	-165702208.4037506	1
60752.970581116955	-165702208.38015348	1
60752.97068123957	-165702208.37499613	1
60752.97078146046	-165702208.3291859	1
60752.97088165149	-165702208.34947973	1
60752.97098183292	-165702208.34694356	1
60752.971082028744	-165702208.3444448	1
60752.97118215932	-165702208.31634665	1
60752.971282291306	-165702208.34929395	1
60752.97138249111	-165702208.3927698	1
60752.97148257834	-165702208.3610432	1
60752.97158273933	-165702208.38597894	1
60752.97168302576	-165702208.3366391	1
60752.971783134046	-165702208.32990348	1
60752.97188327655	-165702208.3350079	1
60752.97198338536	-165702208.37412196	1
60752.97208357795	-165702208.38333416	1
60752.97218380888	-165702208.37422192	1
60752.972284043884	-165702208.34480673	1
60752.97238413905	-165702208.3584398	1
60752.972484262675	-165702208.36928296	1
60752.97258438113	-165702208.3478459	1
60752.972684582484	-165702208.36911452	1
60752.97278475263	-165702208.37750113	1
60752.97288497261	-165702208.3898419	1
60752.97298510994	-165702208.3937925	1
60752.973085227575	-165702208.38107336	1
60752.97318543511	-165702208.33793372	1
60752.97328549994	-165702208.337663	1
60752.97338583384	-165702208.34997874	1
60752.97348591235	-165702208.3477453	1
60752.9735861703	-165702208.32461184	1
60752.9736862585	-165702208.31172138	1
60752.973786433584	-165702208.29951066	1
60752.97388657493	-165702208.28189015	1
60752.973986756995	-165702208.29035872	1
60752.97408690516	-165702208.28738582	1
60752.97418703399	-165702208.24565756	1
60752.974287286546	-165702208.2671892	1
60752.97438737469	-165702208.27058917	1
60752.97448753886	-165702208.29264927	1
60752.974587743236	-165702208.31307143	1
60752.974687929134	-165702208.35669863	1
60752.9747880936	-165702208.3249491	1
60752.97488823109	-165702208.32652056	1
60752.9749884084	-165702208.30010414	1
60752.97508851547	-165702208.32192725	1
60752.97518865406	-165702208.3145628	1
60752.97528887643	-165702208.34063208	1
60752.97538896581	-165702208.3157103	1
60752.975489244076	-165702208.31130636	1
60752.97558939532	-165702208.25320488	1
60752.97568957036	-165702208.29732257	1
60752.97578977574	-165702208.2762819	1
60752.97588979326	-165702208.34008485	1
60752.97598997118	-165702208.2967679	1
60752.976090186625	-165702208.3134188	1
60752.97619031769	-165702208.3759659	1
60752.97629055052	-165702208.3286006	1
60752.97639076464	-165702208.31012028	1
60752.97649085676	-165702208.30550092	1
60752.97659101985	-165702208.30652535	1
60752.97669112859	-165702208.2995283	1
60752.97679132716	-165702208.2930681	1
60752.97689150413	-165702208.32631624	1
60752.97699163869	-165702208.30967104	1
60752.977091831424	-165702208.33201826	1
60752.97719193425	-165702208.27916318	1
60752.97729218931	-165702208.2800576	1
60752.97739231603	-165702208.29862058	1
60752.97749244321	-165702208.2841894	1
60752.9775926201	-165702208.29764885	1
60752.97769282132	-165702208.27879095	1
60752.97779295166	-165702208.2801774	1
60752.97789314496	-165702208.26527756	1
60752.977993348235	-165702208.2654878	1
60752.978093444915	-165702208.28641272	1
60752.97819363727	-165702208.25319123	1
60752.97829380597	-165702208.23204494	1
60752.97839398833	-165702208.27396506	1
60752.97849407341	-165702208.25925845	1
60752.97859425736	-165702208.25149184	1
60752.97869441646	-165702208.23399568	1
60752.97879460244	-165702208.25288755	1
60752.97889482069	-165702208.274593	1
60752.97899498818	-165702208.26679558	1
60752.979095070135	-165702208.26794016	1
60752.97919525098	-165702208.24402207	1
60752.979295469144	-165702208.23838347	1
60752.979395681665	-165702208.22183502	1
60752.979495767315	-165702208.25890476	1
60752.97959596032	-165702208.22986495	1
60752.97969612828	-165702208.20979398	1
60752.97979627126	-165702208.22191358	1
60752.979896487785	-165702208.24811035	1
60752.979996592	-165702208.26876622	1
60752.98009663175	-165702208.2513603	1
60752.98019693295	-165702208.2447995	1
60752.980297078204	-165702208.2131979	1
60752.98039723635	-165702208.22571218	1
60752.98049736756	-165702208.25756735	1
60752.980597479684	-165702208.21528542	1
60752.980697726336	-165702208.20143116	1
60752.98079790917	-165702208.21257347	1
60752.980898074355	-165702208.22293407	1
60752.98099826218	-165702208.26813763	1
60752.981098333476	-165702208.23787737	1
60752.981198573136	-165702208.23034018	1
60752.98129872673	-165702208.2481565	1
60752.981398894306	-165702208.2337008	1
60752.98149906949	-165702208.2725767	1
60752.98159921976	-165702208.25605035	1
60752.98169936255	-165702208.2796151	1
60752.98179954669	-165702208.24031824	1
60752.9818997131	-165702208.29138237	1
60752.981999936615	-165702208.2515955	1
60752.98210008304	-165702208.28537852	1
60752.982200176746	-165702208.22478014	1
60752.98230037805	-165702208.23247093	1
60752.98240054331	-165702208.25198954	1
60752.98250069636	-165702208.22415268	1
60752.98260083752	-165702208.2498632	1
60752.98270102671	-165702208.27196437	1
60752.982801271406	-165702208.27157384	1
60752.982901371724	-165702208.26553065	1
60752.98300151269	-165702208.29978603	1
60752.98310178312	-165702208.26949525	1
60752.98320176965	-165702208.2620613	1
60752.98330202177	-165702208.30614465	1
60752.98340217372	-165702208.28188646	1
60752.98350236995	-165702208.25544554	1
60752.983602516506	-165702208.26845634	1
60752.98370266451	-165702208.24890983	1
60752.983802850205	-165702208.2541651	1
60752.98390299785	-165702208.2353899	1
60752.98400321491	-165702208.22440726	1
60752.98410331542	-165702208.2437343	1
60752.984203486216	-165702208.27506012	1
60752.984303686884	-165702208.25337267	1
60752.98440387159	-165702208.2762341	1
60752.98450400932	-165702208.25270963	1
60752.984604151614	-165702208.23697597	1
60752.98470440869	-165702208.2522477	1
60752.98480442476	-165702208.2497908	1
60752.9849046385	-165702208.23802882	1
60752.98500478763	-165702208.24367994	1
60752.985104950974	-165702208.248244	1
60752.98520514894	-165702208.31162143	1
60752.98530531273	-165702208.22760338	1
60752.985405411804	-165702208.25891548	1
60752.98550558043	-165702208.24816006	1
60752.98560576227	-165702208.24667203	1
60752.98570598794	-165702208.25933683	1
60752.98580607858	-165702208.25224727	1
60752.98590630795	-165702208.30147433	1
60752.98600651146	-165702208.27527857	1
60752.986106669574	-165702208.25987566	1
60752.986206775386	-165702208.25975412	1
60752.98630693243	-165702208.24669766	1
60752.986407124656	-165702208.2557243	1
60752.98650724429	-165702208.2288248	1
60752.98660753325	-165702208.26693517	1
60752.986707589516	-165702208.26721066	1
60752.98680776178	-165702208.28783423	1
60752.98690796916	-165702208.26594818	1
60752.98700808223	-165702208.21827692	1
60752.98710825825	-165702208.2510829	1
60752.98720842503	-165702208.2847486	1
60752.98730866977	-165702208.268947	1
60752.987408850764	-165702208.2608654	1
60752.98750899041	-165702208.24866527	1
60752.98760911619	-165702208.26140058	1
60752.98770921489	-165702208.26818532	1
60752.98780938809	-165702208.25150806	1
60752.98790954937	-165702208.23717993	1
60752.98800970664	-165702208.31062615	1
60752.98810993758	-165702208.2537877	1
60752.988210098396	-165702208.29847497	1
60752.98831022395	-165702208.26495576	1
60752.98841040862	-165702208.24387228	1
60752.988510674135	-165702208.23146385	1
60752.98861070636	-165702208.23552954	1
60752.98871089863	-165702208.25388944	1
60752.98881100089	-165702208.22617006	1
60752.98891123193	-165702208.2422228	1
60752.98901136466	-165702208.19378644	1
60752.98911157991	-165702208.2161103	1
60752.98921177893	-165702208.21122473	1
60752.98931192577	-165702208.1996733	1
60752.98941196735	-165702208.19052434	1
60752.989512212844	-165702208.1970293	1
60752.98961240551	-165702208.21568662	1
60752.98971247078	-165702208.2298485	1
60752.98981263102	-165702208.21501642	1
60752.98991278038	-165702208.2390548	1
60752.99001308848	-165702208.24427336	1
60752.99011321177	-165702208.2470256	1
60752.99021339551	-165702208.2362575	1
60752.99031354323	-165702208.27523232	1
60752.99041370924	-165702208.27922243	1
60752.9905137631	-165702208.22530526	1
60752.99061395004	-165702208.291507	1
60752.99071422747	-165702208.28825426	1
60752.99081438194	-165702208.28280306	1
60752.99091450095	-165702208.26149338	1
60752.991014635045	-165702208.23823625	1
60752.99111477344	-165702208.2429303	1
60752.99121506538	-165702208.2498054	1
60752.99131516718	-165702208.2609489	1
60752.99141539458	-165702208.22799134	1
60752.99151548485	-165702208.19706935	1
60752.991615603845	-165702208.2699629	1
60752.99171584745	-165702208.22865403	1
60752.99181591996	-165702208.23090792	1
60752.99191612189	-165702208.2353505	1
60752.99201626382	-165702208.18938076	1
60752.99211650894	-165702208.2347638	1
60752.99221663161	-165702208.22990823	1
60752.992316889475	-165702208.2187028	1
60752.99241692058	-165702208.21636295	1
60752.99251720377	-165702208.1844659	1
60752.99261734325	-165702208.20916957	1
60752.99271744221	-165702208.23825896	1
60752.99281758983	-165702208.24947608	1
60752.99291782104	-165702208.22222507	1
60752.99301794868	-165702208.2427889	1
60752.99311810146	-165702208.2468704	1
60752.9932182866	-165702208.23697674	1
60752.993318441426	-165702208.2246986	1
60752.993418651815	-165702208.19097728	1
60752.99351870962	-165702208.2447275	1
60752.99361884422	-165702208.2541737	1
60752.99371908669	-165702208.25284493	1
60752.99381929746	-165702208.28106356	1
60752.99391936184	-165702208.2847132	1
60752.99401958174	-165702208.26171482	1
60752.9941197114	-165702208.26275545	1
60752.99421994039	-165702208.26887733	1
60752.994320143516	-165702208.2563879	1
60752.994420285606	-165702208.26976514	1
60752.994520389904	-165702208.23427773	1
60752.99462057154	-165702208.24776995	1
60752.9947207322	-165702208.25418472	1
60752.99482087695	-165702208.27320987	1
60752.994921108526	-165702208.2605253	1
60752.99502119392	-165702208.21481586	1
60752.995121342086	-165702208.19332165	1
60752.99522163581	-165702208.2187693	1
60752.99532173292	-165702208.21901357	1
60752.99542190816	-165702208.2075703	1
60752.995522041056	-165702208.20587122	1
60752.995622236806	-165702208.20975876	1
60752.9957223152	-165702208.18813324	1
60752.99582253326	-165702208.21105188	1
60752.99592278794	-165702208.18999082	1
60752.99602290404	-165702208.21379042	1
60752.99612304443	-165702208.18141294	1
60752.99622321062	-165702208.16681975	1
60752.99632342372	-165702208.19173837	1
60752.99642357846	-165702208.19521385	1
60752.99652372175	-165702208.18710023	1
60752.99662389764	-165702208.21854883	1
60752.99672404511	-165702208.2011639	1
60752.996824249174	-165702208.160322	1
60752.99692439983	-165702208.2135573	1
60752.99702448143	-165702208.22648573	1
60752.997124723304	-165702208.21794766	1
60752.99722488162	-165702208.21402043	1
60752.99732500982	-165702208.2449922	1
60752.99742525221	-165702208.19379538	1
60752.99752538498	-165702208.16884094	1
60752.99762553888	-165702208.17692953	1
60752.99772568976	-165702208.19141072	1
60752.99782580247	-165702208.20498878	1
60752.99792598417	-165702208.20049292	1
60752.99802618303	-165702208.21502578	1
60752.998126300015	-165702208.24011564	1
60752.99822649217	-165702208.2498675	1
60752.99832672418	-165702208.20682055	1
60752.99842686542	-165702208.19037163	1
60752.99852697125	-165702208.203848	1
60752.99862711755	-165702208.24580717	1
60752.99872731292	-165702208.18482292	1
60752.99882747417	-165702208.21895593	1
60752.99892763278	-165702208.22244304	1
60752.99902786622	-165702208.25920856	1
60752.99912791756	-165702208.2356922	1
60752.99922813869	-165702208.2106943	1
60752.99932830216	-165702208.2337951	1
60752.99942846356	-165702208.26292527	1
60752.99952864458	-165702208.26402986	1
60752.99962877868	-165702208.24896413	1
60752.99972896634	-165702208.23643118	1
60752.99982914523	-165702208.25960946	1
60752.99992930045	-165702208.24823314	1
60753.00002952799	-165702208.22953504	1
60753.000129602515	-165702208.2531075	1
60753.00022978187	-165702208.21369457	1
60753.00032999185	-165702208.20074004	1
60753.000430140106	-165702208.20703548	1
60753.00053027	-165702208.1680811	1
60753.00063041607	-165702208.2409501	1
60753.000730655265	-165702208.28266442	1
60753.00083081007	-165702208.26366705	1
60753.000931003575	-165702208.18628448	1
60753.001031135114	-165702208.1888488	1
60753.00113123585	-165702208.20310932	1
60753.001231477916	-165702208.16160053	1
60753.0013315717	-165702208.13040107	1
60753.00143178089	-165702208.1599527	1
60753.001531995025	-165702208.15713495	1
60753.00163218851	-165702208.19128442	1
60753.00173225397	-165702208.20787865	1
60753.001832443806	-165702208.18736887	1
60753.00193256291	-165702208.183496	1
60753.002032795324	-165702208.2235161	1
60753.00213292025	-165702208.25658303	1
60753.00223310889	-165702208.1667627	1
60753.00233316692	-165702208.18717986	1
60753.002433464026	-165702208.1848647	1
60753.002533516	-165702208.1960616	1
60753.00263375092	-165702208.186193	1
60753.00273390819	-165702208.18531018	1
60753.002834111096	-165702208.16154087	1
60753.0029342614	-165702208.1726477	1
60753.00303441863	-165702208.17288262	1
60753.00313452236	-165702208.16619462	1
60753.00323475831	-165702208.1738065	1
60753.00333485288	-165702208.16097015	1
60753.00343501516	-165702208.17189997	1
60753.00353524245	-165702208.18953854	1
60753.003635375375	-165702208.1558568	1
60753.00373560499	-165702208.14207065	1
60753.00383568759	-165702208.15754056	1
60753.00393589877	-165702208.1699955	1
60753.00403607128	-165702208.11821687	1
60753.00413623238	-165702208.15653092	1
60753.00423634157	-165702208.09877563	1
60753.00433660715	-165702208.06892437	1
60753.004436734074	-165702208.0988803	1
60753.00453690669	-165702208.10622567	1
60753.00463697602	-165702208.08043766	1
60753.004737148614	-165702208.12546074	1
60753.004837323206	-165702208.11545157	1
60753.00493750893	-165702208.13080513	1
60753.00503764842	-165702208.1392424	1
60753.00513786435	-165702208.0917111	1
60753.00523799327	-165702208.0953703	1
60753.00533814562	-165702208.07386142	1
60753.00543834071	-165702208.08530337	1
60753.005538553654	-165702208.08539826	1
60753.005638708186	-165702208.08671975	1
60753.00573887033	-165702208.0967201	1
60753.00583899413	-165702208.07046056	1
60753.00593916477	-165702208.10827821	1
60753.00603932686	-165702208.08741814	1
60753.00613950327	-165702208.09405333	1
60753.0062396295	-165702208.10871536	1
60753.00633988918	-165702208.122989	1
60753.00643994517	-165702208.1778875	1
60753.006540120114	-165702208.1348341	1
60753.0066402357	-165702208.1871313	1
60753.00674043535	-165702208.16141623	1
60753.00684056377	-165702208.15061462	1
60753.006940820065	-165702208.1368649	1
60753.007040955046	-165702208.1605134	1
60753.00714110999	-165702208.16836	1
60753.00724132931	-165702208.14401472	1
60753.00734149312	-165702208.1760953	1
60753.007441673086	-165702208.19044787	1
60753.00754186862	-165702208.17480785	1
60753.00764190918	-165702208.16881794	1
60753.007742096815	-165702208.1701181	1
60753.00784229088	-165702208.14282566	1
60753.00794244803	-165702208.14395	1
60753.00804254139	-165702208.1932661	1
60753.00814283041	-165702208.161965	1
60753.008242935335	-165702208.1721775	1
60753.00834306704	-165702208.16666478	1
60753.008443292834	-165702208.12544912	1
60753.00854338798	-165702208.17951578	1
60753.00864356858	-165702208.13505888	1
60753.00874376546	-165702208.15417486	1
60753.008843932024	-165702208.2090435	1
60753.00894410056	-165702208.18027663	1
60753.009044217964	-165702208.18607205	1
60753.009144372205	-165702208.21230632	1
60753.00924456887	-165702208.15344536	1
60753.00934480975	-165702208.14295334	1
60753.00944486057	-165702208.17622656	1
60753.009545090994	-165702208.2381938	1
60753.00964527291	-165702208.16300827	1
60753.00974546812	-165702208.19934958	1
60753.00984553961	-165702208.12892902	1
60753.009945710764	-165702208.12305874	1
60753.01004591268	-165702208.16129488	1
60753.01014608636	-165702208.17023873	1
60753.010246238664	-165702208.1916374	1
60753.01034638738	-165702208.1907727	1
60753.01044659295	-165702208.20358944	1
60753.01054663753	-165702208.17824244	1
60753.010646963914	-165702208.16340023	1
60753.010747087596	-165702208.15740073	1
60753.01084721543	-165702208.1448453	1
60753.01094740018	-165702208.17464173	1
60753.01104761564	-165702208.11912125	1
60753.0111477388	-165702208.15097928	1
60753.0112479097	-165702208.18646437	1
60753.01134805508	-165702208.1586926	1
60753.01144822278	-165702208.153767	1
60753.01154833035	-165702208.1715926	1
60753.01164855835	-165702208.16159254	1
60753.01174865718	-165702208.16734397	1
60753.0118488728	-165702208.17108846	1
60753.01194904645	-165702208.1303684	1
60753.012049151344	-165702208.1528014	1
60753.01214939352	-165702208.13485944	1
60753.012249547784	-165702208.15695542	1
60753.01234967908	-165702208.19876528	1
60753.012449802365	-165702208.17570943	1
60753.01255000662	-165702208.18197095	1
60753.01265012655	-165702208.19494265	1
60753.01275031071	-165702208.18531865	1
60753.012850485946	-165702208.22813892	1
60753.01295068372	-165702208.21351355	1
60753.01305084221	-165702208.20182836	1
60753.01315096636	-165702208.2001027	1
60753.013251159406	-165702208.1863116	1
60753.01335128311	-165702208.1787247	1
60753.013451503895	-165702208.2131505	1
60753.01355163869	-165702208.21434236	1
60753.013651770736	-165702208.24800235	1
60753.01375192261	-165702208.21660012	1
60753.01385215694	-165702208.18265176	1
60753.01395233339	-165702208.22156286	1
60753.01405243768	-165702208.21778226	1
60753.01415267595	-165702208.23556	1
60753.01425275943	-165702208.27812576	1
60753.01435300302	-165702208.27829283	1
60753.014453154436	-165702208.20222485	1
60753.014553288514	-165702208.19933867	1
60753.0146534487	-165702208.15907454	1
60753.01475367462	-165702208.15325028	1
60753.01485384336	-165702208.13086474	1
60753.0149539255	-165702208.12269795	1
60753.015054117604	-165702208.2097535	1
60753.01515420851	-165702208.2337619	1
60753.01525441434	-165702208.19815385	1
60753.015354519775	-165702208.19443494	1
60753.01545479152	-165702208.17269766	1
60753.01555496421	-165702208.1347264	1
