# Frequency shift file for JILA Sr1 
# for 20250306_clock_lock#2.
# Processed Thu Mar  6 18:28:28 2025 (MT) 
# by Alexander Aeppli(alexander.aeppli@colorado.edu), William Warfield(william.warfield@colorado.edu) 
# ******Applied Corrections******
# point by point corrections: 
#  - servo 
#  - second order zeeman 
#  - density shift 
# DC corrections: 
#  - lattice light 
#  - DC Stark 
#  - BBR 
#  - background gas 
#  - redshift to S1B60V1 
# Total sytematic error (frac.) = ~1e-17
# No MASER corrections have been applied
# To calculate the strontium frequency: 
# f_sr = (N/M)*f_light + f_shift[Hz] 
# where N = 1716882, M = 777577, 
# and f_light is the frequency of the light leaving JILA. 
#### Additional Notes #### 
# 20 Er (deep)
t_mjd	f_shift [Hz]	IS_GOOD
60740.85467977751	-165702243.71848702	1
60740.85477984358	-165702243.72043836	1
60740.85487995476	-165702243.73583955	1
60740.85498019191	-165702243.703287	1
60740.85508039255	-165702243.71714163	1
60740.85518057617	-165702243.73434114	1
60740.85528061529	-165702243.7468819	1
60740.8553808201	-165702243.7395935	1
60740.855480986	-165702243.78435695	1
60740.855581186464	-165702243.73191035	1
60740.85568139696	-165702243.77957988	1
60740.85578146182	-165702243.7807665	1
60740.85588162532	-165702243.72974807	1
60740.855981901914	-165702243.74977356	1
60740.85608199522	-165702243.77071083	1
60740.85618221148	-165702243.7617386	1
60740.85628237012	-165702243.7889446	1
60740.85638245791	-165702243.80419922	1
60740.85648260994	-165702243.80160946	1
60740.856582776374	-165702243.81920153	1
60740.85668298019	-165702243.8055393	1
60740.856783145784	-165702243.8315013	1
60740.85688328221	-165702243.75245094	1
60740.856983449536	-165702243.77805805	1
60740.85708367602	-165702243.7427687	1
60740.85718378483	-165702243.84852552	1
60740.85728392692	-165702243.80895144	1
60740.85738414202	-165702243.785807	1
60740.85748431085	-165702243.77840096	1
60740.85758448292	-165702243.78619492	1
60740.857684601884	-165702243.73363054	1
60740.857784791435	-165702243.76174968	1
60740.85788496507	-165702243.80182767	1
60740.857985018905	-165702243.7723313	1
60740.85808527852	-165702243.78412873	1
60740.858185445846	-165702243.77359688	1
60740.85828560956	-165702243.77645856	1
60740.85838580849	-165702243.7514584	1
60740.85848593059	-165702243.75409788	1
60740.85858612934	-165702243.73454177	1
60740.85868629088	-165702243.7630903	1
60740.85878643957	-165702243.77600121	1
60740.8588865661	-165702243.8005342	1
60740.85898674011	-165702243.79874927	1
60740.859086965946	-165702243.7454077	1
60740.85918707218	-165702243.7490319	1
60740.85928727024	-165702243.804053	1
60740.85938747155	-165702243.76118636	1
60740.85948761478	-165702243.83311492	1
60740.85958781924	-165702243.7624281	1
60740.859687899065	-165702243.79488337	1
60740.859788162794	-165702243.78393662	1
60740.859888272724	-165702243.75934464	1
60740.85998843674	-165702243.74829924	1
60740.860088528294	-165702243.77173758	1
60740.86018880947	-165702243.78086323	1
60740.86028892586	-165702243.72493482	1
60740.860389109344	-165702243.69472438	1
60740.86048923093	-165702243.72825724	1
60740.8605894116	-165702243.71299565	1
60740.86068953262	-165702243.7317201	1
60740.86078971827	-165702243.7361331	1
60740.860889907184	-165702243.71099722	1
60740.86099001898	-165702243.70648402	1
60740.861090261016	-165702243.72330505	1
60740.86119037974	-165702243.72052252	1
60740.86129058813	-165702243.7192241	1
60740.86139073886	-165702243.70174086	1
60740.8614908621	-165702243.70335615	1
60740.861591117835	-165702243.72239912	1
60740.86169117824	-165702243.69013643	1
60740.86179136823	-165702243.73237395	1
60740.86189153715	-165702243.74393308	1
60740.861991665355	-165702243.71765238	1
60740.86209186465	-165702243.74516565	1
60740.86219204985	-165702243.67281008	1
60740.86229222692	-165702243.63183725	1
60740.86239231874	-165702243.64245486	1
60740.862492574495	-165702243.67825705	1
60740.86259258967	-165702243.7318352	1
60740.86269288693	-165702243.69793475	1
60740.86279307631	-165702243.70977908	1
60740.86289319862	-165702243.69422042	1
60740.862993292976	-165702243.6860537	1
60740.86309347074	-165702243.72375673	1
60740.86319371171	-165702243.7005934	1
60740.86329384956	-165702243.6868993	1
60740.86339394101	-165702243.71154124	1
60740.863494124635	-165702243.71023554	1
60740.86359437244	-165702243.6722135	1
60740.86369441181	-165702243.7177276	1
60740.86379464952	-165702243.67533648	1
60740.863894773414	-165702243.71938276	1
60740.86399500119	-165702243.75663227	1
60740.86409516906	-165702243.69433945	1
60740.8641953429	-165702243.6877278	1
60740.8642955112	-165702243.6476845	1
60740.86439566282	-165702243.64537966	1
60740.8644957568	-165702243.66366196	1
60740.86459603333	-165702243.69094378	1
60740.86469613809	-165702243.66974425	1
60740.864796231916	-165702243.71149802	1
60740.864896391766	-165702243.71047503	1
60740.86499652461	-165702243.7192831	1
60740.86509669846	-165702243.75036567	1
60740.86519692538	-165702243.75003016	1
60740.86529712021	-165702243.75650615	1
60740.865397228605	-165702243.75428385	1
60740.86549746531	-165702243.7294997	1
60740.86559761648	-165702243.7353903	1
60740.865697701396	-165702243.76716357	1
60740.865797959406	-165702243.77048987	1
60740.86589812724	-165702243.77122223	1
60740.8659982504	-165702243.79098088	1
60740.86609844153	-165702243.77376616	1
60740.86619859775	-165702243.77979004	1
60740.86629870663	-165702243.76620215	1
60740.86639888296	-165702243.71932983	1
60740.86649907318	-165702243.75025827	1
60740.8665992433	-165702243.74865133	1
60740.866699484606	-165702243.74188262	1
60740.86679959806	-165702243.745027	1
60740.86689968711	-165702243.73987913	1
60740.86699996551	-165702243.72802335	1
60740.86710010149	-165702243.75541037	1
60740.86720022899	-165702243.78275228	1
60740.86730041819	-165702243.76412272	1
60740.86740053291	-165702243.7339974	1
60740.867500696775	-165702243.76397783	1
60740.86760089535	-165702243.70541114	1
60740.8677010884	-165702243.74580067	1
60740.86780118031	-165702243.72500026	1
60740.8679013321	-165702243.73160124	1
60740.86800150598	-165702243.72577024	1
60740.86810167826	-165702243.74392837	1
60740.86820190085	-165702243.70588928	1
60740.86830205559	-165702243.70937002	1
60740.86840217036	-165702243.68270302	1
60740.86850242104	-165702243.70384705	1
60740.86860255569	-165702243.72375536	1
60740.86870269396	-165702243.72209674	1
60740.868802842306	-165702243.72937435	1
60740.86890302513	-165702243.735232	1
60740.86900317943	-165702243.691391	1
60740.869103370234	-165702243.68868738	1
60740.86920357638	-165702243.6971013	1
60740.86930363786	-165702243.69078028	1
60740.86940387016	-165702243.73127657	1
60740.86950404811	-165702243.7489372	1
60740.86960417711	-165702243.7575366	1
60740.8697043273	-165702243.72255975	1
60740.869804496244	-165702243.75463504	1
60740.86990463904	-165702243.75657064	1
60740.87000479389	-165702243.7140103	1
60740.87010502842	-165702243.71983945	1
60740.8702051777	-165702243.73345327	1
60740.870305337456	-165702243.69606626	1
60740.87040545942	-165702243.73441482	1
60740.87050563415	-165702243.72069126	1
60740.87060584066	-165702243.69353718	1
60740.87070597148	-165702243.713673	1
60740.87080612312	-165702243.64060318	1
60740.87090627677	-165702243.7044772	1
60740.87100652785	-165702243.73762727	1
60740.87110654136	-165702243.71620768	1
60740.87120680862	-165702243.7059424	1
60740.871306946035	-165702243.77176076	1
60740.871407147584	-165702243.76211149	1
60740.8715072537	-165702243.75086015	1
60740.871607414876	-165702243.7508673	1
60740.87170761037	-165702243.7355271	1
60740.87180777743	-165702243.7725668	1
60740.87190792922	-165702243.79454643	1
60740.87200809562	-165702243.7831797	1
60740.872108392665	-165702243.76154613	1
60740.87220843456	-165702243.7437632	1
60740.87230861891	-165702243.7725842	1
60740.872408758885	-165702243.71224952	1
60740.87250896552	-165702243.76132447	1
60740.87260912529	-165702243.76000482	1
60740.87270923681	-165702243.80875015	1
60740.87280936202	-165702243.74002296	1
60740.872909617974	-165702243.75790864	1
60740.87300973643	-165702243.77337265	1
60740.87310991563	-165702243.74696106	1
60740.87321015836	-165702243.7222545	1
60740.87331025306	-165702243.74769896	1
60740.873410369924	-165702243.7390079	1
60740.8735105826	-165702243.70622998	1
60740.8736107379	-165702243.72486484	1
60740.87371090974	-165702243.76062977	1
60740.87381109137	-165702243.79513013	1
60740.87391121824	-165702243.7712013	1
60740.874011355096	-165702243.76992446	1
60740.87411153553	-165702243.744402	1
60740.8742117465	-165702243.74273205	1
60740.87431188245	-165702243.73796672	1
60740.874412050965	-165702243.71507877	1
60740.87451218421	-165702243.73465067	1
60740.87461237519	-165702243.75145662	1
60740.87471260934	-165702243.72749686	1
60740.87481263578	-165702243.72600728	1
60740.87491290143	-165702243.69142073	1
60740.8750130413	-165702243.7372561	1
60740.87511319405	-165702243.7582006	1
60740.87521331432	-165702243.71632266	1
60740.87531351543	-165702243.72290403	1
60740.87541374446	-165702243.71819997	1
60740.875513837214	-165702243.72252274	1
60740.87561403953	-165702243.71245873	1
60740.875714245034	-165702243.75008935	1
60740.875814359126	-165702243.76783514	1
60740.87591454123	-165702243.72024477	1
60740.87601466829	-165702243.72932607	1
60740.87611488083	-165702243.7657125	1
60740.876215015305	-165702243.80365586	1
60740.87631519077	-165702243.7286517	1
60740.876415244675	-165702243.7652185	1
60740.87651549288	-165702243.7253713	1
60740.876615745176	-165702243.7540279	1
60740.87671583194	-165702243.7328254	1
60740.876816001866	-165702243.6847502	1
60740.87691611579	-165702243.7156939	1
60740.87701627309	-165702243.715783	1
60740.87711653134	-165702243.69982606	1
60740.87721666499	-165702243.72101802	1
60740.87731685574	-165702243.6803776	1
60740.87741702355	-165702243.68252635	1
60740.87751720247	-165702243.67783052	1
60740.8776172924	-165702243.6583656	1
60740.87771747354	-165702243.6823005	1
60740.87781770688	-165702243.66039413	1
60740.87791780732	-165702243.61887562	1
60740.87801795937	-165702243.68270957	1
60740.878118172826	-165702243.71094918	1
60740.87821830216	-165702243.70821953	1
60740.87831849166	-165702243.6948312	1
60740.8784186064	-165702243.70165163	1
60740.87851878398	-165702243.68922222	1
60740.87861896503	-165702243.7098599	1
60740.8787191221	-165702243.70338017	1
60740.8788192751	-165702243.70485365	1
60740.8789194025	-165702243.69719434	1
60740.879019577085	-165702243.74085468	1
60740.8791197391	-165702243.72443205	1
60740.8792199428	-165702243.71847796	1
60740.879320119	-165702243.703902	1
60740.87942033593	-165702243.7435605	1
60740.87952042832	-165702243.6888746	1
60740.879620541935	-165702243.68760854	1
60740.87972078322	-165702243.67097634	1
60740.87982092103	-165702243.68976253	1
60740.87992109617	-165702243.7358263	1
60740.88002131798	-165702243.76713544	1
60740.880121474744	-165702243.78827548	1
60740.88022156362	-165702243.77480686	1
60740.88032172303	-165702243.75008404	1
60740.8804219895	-165702243.7376905	1
60740.880522032276	-165702243.74937946	1
60740.88062224896	-165702243.76381022	1
60740.88072241125	-165702243.72544616	1
60740.88082253802	-165702243.74829894	1
60740.88092278619	-165702243.75770026	1
60740.88102288235	-165702243.7644012	1
60740.88112302647	-165702243.75490236	1
60740.88122324753	-165702243.76351386	1
60740.881323448215	-165702243.7447508	1
60740.8814234788	-165702243.78200078	1
60740.8815237175	-165702243.73828882	1
60740.88162388332	-165702243.72246885	1
60740.88172400296	-165702243.7620229	1
60740.88182417095	-165702243.76813066	1
60740.88192445428	-165702243.75727606	1
60740.882024540624	-165702243.75611317	1
60740.88212474384	-165702243.77324563	1
60740.88222485415	-165702243.7424944	1
60740.88232503445	-165702243.77160543	1
60740.882425176576	-165702243.73934627	1
60740.882525374705	-165702243.74770904	1
60740.882625492064	-165702243.78482777	1
60740.88272570127	-165702243.7402841	1
60740.88282587687	-165702243.73922873	1
60740.882926046135	-165702243.7648461	1
60740.88302621149	-165702243.75741726	1
60740.8831263447	-165702243.78719914	1
60740.88322655068	-165702243.80055493	1
60740.88332664613	-165702243.77026176	1
60740.88352693686	-165702243.72603798	1
60740.883627217794	-165702243.78423315	1
60740.88372735078	-165702243.78757095	1
60740.883827461636	-165702243.8201173	1
60740.88392773366	-165702243.80639535	1
60740.88402788355	-165702243.797832	1
60740.88412804231	-165702243.78138947	1
60740.884228185	-165702243.7506197	1
60740.8843283499	-165702243.77574956	1
60740.88442849046	-165702243.8021387	1
60740.88452868854	-165702243.77976352	1
60740.88462881263	-165702243.7636565	1
60740.88472903189	-165702243.74831176	1
60740.88482908298	-165702243.7525406	1
60740.88492939942	-165702243.7449693	1
60740.885029415054	-165702243.74829763	1
60740.8851296399	-165702243.7915784	1
60740.88522976567	-165702243.7811054	1
60740.885329986486	-165702243.77689695	1
60740.8854301214	-165702243.7579056	1
60740.88553031312	-165702243.76627952	1
60740.88563045659	-165702243.75306678	1
60740.88573065088	-165702243.70215958	1
60740.88583083611	-165702243.74732018	1
60740.88593095596	-165702243.77149785	1
60740.886031097696	-165702243.73158616	1
60740.88613133048	-165702243.73482525	1
60740.886231396384	-165702243.76208383	1
60740.88633159929	-165702243.7390675	1
60740.88643189356	-165702243.78149998	1
60740.88653192256	-165702243.79526353	1
60740.886632080576	-165702243.78343827	1
60740.88673229942	-165702243.8108403	1
60740.886832486714	-165702243.73710096	1
60740.88693265746	-165702243.72072405	1
60740.887032677405	-165702243.77601194	1
60740.88713287864	-165702243.74053496	1
60740.88723312087	-165702243.7789696	1
60740.88733333244	-165702243.80027997	1
60740.88743341279	-165702243.7583565	1
60740.887533618996	-165702243.7622618	1
60740.88763380259	-165702243.7110904	1
60740.887733891126	-165702243.74107575	1
60740.887834033085	-165702243.76200306	1
60740.887934252074	-165702243.7363245	1
60740.88803448421	-165702243.79289716	1
60740.88813459942	-165702243.80238593	1
60740.88823475771	-165702243.75782418	1
60740.88833487548	-165702243.79723167	1
60740.88843506673	-165702243.7761469	1
60740.88853529827	-165702243.79317653	1
60740.88863538495	-165702243.73777956	1
60740.88873565299	-165702243.75076342	1
60740.888835667865	-165702243.73477906	1
60740.88893585295	-165702243.77308267	1
60740.88903607446	-165702243.76182145	1
60740.889136178885	-165702243.752926	1
60740.88923630945	-165702243.750984	1
60740.88933652718	-165702243.7298172	1
60740.88943667376	-165702243.741848	1
60740.88953683717	-165702243.75377935	1
60740.88963703173	-165702243.74867672	1
60740.889737181555	-165702243.74465108	1
60740.88983735973	-165702243.73910278	1
60740.88993743849	-165702243.7588101	1
60740.89003765767	-165702243.72363025	1
60740.89013782049	-165702243.72027868	1
60740.89023818855	-165702243.65344214	1
60740.89033819149	-165702243.70035446	1
60740.89043829453	-165702243.7474144	1
60740.89053850505	-165702243.70878023	1
60740.89063871122	-165702243.69599843	1
60740.89073879188	-165702243.70140266	1
60740.890838982	-165702243.75326192	1
60740.8909392068	-165702243.72475988	1
60740.89103933785	-165702243.75579476	1
60740.89113954955	-165702243.7682141	1
60740.89123968479	-165702243.7249019	1
60740.89133983892	-165702243.7350316	1
60740.89144000318	-165702243.7173463	1
60740.891540202916	-165702243.72452933	1
60740.89164027163	-165702243.71818	1
60740.89174048941	-165702243.76003665	1
60740.89184066335	-165702243.71814626	1
60740.89194084496	-165702243.726097	1
60740.89204092715	-165702243.69928795	1
60740.892141164535	-165702243.73067075	1
60740.89224129212	-165702243.7171895	1
60740.89234150923	-165702243.7413776	1
60740.89244154449	-165702243.75258976	1
60740.89254179998	-165702243.72313988	1
60740.89264200883	-165702243.73103446	1
60740.89274218973	-165702243.72412026	1
60740.89284224782	-165702243.6870796	1
60740.89294249048	-165702243.7049489	1
60740.89304264647	-165702243.74473095	1
60740.89314278567	-165702243.7068377	1
60740.89324290975	-165702243.72932744	1
60740.89334308967	-165702243.74120092	1
60740.89344329756	-165702243.76688015	1
60740.89354342173	-165702243.7817902	1
60740.893643595555	-165702243.76523852	1
60740.893743802946	-165702243.75569206	1
60740.89384394794	-165702243.7295853	1
60740.89394404633	-165702243.73725492	1
60740.89404428558	-165702243.7571085	1
60740.89414445103	-165702243.76532865	1
60740.89424453642	-165702243.7490301	1
60740.89434471379	-165702243.7348261	1
60740.89444494832	-165702243.72698456	1
60740.894545123054	-165702243.76182896	1
60740.894645226086	-165702243.7426166	1
60740.89474538055	-165702243.79791862	1
60740.89484558606	-165702243.76614153	1
60740.894945739004	-165702243.7516796	1
60740.89504588936	-165702243.7886871	1
60740.89514612451	-165702243.7851256	1
60740.895246329856	-165702243.7740373	1
60740.895346432924	-165702243.75114638	1
60740.89544647105	-165702243.78686655	1
60740.89554666406	-165702243.82548416	1
60740.89564691048	-165702243.80196697	1
60740.89574710612	-165702243.7770148	1
60740.89584716624	-165702243.76996297	1
60740.895947418954	-165702243.7455061	1
60740.896047499235	-165702243.79091954	1
60740.89614768254	-165702243.76745093	1
60740.896247888566	-165702243.78486425	1
60740.89634803519	-165702243.76659203	1
60740.89644818348	-165702243.78509825	1
60740.89654833491	-165702243.77576643	1
60740.89664852518	-165702243.74501705	1
60740.89674872902	-165702243.7355047	1
60740.89684882815	-165702243.71188098	1
60740.8969490204	-165702243.75332385	1
60740.89704915673	-165702243.72323322	1
60740.89714933526	-165702243.7294572	1
60740.897249514535	-165702243.71242267	1
60740.89734969233	-165702243.68672913	1
60740.89744979886	-165702243.72876066	1
60740.897550018904	-165702243.7513519	1
60740.89765016159	-165702243.73754454	1
60740.8977503115	-165702243.6846152	1
60740.897850540685	-165702243.67036736	1
60740.89795071341	-165702243.70357752	1
60740.89805086323	-165702243.7643361	1
60740.8981510309	-165702243.72297704	1
60740.89825116451	-165702243.7395413	1
60740.89835134042	-165702243.70772707	1
60740.898451499845	-165702243.71865094	1
60740.898551659266	-165702243.70667666	1
60740.898651765994	-165702243.73788452	1
60740.89875195238	-165702243.7371828	1
60740.8988521278	-165702243.71636438	1
60740.89895235323	-165702243.68748784	1
60740.89905240603	-165702243.68117797	1
60740.89915255856	-165702243.66544813	1
60740.899252830255	-165702243.72756642	1
60740.89935298515	-165702243.66041476	1
60740.899453174556	-165702243.67234433	1
60740.89955328365	-165702243.6517262	1
60740.89965348975	-165702243.65482205	1
60740.899753589656	-165702243.63762718	1
60740.899853768446	-165702243.6639331	1
60740.89995395021	-165702243.6853612	1
60740.90005408978	-165702243.6920464	1
60740.900154285344	-165702243.7204042	1
60740.90025443575	-165702243.64596975	1
60740.90035460868	-165702243.6302017	1
60740.900454824616	-165702243.65632796	1
60740.90055490727	-165702243.641245	1
60740.90065510794	-165702243.6834877	1
60740.90075529842	-165702243.6967237	1
60740.900855509906	-165702243.66937363	1
60740.90095559159	-165702243.6362592	1
60740.90105574169	-165702243.68385845	1
60740.90115595759	-165702243.69068277	1
60740.90125605202	-165702243.72566646	1
60740.90135625647	-165702243.68813777	1
60740.901456452564	-165702243.71843374	1
60740.90155656454	-165702243.65811938	1
60740.901656742986	-165702243.7014413	1
60740.901756922125	-165702243.73707604	1
60740.90185709233	-165702243.72695905	1
60740.90195726088	-165702243.68473738	1
60740.90205738708	-165702243.70172203	1
60740.902157566365	-165702243.64462632	1
60740.90225769485	-165702243.63224894	1
60740.90235782894	-165702243.68087286	1
60740.90245811998	-165702243.7018277	1
60740.90255824567	-165702243.70530927	1
60740.90265838964	-165702243.70002788	1
60740.90275852479	-165702243.6498319	1
60740.90285868658	-165702243.70294958	1
60740.90295896735	-165702243.70791364	1
60740.90305905046	-165702243.68251723	1
60740.903159168476	-165702243.7211135	1
60740.90325948486	-165702243.71279097	1
60740.90335950254	-165702243.6395946	1
60740.90345969561	-165702243.64642298	1
60740.90355983724	-165702243.6592834	1
60740.903659954965	-165702243.66140682	1
60740.903760255045	-165702243.68230277	1
60740.90386046471	-165702243.70175868	1
60740.90396051745	-165702243.6981126	1
60740.904060660265	-165702243.6982503	1
60740.90416088132	-165702243.68779224	1
60740.90426108635	-165702243.654449	1
60740.90436121655	-165702243.70561224	1
60740.90446139664	-165702243.6859671	1
60740.904561488525	-165702243.70236754	1
60740.90466169043	-165702243.70425594	1
60740.90476179021	-165702243.69532394	1
60740.904862055206	-165702243.73760676	1
60740.90496218873	-165702243.72864527	1
60740.905062347556	-165702243.69801223	1
60740.90516254568	-165702243.6533844	1
60740.90526268591	-165702243.6886366	1
60740.905362812664	-165702243.7072277	1
60740.90546299259	-165702243.69702786	1
60740.90556309466	-165702243.68006706	1
60740.905663341735	-165702243.65767205	1
60740.90576344227	-165702243.6964807	1
60740.90586366347	-165702243.70854414	1
60740.90596383883	-165702243.63506073	1
60740.90606397052	-165702243.65943527	1
60740.906164135275	-165702243.68018734	1
60740.90626439803	-165702243.70959574	1
60740.90636447847	-165702243.67435378	1
60740.90646464805	-165702243.6672721	1
60740.90656469856	-165702243.69006616	1
60740.9066649775	-165702243.66807503	1
60740.90676514607	-165702243.63018566	1
60740.90686528812	-165702243.67154253	1
60740.906965465554	-165702243.70171052	1
60740.90706565557	-165702243.6893447	1
60740.90716581915	-165702243.68762124	1
60740.90726594329	-165702243.68508726	1
60740.90736606707	-165702243.65387535	1
60740.90746627682	-165702243.7149114	1
60740.90756643181	-165702243.71501988	1
60740.90766657281	-165702243.7096641	1
60740.907766783464	-165702243.70567358	1
60740.907866932386	-165702243.68010545	1
60740.90796706141	-165702243.67287934	1
60740.9080671972	-165702243.71118808	1
60740.908167369744	-165702243.6951813	1
60740.90826754084	-165702243.7401595	1
60740.90836777073	-165702243.7269892	1
60740.90846801276	-165702243.6920482	1
60740.90866821559	-165702243.68950695	1
60740.908768413115	-165702243.75086713	1
60740.90886857065	-165702243.7190442	1
60740.90896874005	-165702243.67461234	1
60740.909068947236	-165702243.69609278	1
60740.909169071354	-165702243.7116881	1
60740.909269181604	-165702243.6911487	1
60740.90936945325	-165702243.72883445	1
60740.909469569306	-165702243.7529078	1
60740.90956977471	-165702243.73390788	1
60740.9096699329	-165702243.72880298	1
60740.90977013849	-165702243.69812626	1
60740.909870217074	-165702243.67707968	1
60740.909970388944	-165702243.7038154	1
60740.91007057717	-165702243.7195313	1
60740.9101707189	-165702243.74121016	1
60740.910270796514	-165702243.70532227	1
60740.91037112695	-165702243.70243222	1
60740.910471154435	-165702243.6879068	1
60740.910571425	-165702243.73787177	1
60740.91067157952	-165702243.784953	1
60740.910771681236	-165702243.7709188	1
60740.91087179968	-165702243.7778656	1
60740.9109720216	-165702243.73418915	1
60740.911072202965	-165702243.72383654	1
60740.911172396416	-165702243.7236855	1
60740.91127252779	-165702243.7512328	1
60740.91137270183	-165702243.75185597	1
60740.91147283117	-165702243.74391204	1
60740.91157299184	-165702243.71663964	1
60740.9116732047	-165702243.67607653	1
60740.91177330612	-165702243.71294272	1
60740.9118735119	-165702243.66532588	1
60740.91197367711	-165702243.69090492	1
60740.91207387532	-165702243.6721717	1
60740.91217401319	-165702243.67487073	1
60740.91227416746	-165702243.70956153	1
60740.912374302985	-165702243.71797967	1
60740.91247443965	-165702243.6876797	1
60740.91257469402	-165702243.6369552	1
60740.91267482727	-165702243.6602407	1
60740.91277506068	-165702243.6452614	1
60740.9128751378	-165702243.63023806	1
60740.91297530687	-165702243.64209038	1
60740.91307550791	-165702243.65486962	1
60740.91317558134	-165702243.66607952	1
60740.913275814804	-165702243.68371618	1
60740.913376024815	-165702243.6566726	1
60740.91347616537	-165702243.68345386	1
60740.913576250496	-165702243.65392053	1
60740.91367652418	-165702243.65935922	1
60740.913776690235	-165702243.697007	1
60740.91387679495	-165702243.69385028	1
60740.91397695837	-165702243.74202347	1
60740.91407711776	-165702243.69927198	1
60740.91417723922	-165702243.7027855	1
60740.914277477816	-165702243.72996813	1
60740.91437765348	-165702243.69445193	1
60740.914477756356	-165702243.70136887	1
60740.914577936936	-165702243.6865384	1
60740.91467809811	-165702243.73999667	1
60740.91477830417	-165702243.7326594	1
60740.91487834821	-165702243.72165108	1
60740.91497858331	-165702243.69376123	1
60740.91507875547	-165702243.62891382	1
60740.91517895628	-165702243.66980922	1
60740.915279137276	-165702243.61206442	1
60740.915379296144	-165702243.65460712	1
60740.91547949582	-165702243.67093498	1
60740.915579665605	-165702243.68110996	1
60740.91567976176	-165702243.709386	1
60740.915779821655	-165702243.67515683	1
60740.91588006475	-165702243.65116614	1
60740.915980201105	-165702243.6597482	1
60740.91608047815	-165702243.69334292	1
60740.916180613065	-165702243.69076025	1
60740.916280755075	-165702243.6917153	1
60740.916380849114	-165702243.70554334	1
60740.91648108595	-165702243.68972874	1
60740.91658125089	-165702243.68792516	1
60740.91668134858	-165702243.6850974	1
60740.916781580185	-165702243.68803507	1
60740.91688177748	-165702243.6866312	1
60740.916981896	-165702243.69273168	1
60740.917082073895	-165702243.7076946	1
60740.917182270176	-165702243.71505666	1
60740.917282438204	-165702243.66377968	1
60740.9173825984	-165702243.71081173	1
60740.91748268756	-165702243.72662157	1
60740.917582890834	-165702243.6754979	1
60740.91768302841	-165702243.65213764	1
60740.91778322668	-165702243.68244648	1
60740.917883355825	-165702243.69056928	1
60740.91798346134	-165702243.70414346	1
60740.91808369327	-165702243.68502176	1
60740.918183839785	-165702243.65017223	1
60740.918284051004	-165702243.65152335	1
60740.91838420074	-165702243.6423459	1
60740.91848435177	-165702243.65241355	1
60740.9185844539	-165702243.67083693	1
60740.918684713106	-165702243.67363143	1
60740.91878486519	-165702243.71750665	1
60740.918884983126	-165702243.69523478	1
60740.918985154785	-165702243.71670187	1
60740.919085312504	-165702243.72746515	1
60740.91918547956	-165702243.7148713	1
60740.91928558249	-165702243.64927953	1
60740.91938584853	-165702243.71043885	1
60740.91948603789	-165702243.67750454	1
60740.919586247895	-165702243.72312862	1
60740.91968623624	-165702243.72112775	1
60740.91978650724	-165702243.73783374	1
60740.91988670933	-165702243.75731313	1
60740.91998685654	-165702243.76514542	1
60740.92008694299	-165702243.73828775	1
60740.920187167336	-165702243.68905962	1
60740.92028727543	-165702243.7047788	1
60740.920387447295	-165702243.74467862	1
60740.9204876215	-165702243.75672835	1
60740.92058787084	-165702243.7313521	1
60740.920688016784	-165702243.72634864	1
60740.92078812835	-165702243.71075118	1
60740.920888279376	-165702243.67423898	1
60740.92098855962	-165702243.6619779	1
60740.92108857088	-165702243.68086177	1
60740.92118880935	-165702243.65761328	1
60740.921288956386	-165702243.68445116	1
60740.92138911583	-165702243.6566472	1
60740.92148927763	-165702243.68468893	1
60740.92158940861	-165702243.66851842	1
60740.92168963029	-165702243.68260628	1
60740.921789796186	-165702243.67389363	1
60740.92188990865	-165702243.6241024	1
60740.92199005794	-165702243.60570407	1
60740.922090296306	-165702243.6369093	1
60740.92219043479	-165702243.61860293	1
60740.92229056631	-165702243.62317145	1
60740.92239074673	-165702243.65199113	1
60740.9224908875	-165702243.62725067	1
60740.9225910783	-165702243.5746923	1
60740.92269127051	-165702243.62486386	1
60740.9227913721	-165702243.6045192	1
60740.92289157342	-165702243.60575342	1
60740.922991757725	-165702243.65116167	1
60740.92309189933	-165702243.68588406	1
60740.923192040216	-165702243.6770652	1
60740.92329218526	-165702243.67121178	1
60740.923392427496	-165702243.69245672	1
60740.92349254494	-165702243.65386343	1
60740.92359265514	-165702243.66504204	1
60740.92369288971	-165702243.66045922	1
60740.923793002905	-165702243.647965	1
60740.92389317228	-165702243.67423242	1
60740.923993362034	-165702243.71173757	1
60740.924093552836	-165702243.7072826	1
60740.92419363061	-165702243.70928848	1
60740.92429388743	-165702243.72165555	1
60740.92439405505	-165702243.7092929	1
60740.92449425018	-165702243.70262206	1
60740.924594312826	-165702243.72440016	1
60740.92469453626	-165702243.69939166	1
60740.92479471087	-165702243.67483848	1
60740.92489484934	-165702243.68661076	1
60740.9249950362	-165702243.66895705	1
60740.92509512777	-165702243.6713404	1
60740.92519545906	-165702243.6175241	1
60740.925295503424	-165702243.60755545	1
60740.925395638056	-165702243.68132424	1
60740.92549588719	-165702243.620826	1
60740.92559608606	-165702243.6450907	1
60740.92569615661	-165702243.66888046	1
60740.925796353935	-165702243.67584264	1
60740.925896473425	-165702243.65640914	1
60740.92599672579	-165702243.63666475	1
60740.92609682662	-165702243.65261096	1
60740.92619697921	-165702243.66893703	1
60740.926297215585	-165702243.70992452	1
60740.92639741015	-165702243.71332717	1
60740.9264975255	-165702243.6627171	1
60740.92659765367	-165702243.61866575	1
60740.92669781288	-165702243.62491876	1
60740.9267979518	-165702243.62932748	1
60740.9268981519	-165702243.62172902	1
60740.92699835466	-165702243.6521557	1
60740.92709844031	-165702243.63601643	1
60740.927198653	-165702243.67219388	1
60740.92729880705	-165702243.67452282	1
60740.9273989946	-165702243.67325556	1
60740.92749909548	-165702243.70428437	1
60740.92759934877	-165702243.69650865	1
60740.927699474494	-165702243.70206094	1
60740.92779966799	-165702243.66337985	1
60740.927899751965	-165702243.63086057	1
60740.92799993462	-165702243.65607268	1
60740.92810012353	-165702243.63869065	1
60740.928200264956	-165702243.6178658	1
60740.92830046292	-165702243.65147692	1
60740.92840059624	-165702243.64493537	1
60740.92850075171	-165702243.64032626	1
60740.92860099311	-165702243.6759616	1
60740.92870110632	-165702243.64093292	1
60740.92880135273	-165702243.70913213	1
60740.928901430445	-165702243.7105282	1
60740.92900158594	-165702243.7027563	1
60740.92910176476	-165702243.67144412	1
60740.92920195806	-165702243.6846382	1
60740.929302139004	-165702243.67196238	1
60740.92940221724	-165702243.64752913	1
60740.92950236491	-165702243.6765808	1
60740.929602669916	-165702243.6864885	1
60740.92970269155	-165702243.6876434	1
60740.92980286215	-165702243.70129675	1
60740.92990308146	-165702243.64039874	1
60740.93000322502	-165702243.66369277	1
60740.930103449246	-165702243.68014413	1
60740.93020355887	-165702243.65151173	1
60740.93030384391	-165702243.64077467	1
60740.93040383224	-165702243.6244585	1
60740.93050404124	-165702243.6324559	1
60740.93060428017	-165702243.65527666	1
60740.93070441597	-165702243.60919607	1
60740.930804547424	-165702243.5849167	1
60740.93090474524	-165702243.62480175	1
60740.931004919505	-165702243.60896993	1
60740.93110501076	-165702243.61880147	1
60740.93120522186	-165702243.632608	1
60740.931305412894	-165702243.5948041	1
60740.93140555725	-165702243.57116085	1
60740.93150575434	-165702243.57539386	1
60740.9316058342	-165702243.60313267	1
60740.93170605842	-165702243.62981796	1
60740.9318061765	-165702243.61409974	1
60740.93190633637	-165702243.65921295	1
60740.93200652045	-165702243.63714457	1
60740.93210671864	-165702243.63732278	1
60740.93220691264	-165702243.60321605	1
60740.93230705652	-165702243.57429874	1
60740.93240719838	-165702243.61176443	1
60740.93250738605	-165702243.66122806	1
60740.932607449395	-165702243.65654594	1
60740.932707693784	-165702243.64667833	1
60740.93280781183	-165702243.6165272	1
60740.93290792316	-165702243.65757012	1
60740.93300825174	-165702243.61824554	1
60740.933108343976	-165702243.63021612	1
60740.93320853855	-165702243.6338542	1
60740.933308617234	-165702243.6152255	1
60740.933408797726	-165702243.62932163	1
60740.93350906856	-165702243.6032272	1
60740.93360920015	-165702243.58926165	1
60740.93370934516	-165702243.5970019	1
60740.933809517126	-165702243.6199566	1
60740.93390956379	-165702243.6462288	1
60740.93400981006	-165702243.6149279	1
60740.93410998675	-165702243.61794722	1
60740.93421010416	-165702243.64986873	1
60740.93431030351	-165702243.58289176	1
60740.93441057729	-165702243.63619077	1
60740.934510646606	-165702243.65944934	1
60740.93461076761	-165702243.6044997	1
60740.9347109035	-165702243.60884315	1
60740.93481109975	-165702243.67655587	1
60740.93491133856	-165702243.62840432	1
60740.93501143797	-165702243.6761837	1
60740.93511170373	-165702243.62834603	1
60740.93521179137	-165702243.6467631	1
60740.93531195156	-165702243.61542714	1
60740.93541211427	-165702243.6763537	1
60740.9355122842	-165702243.65433055	1
60740.935612462796	-165702243.5887146	1
60740.9357125682	-165702243.67246187	1
60740.935812762626	-165702243.65148544	1
60740.93591300294	-165702243.64618093	1
60740.93601308258	-165702243.68252283	1
60740.93611326471	-165702243.6542877	1
60740.93621346703	-165702243.65034264	1
60740.93631366408	-165702243.64622653	1
60740.93641375452	-165702243.68962634	1
60740.93651390884	-165702243.69642228	1
60740.93661408564	-165702243.68419123	1
60740.93671433736	-165702243.63497418	1
60740.9368144447	-165702243.6162398	1
60740.93691460866	-165702243.61385393	1
60740.93701473025	-165702243.59602755	1
60740.937114912835	-165702243.6554168	1
60740.93721502651	-165702243.67618728	1
60740.93731520507	-165702243.65590185	1
60740.93741540394	-165702243.61247838	1
60740.93751553671	-165702243.64187628	1
60740.93761579524	-165702243.61757392	1
60740.937715975604	-165702243.61711794	1
60740.937816061894	-165702243.68046463	1
60740.93791614495	-165702243.64014387	1
60740.938016392116	-165702243.62717396	1
60740.9381165025	-165702243.6329891	1
60740.93821676138	-165702243.5916502	1
60740.9383169145	-165702243.60773486	1
60740.938417021745	-165702243.6251176	1
60740.93851727289	-165702243.63155627	1
60740.93861742883	-165702243.64615446	1
60740.938717570854	-165702243.6591032	1
60740.938817766786	-165702243.6633852	1
60740.938917865875	-165702243.65969288	1
60740.939017990655	-165702243.65939856	1
60740.93911819243	-165702243.62081218	1
60740.93921836269	-165702243.65526062	1
60740.93931849399	-165702243.68032628	1
60740.939418701986	-165702243.66311198	1
60740.93951877756	-165702243.62459558	1
60740.93961900635	-165702243.62710637	1
60740.93971917901	-165702243.6603639	1
60740.93981936551	-165702243.6566459	1
60740.9399194892	-165702243.68680358	1
60740.94001966256	-165702243.65380663	1
60740.94011976091	-165702243.6569603	1
60740.94022010727	-165702243.68952137	1
60740.940320132184	-165702243.6509074	1
60740.94042036918	-165702243.6426757	1
60740.94052046711	-165702243.66287595	1
60740.94062065968	-165702243.64877188	1
60740.940720797305	-165702243.6661724	1
60740.940821054035	-165702243.68242502	1
60740.94092117148	-165702243.6431319	1
60740.94102126213	-165702243.68962878	1
60740.94112157648	-165702243.6363542	1
60740.941221656736	-165702243.64786345	1
60740.94132175258	-165702243.6398129	1
60740.94142201561	-165702243.62073755	1
60740.94152207445	-165702243.6469273	1
60740.94162223773	-165702243.61840892	1
60740.941722510564	-165702243.59613812	1
60740.94182258101	-165702243.61538112	1
60740.94192277917	-165702243.58616692	1
60740.94202299326	-165702243.60363126	1
60740.94212304937	-165702243.59614712	1
60740.94222330966	-165702243.6400653	1
60740.94232347414	-165702243.62362373	1
60740.942423550594	-165702243.60920823	1
60740.94252385536	-165702243.61569887	1
60740.94262395845	-165702243.63254428	1
60740.94272417838	-165702243.59077346	1
60740.94282427038	-165702243.56763726	1
60740.94292445837	-165702243.60960984	1
60740.943024627166	-165702243.56984413	1
60740.94312475207	-165702243.56802	1
60740.9432249179	-165702243.61925697	1
60740.94332509689	-165702243.59097242	1
60740.94342527228	-165702243.60857248	1
60740.943525396135	-165702243.58043665	1
60740.94362563293	-165702243.57210344	1
60740.94372575139	-165702243.57763726	1
60740.9438258894	-165702243.58958352	1
60740.94392612127	-165702243.6305287	1
60740.94402633308	-165702243.60742527	1
60740.94412642313	-165702243.60898745	1
60740.94422658348	-165702243.57312346	1
60740.94432678985	-165702243.6311531	1
60740.94442695209	-165702243.6228329	1
60740.94452708373	-165702243.6674257	1
60740.94462725252	-165702243.6303689	1
60740.944727503054	-165702243.62322295	1
60740.9448275619	-165702243.61467743	1
60740.94492774279	-165702243.61490893	1
60740.945027908005	-165702243.58057815	1
60740.94512808641	-165702243.61361343	1
60740.9452282522	-165702243.63794756	1
60740.945328417234	-165702243.59563196	1
60740.9454285353	-165702243.58034748	1
60740.94552871718	-165702243.54394233	1
60740.94562890508	-165702243.54633987	1
60740.945729080326	-165702243.6185912	1
60740.94582917966	-165702243.5992828	1
60740.94592936503	-165702243.593651	1
60740.94602964695	-165702243.58323145	1
60740.94612969767	-165702243.63025582	1
60740.94622986354	-165702243.6047616	1
60740.94633006171	-165702243.5994168	1
60740.9464301816	-165702243.56273448	1
60740.946530355905	-165702243.5983706	1
60740.94663046302	-165702243.61230975	1
60740.946730662	-165702243.60265267	1
60740.94683084454	-165702243.60530984	1
60740.946930986735	-165702243.61624014	1
60740.947031149975	-165702243.61340976	1
60740.94713144908	-165702243.5849961	1
60740.9472315025	-165702243.6135983	1
60740.947331674564	-165702243.5951932	1
60740.947431852444	-165702243.5867061	1
60740.947531977625	-165702243.54716837	1
60740.94763217185	-165702243.58063102	1
60740.947732307075	-165702243.5666474	1
60740.947832452155	-165702243.5381807	1
60740.94793263038	-165702243.54645377	1
60740.94803284109	-165702243.54248446	1
60740.948257991586	-165702243.5995165	1
60740.94835823522	-165702243.65367568	1
60740.94845840477	-165702243.66972208	1
60740.948558598495	-165702243.64051235	1
60740.94865866218	-165702243.64628315	1
60740.94875888689	-165702243.63312602	1
60740.94885897638	-165702243.57829374	1
60740.94895918808	-165702243.65637386	1
60740.949059444254	-165702243.6027891	1
60740.949159546086	-165702243.60172635	1
60740.949259617555	-165702243.59434074	1
60740.94935990262	-165702243.60151416	1
60740.949459981406	-165702243.6091218	1
60740.94956023532	-165702243.5994208	1
60740.94966039967	-165702243.65585434	1
60740.94976051509	-165702243.665654	1
60740.949860700086	-165702243.70133275	1
60740.949960876256	-165702243.67369604	1
60740.9500610072	-165702243.6879661	1
60740.95016120469	-165702243.6633619	1
60740.95026132179	-165702243.6359614	1
60740.950361512085	-165702243.63473195	1
60740.95046167185	-165702243.60972208	1
60740.95056188084	-165702243.6074053	1
60740.950661972965	-165702243.6113575	1
60740.95076219379	-165702243.63271642	1
60740.9508623515	-165702243.6586169	1
60740.950962537216	-165702243.62082112	1
60740.951062752756	-165702243.65420038	1
60740.9511628176	-165702243.64687067	1
60740.951262968	-165702243.642281	1
60740.951363136475	-165702243.64225852	1
60740.951463364545	-165702243.6700797	1
60740.95156350357	-165702243.6673696	1
60740.95166360842	-165702243.64933717	1
60740.951763807716	-165702243.61072356	1
60740.95186401706	-165702243.60930175	1
60740.951964191394	-165702243.62227845	1
60740.95206430446	-165702243.62163043	1
60740.95216455819	-165702243.63579124	1
60740.952264661006	-165702243.65337408	1
60740.95236477986	-165702243.6058609	1
60740.952464970665	-165702243.6541769	1
60740.95256514916	-165702243.61130613	1
60740.95266532041	-165702243.5879261	1
60740.952765479946	-165702243.5878566	1
60740.95286559768	-165702243.59757525	1
60740.952965757526	-165702243.59692454	1
60740.95306594069	-165702243.59023196	1
60740.95316611676	-165702243.60863543	1
60740.9532663098	-165702243.6009776	1
60740.95336648775	-165702243.59173483	1
60740.95346654411	-165702243.57281864	1
60740.953566779215	-165702243.56961256	1
60740.95366692213	-165702243.5548513	1
60740.95376710317	-165702243.55547553	1
60740.95386726488	-165702243.5466243	1
60740.95396738965	-165702243.5581708	1
60740.954067581784	-165702243.54227138	1
60740.95416774607	-165702243.55466527	1
60740.9542679521	-165702243.556031	1
60740.95436807795	-165702243.57640767	1
60740.95446822814	-165702243.60215414	1
60740.95456835476	-165702243.62000316	1
60740.95466857654	-165702243.62747526	1
60740.95476875682	-165702243.61757767	1
60740.95486892753	-165702243.6057452	1
60740.95496904528	-165702243.61489892	1
60740.95506924068	-165702243.59548616	1
60740.955169432586	-165702243.5489365	1
60740.95526954718	-165702243.59159517	1
60740.95536969763	-165702243.61471796	1
60740.9554698872	-165702243.61332506	1
60740.95557009278	-165702243.57216787	1
60740.955670252806	-165702243.51523417	1
60740.955770403605	-165702243.5309447	1
60740.955870574544	-165702243.55981356	1
60740.955970686344	-165702243.5513909	1
60740.95607096088	-165702243.54853767	1
60740.95617104108	-165702243.5506463	1
60740.95627118957	-165702243.54107612	1
60740.95637136282	-165702243.57404923	1
60740.95647156605	-165702243.57383358	1
60740.95657165242	-165702243.55368024	1
60740.95667189693	-165702243.54557872	1
60740.95677203188	-165702243.55527055	1
60740.95687219143	-165702243.5719434	1
60740.95697231504	-165702243.52211994	1
60740.957072523444	-165702243.57641417	1
60740.95717267592	-165702243.57055008	1
60740.95727293945	-165702243.55528027	1
60740.95737309058	-165702243.52043468	1
60740.95747316725	-165702243.52885973	1
60740.95757341675	-165702243.54085743	1
60740.95767351281	-165702243.54415256	1
60740.9577736693	-165702243.52994597	1
60740.9578738964	-165702243.5500158	1
60740.95797402482	-165702243.54863954	1
60740.958074144	-165702243.57284445	1
60740.95817432545	-165702243.55932015	1
60740.95827444605	-165702243.5657124	1
60740.95837463324	-165702243.53594851	1
60740.95847479737	-165702243.60492003	1
60740.95857502322	-165702243.5770781	1
60740.9586752038	-165702243.52935988	1
60740.95877538471	-165702243.55435377	1
60740.95887546859	-165702243.550209	1
60740.95897563677	-165702243.5856216	1
60740.95907580578	-165702243.57265955	1
60740.959175959586	-165702243.5867836	1
60740.95927614024	-165702243.5794801	1
60740.959376380946	-165702243.5833652	1
60740.95947648823	-165702243.57679546	1
60740.959701951135	-165702243.606422	1
60740.959802160236	-165702243.60375518	1
60740.959902263785	-165702243.59001917	1
60740.9600024665	-165702243.5353366	1
60740.96010269801	-165702243.53351778	1
60740.96020284325	-165702243.56647933	1
60740.96030300668	-165702243.59894407	1
60740.96040314506	-165702243.57624108	1
60740.96050331405	-165702243.59963495	1
60740.960603385785	-165702243.6117804	1
60740.96070363738	-165702243.51890028	1
60740.960803715236	-165702243.51092303	1
60740.96090391727	-165702243.53071094	1
60740.96100407124	-165702243.51562214	1
60740.96110427181	-165702243.57875603	1
60740.9612044513	-165702243.545798	1
60740.96130458547	-165702243.5579251	1
60740.96140478003	-165702243.5863508	1
60740.96150490145	-165702243.51713628	1
60740.96160502265	-165702243.52042866	1
60740.961705214824	-165702243.56690633	1
60740.96180547459	-165702243.54285634	1
60740.961905614924	-165702243.5348711	1
60740.962005738256	-165702243.50695848	1
60740.96210590106	-165702243.55604494	1
60740.96220603932	-165702243.53770715	1
60740.96230618681	-165702243.53904718	1
60740.96240641794	-165702243.55659467	1
60740.96250654457	-165702243.56053722	1
60740.96260680482	-165702243.59026432	1
60740.96270697996	-165702243.57058322	1
60740.962807036274	-165702243.5713492	1
60740.96290723914	-165702243.60262394	1
60740.96300736632	-165702243.625184	1
60740.96310760047	-165702243.63571835	1
60740.96320773014	-165702243.62442285	1
60740.96330786663	-165702243.58895743	1
60740.96340804803	-165702243.59772485	1
60740.963508192115	-165702243.54445904	1
60740.963608357684	-165702243.6066764	1
60740.96370854583	-165702243.5933805	1
60740.96380868546	-165702243.57408905	1
60740.963908868136	-165702243.59272015	1
60740.964009114614	-165702243.5966007	1
60740.96410923097	-165702243.62471694	1
60740.96420944568	-165702243.58178663	1
60740.964309494426	-165702243.55543947	1
60740.96440967776	-165702243.5917669	1
60740.96450983094	-165702243.58010238	1
60740.964610014584	-165702243.5577923	1
60740.96471022592	-165702243.56571722	1
60740.9648103789	-165702243.58486694	1
60740.964910500385	-165702243.60425574	1
60740.96501069457	-165702243.5910911	1
60740.965110836565	-165702243.511342	1
60740.96521099121	-165702243.50473195	1
60740.96531114143	-165702243.52607232	1
60740.96541132886	-165702243.56562883	1
60740.96551153438	-165702243.56678468	1
60740.96561168615	-165702243.54146272	1
60740.96571180751	-165702243.5689224	1
60740.96581198965	-165702243.57637763	1
60740.96591218201	-165702243.57416153	1
60740.96601234866	-165702243.57127714	1
60740.966112536706	-165702243.5399459	1
60740.966212652245	-165702243.5563063	1
60740.966312783414	-165702243.54047567	1
60740.9664129926	-165702243.5658062	1
60740.96651317986	-165702243.5417905	1
60740.96661331934	-165702243.56704533	1
60740.96671347427	-165702243.54302442	1
60740.96681364401	-165702243.5661983	1
60740.96691378816	-165702243.55082887	1
60740.96701395237	-165702243.5211528	1
60740.96711411721	-165702243.53162712	1
60740.96721430328	-165702243.5380975	1
60740.96731445775	-165702243.5744593	1
60740.967414584	-165702243.56628442	1
60740.96751470901	-165702243.57067353	1
60740.96761497542	-165702243.5028494	1
60740.96771513418	-165702243.5291248	1
60740.96781530226	-165702243.56599534	1
60740.96791551556	-165702243.54366827	1
60740.96801554506	-165702243.60176957	1
60740.96811572877	-165702243.58213347	1
60740.96821588221	-165702243.58898884	1
60740.9683161033	-165702243.60586983	1
60740.968416244265	-165702243.58634448	1
60740.96851644555	-165702243.61373764	1
60740.9686165882	-165702243.62584406	1
60740.96871675472	-165702243.5822426	1
60740.96881690295	-165702243.59049022	1
60740.968917190396	-165702243.5524035	1
60740.96901725787	-165702243.56207204	1
60740.96911748746	-165702243.5588447	1
60740.96921756798	-165702243.5782236	1
60740.96931769532	-165702243.57652974	1
60740.96941795641	-165702243.59805858	1
60740.9695180786	-165702243.60046792	1
60740.96961825174	-165702243.56970936	1
60740.96971845226	-165702243.62329388	1
60740.96981850204	-165702243.60202092	1
60740.969918678704	-165702243.61740237	1
60740.970018914326	-165702243.54700023	1
60740.970119091304	-165702243.56200403	1
60740.97021923551	-165702243.5580132	1
60740.9703193492	-165702243.5691322	1
60740.97041953365	-165702243.54388893	1
60740.970519660594	-165702243.5401135	1
60740.97061991605	-165702243.55067873	1
60740.970720080004	-165702243.56997436	1
60740.9708202446	-165702243.54501474	1
60740.97092035657	-165702243.5565464	1
60740.97102063159	-165702243.53825623	1
60740.97112066827	-165702243.58272535	1
60740.97122088609	-165702243.58527005	1
60740.97132104791	-165702243.56519336	1
60740.97142115988	-165702243.5836807	1
60740.971521358406	-165702243.54763013	1
60740.971621494566	-165702243.59260643	1
60740.97172170891	-165702243.59223127	1
60740.971821889696	-165702243.56615335	1
60740.971921976474	-165702243.54848987	1
60740.97202217828	-165702243.58007658	1
60740.97212242802	-165702243.555171	1
60740.97222247769	-165702243.55223823	1
60740.972322661844	-165702243.59572178	1
60740.972422873776	-165702243.60102785	1
60740.972523021184	-165702243.5945841	1
60740.97262328261	-165702243.58845788	1
60740.972723409475	-165702243.56525415	1
60740.972823443335	-165702243.54153305	1
60740.97292365475	-165702243.56801677	1
60740.97302385992	-165702243.56229252	1
60740.97324907033	-165702243.5738116	1
60740.97334920079	-165702243.5566423	1
60740.973449413534	-165702243.5918507	1
60740.97354950949	-165702243.5665425	1
60740.97364977947	-165702243.55325705	1
60740.97374990393	-165702243.59746742	1
60740.973850061135	-165702243.56591946	1
60740.97395021829	-165702243.58665472	1
60740.97405044342	-165702243.5277977	1
60740.97415053484	-165702243.54188055	1
60740.97425072972	-165702243.48881555	1
60740.9743509386	-165702243.5337178	1
60740.97445105439	-165702243.53175098	1
60740.974551292515	-165702243.55756098	1
60740.97465141201	-165702243.49977124	1
60740.974751599664	-165702243.48076564	1
60740.974851774	-165702243.47977006	1
60740.97495187379	-165702243.51113343	1
60740.97505207674	-165702243.52946067	1
60740.97515216492	-165702243.53403378	1
60740.97525237311	-165702243.54455388	1
60740.97535268894	-165702243.5441044	1
60740.975452664454	-165702243.5818228	1
60740.97555283335	-165702243.58617842	1
60740.97565295178	-165702243.52911645	1
60740.97575324689	-165702243.5322312	1
60740.97585338778	-165702243.53473175	1
60740.97595352039	-165702243.55186975	1
60740.97605368929	-165702243.4992591	1
60740.9761538	-165702243.51256508	1
60740.976254054855	-165702243.5589512	1
60740.976354148515	-165702243.52757692	1
60740.97645433831	-165702243.524992	1
60740.97655449597	-165702243.52870846	1
60740.976654697326	-165702243.51713777	1
60740.97675480166	-165702243.48974615	1
60740.976855020825	-165702243.5171941	1
60740.976955165905	-165702243.49751985	1
60740.977055329604	-165702243.49310148	1
60740.977155521425	-165702243.49190706	1
60740.9772556994	-165702243.50773072	1
60740.97735591263	-165702243.47910672	1
60740.977456049884	-165702243.51603514	1
60740.977556196405	-165702243.5305438	1
60740.97765626384	-165702243.4761997	1
60740.97775648409	-165702243.52017325	1
60740.97785665192	-165702243.4947611	1
60740.97795685126	-165702243.5343687	1
60740.97805691436	-165702243.52583194	1
60740.97815721878	-165702243.4958653	1
60740.97825726983	-165702243.47110283	1
60740.97835739085	-165702243.50716847	1
60740.97845758951	-165702243.55352986	1
60740.9785577848	-165702243.5110702	1
60740.97865793045	-165702243.51282722	1
60740.978758073325	-165702243.52501005	1
60740.97885831044	-165702243.5098735	1
60740.97895855132	-165702243.4917096	1
60740.97905861077	-165702243.5008316	1
60740.97915879038	-165702243.5347306	1
60740.97925887285	-165702243.53392404	1
60740.979359154044	-165702243.5314564	1
60740.97945925859	-165702243.50445276	1
60740.97955942589	-165702243.52635932	1
60740.97965960538	-165702243.4805122	1
60740.97975980254	-165702243.53610772	1
60740.97985984118	-165702243.53853422	1
60740.97996006855	-165702243.55429447	1
60740.98006030092	-165702243.5348674	1
60740.98016035789	-165702243.5325442	1
60740.98026058399	-165702243.53699923	1
60740.980360700094	-165702243.48643357	1
60740.98046085833	-165702243.48600757	1
60740.98056102334	-165702243.52810252	1
60740.98066125509	-165702243.5073558	1
60740.98076140029	-165702243.52275777	1
60740.980861515665	-165702243.49825025	1
60740.98096167633	-165702243.4644702	1
60740.98106187113	-165702243.49544066	1
60740.98116206556	-165702243.52150178	1
60740.98126221172	-165702243.48878425	1
60740.9813624438	-165702243.44837534	1
60740.981462538424	-165702243.50000352	1
60740.981562701825	-165702243.52310765	1
60740.981662880426	-165702243.50066835	1
60740.981763010386	-165702243.48794103	1
60740.981863265115	-165702243.55130106	1
60740.98196335914	-165702243.50025183	1
60740.98206362172	-165702243.5073756	1
60740.982163676315	-165702243.51971108	1
60740.9822639117	-165702243.54891825	1
60740.98236404352	-165702243.51109022	1
60740.98246412517	-165702243.49756187	1
60740.98256432513	-165702243.4796517	1
60740.982664484494	-165702243.4442761	1
60740.98288974572	-165702243.51079333	1
60740.98298995488	-165702243.54385334	1
60740.98309016793	-165702243.5464813	1
60740.98319031382	-165702243.52156842	1
60740.98329050382	-165702243.52038705	1
60740.98339059125	-165702243.53858018	1
60740.98349070675	-165702243.53115064	1
60740.983590853044	-165702243.4671622	1
60740.98381617731	-165702243.42172617	1
60740.98391635699	-165702243.48617953	1
60740.984016438146	-165702243.49099904	1
60740.98411664306	-165702243.46384996	1
60740.9842168054	-165702243.43593907	1
60740.98431699226	-165702243.4615993	1
60740.984417196545	-165702243.4315979	1
60740.98451732419	-165702243.43358588	1
60740.984617404654	-165702243.4667729	1
60740.984717673964	-165702243.43536377	1
60740.984817783945	-165702243.4577334	1
60740.98491797018	-165702243.47620606	1
60740.985018151725	-165702243.42981178	1
60740.98511830914	-165702243.44304657	1
60740.98521844028	-165702243.441961	1
60740.98531864569	-165702243.4640262	1
60740.98541873797	-165702243.45482588	1
60740.985644037595	-165702243.4098856	1
60740.98574417373	-165702243.46288884	1
60740.98584431236	-165702243.4649909	1
60740.98594448311	-165702243.49263638	1
60740.98604470344	-165702243.48346788	1
60740.98614481646	-165702243.45186472	1
60740.98624505475	-165702243.45174676	1
60740.986345228026	-165702243.5021729	1
60740.986445305025	-165702243.46109313	1
60740.98654553956	-165702243.5119949	1
60740.98664559898	-165702243.5046041	1
60740.98674584537	-165702243.4977826	1
60740.986846017266	-165702243.4782111	1
60740.986946119054	-165702243.53230602	1
60740.98704626171	-165702243.52984852	1
60740.987146529966	-165702243.50789875	1
60740.98724669631	-165702243.48593986	1
60740.98734684399	-165702243.5194772	1
60740.98744689857	-165702243.4768728	1
60740.98754713977	-165702243.46999967	1
60740.9876472944	-165702243.5029794	1
60740.98774752933	-165702243.56482702	1
60740.98784762245	-165702243.53425294	1
60740.98794772438	-165702243.56641906	1
60740.98804796734	-165702243.55890238	1
60740.98814811068	-165702243.55483598	1
60740.98824833538	-165702243.52579445	1
60740.98834851321	-165702243.55784756	1
60740.98844865384	-165702243.52238995	1
60740.98854875909	-165702243.52802968	1
60740.98864897374	-165702243.53176028	1
60740.98874917174	-165702243.52092254	1
60740.98884923151	-165702243.5471521	1
60740.98894946708	-165702243.5408374	1
60740.98904965894	-165702243.5529667	1
60740.98914979686	-165702243.53151983	1
60740.98937511524	-165702243.57590026	1
60740.98947519097	-165702243.51927185	1
60740.98957530429	-165702243.49962878	1
60740.98967563862	-165702243.49426067	1
60740.98977570983	-165702243.4752015	1
60740.98987582956	-165702243.48568445	1
60740.98997601684	-165702243.51012385	1
60740.99007614021	-165702243.49226314	1
60740.99017638478	-165702243.52700692	1
60740.99027651433	-165702243.5054087	1
60740.990376717564	-165702243.48819464	1
60740.99047685629	-165702243.50773126	1
60740.99057697673	-165702243.52740318	1
60740.990677112306	-165702243.5095048	1
60740.99077734662	-165702243.50828695	1
60740.990877534736	-165702243.52005762	1
60740.990977684596	-165702243.53594774	1
60740.991077848565	-165702243.4885373	1
60740.99117795964	-165702243.49945915	1
60740.99127816691	-165702243.47415042	1
60740.99137827404	-165702243.47199947	1
60740.9914784263	-165702243.47612828	1
60740.991578620895	-165702243.47939664	1
60740.99167880895	-165702243.4869461	1
60740.991778974436	-165702243.48712647	1
60740.99187910824	-165702243.48145062	1
60740.99197923687	-165702243.49222785	1
60740.992079484924	-165702243.5337577	1
60740.992179647634	-165702243.5206977	1
60740.99227980588	-165702243.43393046	1
60740.99237992921	-165702243.46323568	1
60740.99248011072	-165702243.51373577	1
60740.99258021438	-165702243.49217165	1
60740.99268043767	-165702243.44770813	1
60740.992780623754	-165702243.45942485	1
60740.992880804566	-165702243.50881898	1
60740.9929809489	-165702243.50666434	1
60740.99308105717	-165702243.4873621	1
60740.99318125641	-165702243.46505523	1
60740.99328137125	-165702243.4660191	1
60740.99338161723	-165702243.46024156	1
60740.993481754056	-165702243.51878285	1
60740.99358190439	-165702243.52358383	1
60740.993682059976	-165702243.4724825	1
60740.99378219022	-165702243.53754872	1
60740.99388238389	-165702243.52248806	1
60740.99398256402	-165702243.51789236	1
60740.99408274185	-165702243.52112955	1
60740.994182954	-165702243.4845057	1
60740.99428298811	-165702243.47218144	1
60740.994383243065	-165702243.48596007	1
60740.994483338705	-165702243.4992444	1
60740.994583542044	-165702243.48651212	1
60740.99468373271	-165702243.4991156	1
60740.9947839056	-165702243.4945218	1
60740.9948840484	-165702243.43770367	1
60740.994984272416	-165702243.46893603	1
60740.99508444249	-165702243.49846053	1
60740.99518458287	-165702243.50735825	1
60740.99528469851	-165702243.49143296	1
60740.99538488768	-165702243.52933055	1
60740.995485049025	-165702243.5334509	1
60740.99558513996	-165702243.49996382	1
60740.995685347996	-165702243.5247327	1
60740.995785559084	-165702243.50755304	1
60740.99588568685	-165702243.47479832	1
60740.995985845766	-165702243.455433	1
60740.996086029285	-165702243.47315365	1
60740.99618615594	-165702243.50100356	1
60740.996286362475	-165702243.5229404	1
60740.99638655779	-165702243.51310724	1
60740.996486691816	-165702243.5215801	1
60740.996586819914	-165702243.50755876	1
60740.99668706358	-165702243.5174477	1
60740.9967871547	-165702243.54084718	1
60740.99688730916	-165702243.49741346	1
60740.99698750379	-165702243.45290434	1
60740.99708767812	-165702243.4809581	1
60740.99718789232	-165702243.47232246	1
60740.99728801541	-165702243.48833674	1
60740.997388205215	-165702243.49428487	1
60740.99748828986	-165702243.50181782	1
60740.99758850144	-165702243.49110228	1
60740.99768859308	-165702243.50410378	1
60740.99778885817	-165702243.44656986	1
60740.99788895121	-165702243.49457192	1
60740.99798911645	-165702243.46629584	1
60740.99808927	-165702243.43701178	1
60740.99818951334	-165702243.4257685	1
60740.998289698735	-165702243.42738503	1
60740.998389785855	-165702243.50511575	1
60740.99848997259	-165702243.45251858	1
60740.99859020829	-165702243.4520399	1
60740.99869036553	-165702243.47051764	1
60740.99879051197	-165702243.49201638	1
60740.998890578536	-165702243.46905988	1
60740.998990767635	-165702243.4458856	1
60740.999090914054	-165702243.4308772	1
60740.99919118194	-165702243.50304443	1
60740.99929133584	-165702243.49130958	1
60740.999391477584	-165702243.43586308	1
60740.99949156309	-165702243.46292377	1
60740.99959180684	-165702243.45775348	1
60740.99969203442	-165702243.48711163	1
60740.99979213551	-165702243.43887043	1
60740.99989219852	-165702243.4317072	1
60740.9999924759	-165702243.41946816	1
60741.000218053654	-165702243.436368	1
60741.00031816802	-165702243.48616832	1
60741.00041829096	-165702243.43141067	1
60741.00051847835	-165702243.42379683	1
60741.000618645856	-165702243.39901423	1
60741.00071877346	-165702243.41618317	1
60741.00081893872	-165702243.44348747	1
60741.00091911636	-165702243.43806183	1
60741.001019334064	-165702243.4321242	1
60741.00111944724	-165702243.4592883	1
60741.001219635036	-165702243.42548555	1
60741.00131977624	-165702243.39050078	1
60741.00141990461	-165702243.40305328	1
60741.00152005999	-165702243.43959314	1
60741.00162029925	-165702243.41835845	1
60741.00172040856	-165702243.4363836	1
60741.00182060918	-165702243.43560326	1
60741.00192075577	-165702243.46315408	1
60741.002020998174	-165702243.45886093	1
60741.00212118474	-165702243.4214043	1
60741.00222128528	-165702243.4464274	1
60741.002321406995	-165702243.43923575	1
60741.00242158607	-165702243.45220464	1
60741.002521742994	-165702243.4477892	1
60741.0026220435	-165702243.42026526	1
60741.00272207783	-165702243.4418766	1
60741.002822291885	-165702243.4318946	1
60741.00292238225	-165702243.44014156	1
60741.00302257565	-165702243.51188082	1
60741.00312279131	-165702243.4673717	1
60741.00322286197	-165702243.45990402	1
60741.00332303664	-165702243.47262067	1
60741.003423330854	-165702243.47485453	1
60741.00352344007	-165702243.50126398	1
60741.00362357972	-165702243.49912363	1
60741.003723759066	-165702243.50675642	1
60741.00382395014	-165702243.4810956	1
60741.003924057935	-165702243.50347215	1
60741.00402426152	-165702243.48773092	1
60741.00412439885	-165702243.46059418	1
60741.00434991096	-165702243.46354145	1
60741.00445005613	-165702243.4273783	1
60741.00455029955	-165702243.46223843	1
60741.00465037209	-165702243.49227583	1
60741.00475058104	-165702243.47048497	1
60741.004850740894	-165702243.46410924	1
60741.00495092469	-165702243.4787433	1
60741.00505102842	-165702243.46989638	1
60741.00515120761	-165702243.44367325	1
60741.005251367314	-165702243.46871817	1
60741.005351546024	-165702243.43846166	1
60741.00545167795	-165702243.43730962	1
60741.00555190482	-165702243.37981665	1
60741.005652029904	-165702243.39634293	1
60741.00575220615	-165702243.42621106	1
60741.005852314396	-165702243.41829234	1
60741.005952562045	-165702243.39838398	1
60741.006052656965	-165702243.42448014	1
60741.006152934446	-165702243.46614897	1
60741.00625304658	-165702243.4854384	1
60741.00647826879	-165702243.4182126	1
60741.006578437744	-165702243.44937688	1
60741.006678644706	-165702243.41546357	1
60741.00677876902	-165702243.39386845	1
60741.00687897747	-165702243.3781063	1
60741.0069791179	-165702243.40981632	1
60741.00707923066	-165702243.41502315	1
60741.00717944099	-165702243.37012976	1
60741.0072795941	-165702243.36625844	1
60741.00737978151	-165702243.39614165	1
60741.00760505903	-165702243.41526204	1
60741.00770516145	-165702243.41425097	1
60741.00780534365	-165702243.45865703	1
60741.00790544197	-165702243.42093474	1
60741.00800561257	-165702243.41020375	1
60741.008105787536	-165702243.42316502	1
60741.00820599319	-165702243.4485525	1
60741.00830615624	-165702243.39943856	1
60741.008406367226	-165702243.37283266	1
60741.00850650171	-165702243.39385396	1
60741.008606591095	-165702243.35473692	1
60741.00870680851	-165702243.41300875	1
60741.00880694339	-165702243.42871487	1
60741.00890719822	-165702243.44761664	1
60741.00900736755	-165702243.4457925	1
60741.00910754141	-165702243.43202996	1
60741.00920773698	-165702243.44015092	1
60741.009307805325	-165702243.4866054	1
60741.00940801869	-165702243.50573504	1
60741.009508070165	-165702243.42794234	1
60741.009608290835	-165702243.44263732	1
60741.00983349025	-165702243.4275279	1
60741.00993370325	-165702243.4201588	1
60741.010033831575	-165702243.40693158	1
60741.01013401545	-165702243.44630712	1
60741.01023418123	-165702243.41484034	1
60741.01033432053	-165702243.40007925	1
60741.0104344853	-165702243.47165602	1
60741.010534694295	-165702243.45637876	1
60741.01063485239	-165702243.47034883	1
60741.01073503363	-165702243.5229072	1
60741.010835122135	-165702243.49338472	1
60741.010935397	-165702243.48459607	1
60741.01103547428	-165702243.46102363	1
60741.01113560843	-165702243.41901964	1
60741.011235842	-165702243.47115058	1
60741.0113359636	-165702243.49790734	1
60741.011436140914	-165702243.49544054	1
60741.01153626372	-165702243.5088395	1
60741.01163647986	-165702243.5083719	1
60741.011736605855	-165702243.5001086	1
60741.011836796315	-165702243.52871215	1
60741.01206209819	-165702243.47019267	1
60741.012162213214	-165702243.4843306	1
60741.01226235175	-165702243.521429	1
60741.01236262025	-165702243.53692085	1
60741.012462685285	-165702243.54958576	1
60741.01256290362	-165702243.50128406	1
60741.012663034904	-165702243.50160974	1
60741.01276316788	-165702243.46569926	1
60741.01286338173	-165702243.49809247	1
60741.0129634861	-165702243.50261605	1
60741.01306364951	-165702243.5013585	1
60741.013163838055	-165702243.53525025	1
60741.01326403436	-165702243.46605474	1
60741.013364111386	-165702243.46649182	1
60741.01346437171	-165702243.42443597	1
60741.01356449432	-165702243.46529263	1
60741.01366469704	-165702243.42884922	1
60741.01376486931	-165702243.43281502	1
60741.01386506693	-165702243.4367177	1
60741.013965178616	-165702243.4773926	1
60741.01406526968	-165702243.4815843	1
60741.01416547517	-165702243.51275212	1
60741.0142656257	-165702243.4979506	1
60741.014365841664	-165702243.512393	1
60741.014466012246	-165702243.49075395	1
60741.01456611756	-165702243.47205663	1
60741.014666345254	-165702243.48357528	1
60741.01476645496	-165702243.51737142	1
60741.014866683734	-165702243.51673764	1
60741.01496680523	-165702243.5353694	1
60741.01506702044	-165702243.48588353	1
60741.01516714546	-165702243.51558608	1
60741.01526735651	-165702243.50048548	1
60741.015367471584	-165702243.52007347	1
60741.01546760208	-165702243.50132596	1
60741.01556780278	-165702243.5189668	1
60741.01566801387	-165702243.47526753	1
60741.015768149584	-165702243.49973392	1
60741.01586825941	-165702243.51483405	1
60741.01596846936	-165702243.43342495	1
60741.016068675344	-165702243.43266106	1
60741.01616879204	-165702243.44269288	1
60741.01626889442	-165702243.458677	1
60741.016369163386	-165702243.4660319	1
60741.01659465671	-165702243.43931854	1
60741.01669478504	-165702243.46088094	1
60741.016794962175	-165702243.455024	1
60741.01689507467	-165702243.47414428	1
60741.01699523717	-165702243.4567843	1
60741.01709543633	-165702243.4768669	1
60741.01719558534	-165702243.45008957	1
60741.017295749145	-165702243.46742713	1
60741.017395881456	-165702243.47089565	1
60741.0174961407	-165702243.4849764	1
60741.01759628291	-165702243.49030584	1
60741.01769639864	-165702243.47165883	1
60741.017796591026	-165702243.48046207	1
60741.01789685203	-165702243.43636453	1
60741.01799695135	-165702243.4634422	1
60741.01809707793	-165702243.45939755	1
60741.01819732875	-165702243.4562117	1
60741.01829740428	-165702243.50137126	1
60741.01839756885	-165702243.51871926	1
60741.01849779568	-165702243.47881967	1
60741.01859790619	-165702243.43466413	1
60741.018698116866	-165702243.45117176	1
60741.01892325417	-165702243.48828447	1
60741.019023428315	-165702243.50082237	1
60741.01912362781	-165702243.52375287	1
60741.019223769465	-165702243.52801305	1
60741.019323945504	-165702243.51378804	1
60741.01942416118	-165702243.52119428	1
60741.019524308766	-165702243.5104949	1
60741.01962448852	-165702243.48632157	1
60741.01972465605	-165702243.50372076	1
60741.019824779025	-165702243.50912178	1
60741.020050323445	-165702243.50473094	1
60741.02015054379	-165702243.46190935	1
60741.02025058264	-165702243.48037606	1
60741.02035076241	-165702243.48924375	1
60741.02045094427	-165702243.4513499	1
60741.02055110567	-165702243.4814394	1
60741.02065130173	-165702243.48734212	1
60741.020751460725	-165702243.4604972	1
60741.020851665584	-165702243.45748144	1
60741.02095177061	-165702243.5122887	1
