# Frequency shift file for JILA Sr1 
# for 20250116_clock_lock#0.
# Processed Thu Jan 16 18:21:59 2025 (MT) 
# by Alexander Aeppli(alexander.aeppli@colorado.edu), William Warfield(william.warfield@colorado.edu) 
# ******Applied Corrections******
# point by point corrections: 
#  - servo 
#  - second order zeeman 
#  - density shift 
# DC corrections: 
#  - lattice light 
#  - DC Stark 
#  - BBR 
#  - background gas 
#  - redshift to S1B60V1 
# Total sytematic error (frac.) = ~1e-17
# No MASER corrections have been applied
# To calculate the strontium frequency: 
# f_sr = (N/M)*f_light + f_shift[Hz] 
# where N = 1716882, M = 777577, 
# and f_light is the frequency of the light leaving JILA. 
#### Additional Notes #### 
# nan
t_mjd	f_shift [Hz]	IS_GOOD
60691.770363038086	-165702401.9378482	1
60691.77047008579	-165702401.95937806	1
60691.77057712398	-165702401.97248155	1
60691.77068421663	-165702401.94125152	1
60691.77079127452	-165702401.95022357	1
60691.77089830592	-165702401.9600318	1
60691.77100538812	-165702401.96295434	1
60691.771112495386	-165702401.93051904	1
60691.77121945515	-165702401.95717758	1
60691.7713265669	-165702401.98279655	1
60691.771433582966	-165702401.93016738	1
60691.77154068737	-165702401.95974684	1
60691.77164772981	-165702401.96394938	1
60691.77175477995	-165702401.92230773	1
60691.7718618624	-165702401.91948873	1
60691.771968888104	-165702401.90734547	1
60691.77207598905	-165702401.92822003	1
60691.77218304879	-165702401.93752956	1
60691.772290168126	-165702401.98522347	1
60691.77239722328	-165702401.9119898	1
60691.77250419156	-165702401.90903366	1
60691.772611327746	-165702401.92534596	1
60691.77271837103	-165702401.88312328	1
60691.77282537521	-165702401.94868368	1
60691.77293245198	-165702401.97695374	1
60691.77303955687	-165702401.95315003	1
60691.773146598534	-165702401.9386775	1
60691.77325363597	-165702401.92585784	1
60691.77336072221	-165702401.90318483	1
60691.77346781663	-165702401.8963132	1
60691.773574864084	-165702401.907481	1
60691.77368188751	-165702401.90225226	1
60691.773788967344	-165702401.889813	1
60691.7738960453	-165702401.8928898	1
60691.7740031332	-165702401.9138379	1
60691.77411015355	-165702401.9883163	1
60691.77421727558	-165702401.94678283	1
60691.77432426255	-165702401.94546205	1
60691.77443133506	-165702401.92350954	1
60691.77453839791	-165702401.93029445	1
60691.774645499056	-165702401.93449008	1
60691.7747525471	-165702401.94810832	1
60691.77485954411	-165702401.9581632	1
60691.77496669705	-165702401.92931187	1
60691.775073754055	-165702401.9593436	1
60691.77518083535	-165702401.9253255	1
60691.775287860684	-165702401.9488955	1
60691.775394895645	-165702401.99986625	1
60691.77550191963	-165702402.00828904	1
60691.77560907646	-165702401.98562402	1
60691.77571604791	-165702401.95500368	1
60691.77582313612	-165702401.98446864	1
60691.775930220836	-165702401.95120674	1
60691.776037248754	-165702401.93956453	1
60691.776144358744	-165702401.93532145	1
60691.77625145357	-165702401.943362	1
60691.7763584848	-165702401.92382288	1
60691.776465488474	-165702401.92249918	1
60691.776572598945	-165702401.92847097	1
60691.77667959184	-165702401.92950225	1
60691.77678671529	-165702401.97036618	1
60691.77689374187	-165702401.935098	1
60691.777000899354	-165702401.91103107	1
60691.77710785378	-165702401.92203218	1
60691.77721499716	-165702401.90187448	1
60691.77732196013	-165702401.91075337	1
60691.7774291104	-165702401.88217968	1
60691.77753614969	-165702401.90413332	1
60691.77764331869	-165702401.84131503	1
60691.78203273457	-165702401.87045777	1
60691.78213975973	-165702401.8760674	1
60691.78224693069	-165702401.86974484	1
60691.782353922914	-165702401.84803623	1
60691.78246107688	-165702401.82241166	1
60691.782568020906	-165702401.8583095	1
60691.78267505646	-165702401.84530216	1
60691.782782219896	-165702401.78639656	1
60691.78288923851	-165702401.8469742	1
60691.7829963097	-165702401.82464814	1
60691.78310333093	-165702401.84336692	1
60691.78321044683	-165702401.825534	1
60691.7833175265	-165702401.849626	1
60691.78342453591	-165702401.76536673	1
60691.78353155785	-165702401.80610156	1
60691.78363863222	-165702401.7987178	1
60691.78374572384	-165702401.8100984	1
60691.78385280707	-165702401.84165472	1
60691.78395984056	-165702401.85214674	1
60691.784066877284	-165702401.84994125	1
60691.78417407563	-165702401.84315455	1
60691.784281073866	-165702401.81536055	1
60691.78438807513	-165702401.89434505	1
60691.78449519114	-165702401.84487993	1
60691.78460225334	-165702401.83987474	1
60691.784709317006	-165702401.81106234	1
60691.78481636538	-165702401.84353292	1
60691.78492345457	-165702401.89143038	1
60691.785030504514	-165702401.84354752	1
60691.785137572566	-165702401.82460195	1
60691.7852445672	-165702401.81116128	1
60691.785351715225	-165702401.79518622	1
60691.7854587566	-165702401.79055578	1
60691.78556582086	-165702401.8046918	1
60691.78567280048	-165702401.80731177	1
60691.78577991079	-165702401.80874008	1
60691.785886975005	-165702401.83214462	1
60691.78599408199	-165702401.84179443	1
60691.78610113942	-165702401.8258915	1
60691.7862081702	-165702401.84034324	1
60691.78631526443	-165702401.81479466	1
60691.786422304285	-165702401.84261495	1
60691.78652929817	-165702401.81558383	1
60691.78663644412	-165702401.84808183	1
60691.786743426186	-165702401.85166353	1
60691.78685055192	-165702401.79594737	1
60691.78695764371	-165702401.832838	1
60691.78706473941	-165702401.83365458	1
60691.78717178002	-165702401.83400196	1
60691.787278787204	-165702401.8036397	1
60691.78738590529	-165702401.7940194	1
60691.787492898075	-165702401.77355194	1
60691.78759999313	-165702401.7835595	1
60691.78770701863	-165702401.7651767	1
60691.78781409536	-165702401.81148136	1
60691.787921140894	-165702401.80589336	1
60691.788028143375	-165702401.82002747	1
60691.78813529626	-165702401.8325302	1
60691.78824237347	-165702401.82237732	1
60691.78834940898	-165702401.86955714	1
60691.78845643879	-165702401.82603955	1
60691.78856350467	-165702401.83995074	1
60691.78867056903	-165702401.88157386	1
60691.788777639624	-165702401.8543172	1
60691.78888469789	-165702401.85593617	1
60691.7889917591	-165702401.8459131	1
60691.78909880673	-165702401.8353778	1
60691.789205889596	-165702401.82669997	1
60691.789312994304	-165702401.82407653	1
60691.78942001549	-165702401.82576072	1
60691.789527070585	-165702401.84983104	1
60691.78963416713	-165702401.83109403	1
60691.789741189634	-165702401.79620552	1
60691.789848268185	-165702401.80385435	1
60691.78995525432	-165702401.83905828	1
60691.7900623193	-165702401.87898368	1
60691.790169443746	-165702401.8497929	1
60691.79027647019	-165702401.8122278	1
60691.7903835161	-165702401.85139257	1
60691.79049062764	-165702401.83121586	1
60691.79059757744	-165702401.83790505	1
60691.79070470275	-165702401.86102855	1
60691.790811862156	-165702401.8279326	1
60691.79091886911	-165702401.82240194	1
60691.79102586864	-165702401.79583526	1
60691.79113294012	-165702401.8204736	1
60691.79124007023	-165702401.80946493	1
60691.79134719167	-165702401.8242696	1
60691.79145419838	-165702401.83384758	1
60691.791561300895	-165702401.8298204	1
60691.791668299724	-165702401.83750767	1
60691.79177532209	-165702401.80607367	1
60691.79188242311	-165702401.78856152	1
60691.79198954804	-165702401.7853797	1
60691.79209656123	-165702401.8157894	1
60691.79220367744	-165702401.81711876	1
60691.79231072671	-165702401.81338906	1
60691.79241771644	-165702401.78460163	1
60691.7925248713	-165702401.81909865	1
60691.79263191408	-165702401.8306799	1
60691.79273891807	-165702401.84140515	1
60691.79284606656	-165702401.8607161	1
60691.79295307686	-165702401.8527723	1
60691.79306011053	-165702401.87146425	1
60691.793167183154	-165702401.84898984	1
60691.793274268464	-165702401.83358854	1
60691.793381293675	-165702401.84348142	1
60691.79348832165	-165702401.8146057	1
60691.793595433	-165702401.86926353	1
60691.793702554154	-165702401.8727365	1
60691.79380958067	-165702401.85973173	1
60691.79391655018	-165702401.8834473	1
60691.79402367746	-165702401.85388112	1
60691.79413075893	-165702401.79588205	1
60691.79423786485	-165702401.8004284	1
60691.7943449029	-165702401.81006932	1
60691.7944520401	-165702401.8599617	1
60691.79455906291	-165702401.8230827	1
60691.794666050744	-165702401.81637836	1
60691.79477313847	-165702401.8398813	1
60691.794880261434	-165702401.83264422	1
60691.79498724419	-165702401.84930557	1
60691.79509429009	-165702401.83170104	1
60691.79520141033	-165702401.79941505	1
60691.79530833648	-165702401.8048243	1
60691.795415544104	-165702401.76589614	1
60691.79552253124	-165702401.8163547	1
60691.795629616434	-165702401.77099633	1
60691.79573666963	-165702401.7742929	1
60691.79584374512	-165702401.81685752	1
60691.79595080883	-165702401.81131727	1
60691.79605794439	-165702401.8097865	1
60691.79616499977	-165702401.80379224	1
60691.7964860965	-165702401.8094678	1
60691.79659317008	-165702401.79432446	1
60691.796700244035	-165702401.80686307	1
60691.796807308514	-165702401.76573753	1
60691.7969144059	-165702401.73617476	1
60691.79702140537	-165702401.8105501	1
60691.79712847265	-165702401.8340665	1
60691.79723554791	-165702401.8458429	1
60691.79734251558	-165702401.8862869	1
60691.7974496678	-165702401.8493623	1
60691.79755671767	-165702401.86688715	1
60691.79766383033	-165702401.87598974	1
60691.79777082278	-165702401.8257116	1
60691.7978779348	-165702401.84069246	1
60691.79798499563	-165702401.84655225	1
60691.798092068115	-165702401.85248697	1
60691.79819911991	-165702401.84305185	1
60691.79830621352	-165702401.84844148	1
60691.798413156226	-165702401.8508628	1
60691.79852029367	-165702401.81538588	1
60691.79862732877	-165702401.82152027	1
60691.79873435358	-165702401.82020926	1
60691.79884145703	-165702401.83842945	1
60691.79894854601	-165702401.8060351	1
60691.79905564237	-165702401.8203165	1
60691.79916269438	-165702401.77927607	1
60691.79926972447	-165702401.77991223	1
60691.799376785275	-165702401.79048872	1
60691.79948382355	-165702401.81116343	1
60691.79959092782	-165702401.75990665	1
60691.79969793831	-165702401.79046857	1
60691.79980505474	-165702401.80705285	1
60691.7999120375	-165702401.8073275	1
60691.80001917715	-165702401.78646934	1
60691.80012628108	-165702401.79444748	1
60691.80023332359	-165702401.77407384	1
60691.80034033696	-165702401.75501138	1
60691.800447412075	-165702401.77792346	1
60691.80055448958	-165702401.83092636	1
60691.800661477566	-165702401.84751326	1
60691.80076863507	-165702401.78939664	1
60691.800875616995	-165702401.81015915	1
60691.80098277897	-165702401.82938367	1
60691.80108981394	-165702401.80687922	1
60691.80119684974	-165702401.78024656	1
60691.801303905006	-165702401.79309696	1
60691.80141096414	-165702401.8059172	1
60691.80151799976	-165702401.8096388	1
60691.80162513054	-165702401.80725402	1
60691.80173212091	-165702401.80211562	1
60691.8018392818	-165702401.7957943	1
60691.80194628676	-165702401.6959296	1
60691.80205327659	-165702401.72989285	1
60691.80216038715	-165702401.79239637	1
60691.80226744855	-165702401.76957047	1
60691.802374486746	-165702401.77156156	1
60691.80248156424	-165702401.7719748	1
60691.80258868229	-165702401.778736	1
60691.802695679464	-165702401.74623233	1
60691.802802798025	-165702401.71649104	1
60691.80290982598	-165702401.74911803	1
60691.80301689138	-165702401.741749	1
60691.803123909536	-165702401.7241426	1
60691.80323111268	-165702401.74810314	1
60691.803338084035	-165702401.76671588	1
60691.80344513519	-165702401.7739566	1
60691.80355219551	-165702401.7578796	1
60691.80365926969	-165702401.7153141	1
60691.803766384546	-165702401.74041796	1
60691.80387338447	-165702401.70387506	1
60691.803980402736	-165702401.74004537	1
60691.804087510965	-165702401.7062968	1
60691.80419455704	-165702401.74214923	1
60691.80430162065	-165702401.70345676	1
60691.804408675125	-165702401.78154647	1
60691.80451575525	-165702401.73556536	1
60691.804622861964	-165702401.75303513	1
60691.804729865966	-165702401.72297496	1
60691.804836932904	-165702401.75247008	1
60691.804943994815	-165702401.74666363	1
60691.8050510819	-165702401.7466005	1
60691.80515809214	-165702401.74665672	1
60691.80526512684	-165702401.70775563	1
60691.80537223394	-165702401.74609822	1
60691.8054793582	-165702401.73859417	1
60691.80558638895	-165702401.7769372	1
60691.80569338979	-165702401.77367133	1
60691.805800447146	-165702401.747127	1
60691.80590760204	-165702401.75440377	1
60691.80601465165	-165702401.73930353	1
60691.80612167395	-165702401.76371282	1
60691.806228670954	-165702401.7362526	1
60691.80633575733	-165702401.77623683	1
60691.80644278078	-165702401.75359082	1
60691.80654994756	-165702401.72928733	1
60691.806657002155	-165702401.7566164	1
60691.80676407299	-165702401.7766958	1
60691.80687105257	-165702401.76729816	1
60691.80697821113	-165702401.76833975	1
60691.807085246604	-165702401.81726283	1
60691.80719230042	-165702401.77408785	1
60691.807299359505	-165702401.69320118	1
60691.80740645109	-165702401.70202488	1
60691.80751354334	-165702401.68304545	1
60691.80762054204	-165702401.70815212	1
60691.807727515676	-165702401.71572745	1
60691.80783466266	-165702401.70645124	1
60691.80794171195	-165702401.7132858	1
60691.808048807165	-165702401.72525752	1
60691.808155821054	-165702401.72116607	1
60691.80826296805	-165702401.7308414	1
60691.80837002182	-165702401.7158708	1
60691.8084769953	-165702401.70442563	1
60691.8085841358	-165702401.7108149	1
60691.80869112256	-165702401.65637982	1
60691.808798250066	-165702401.70109463	1
60691.808905223705	-165702401.6745652	1
60691.809012202204	-165702401.70360637	1
60691.809119276724	-165702401.71407938	1
60691.80922645931	-165702401.71681982	1
60691.80933347507	-165702401.76635283	1
60691.8094405696	-165702401.72839314	1
60691.80954764549	-165702401.68287474	1
60691.80965462583	-165702401.70813912	1
60691.80976171042	-165702401.69183642	1
60691.80986880649	-165702401.6871248	1
60691.809975876655	-165702401.66870296	1
60691.81008296452	-165702401.66451836	1
60691.81019004824	-165702401.6955666	1
60691.810297059885	-165702401.66849464	1
60691.81040415155	-165702401.66423738	1
60691.81051124677	-165702401.6926849	1
60691.810618274256	-165702401.73711985	1
60691.81072538134	-165702401.71426326	1
60691.81083240863	-165702401.71701163	1
60691.81093938304	-165702401.70879573	1
60691.81104658435	-165702401.70024902	1
60691.81115363184	-165702401.70726842	1
60691.811260668066	-165702401.71299398	1
60691.811367711714	-165702401.6717357	1
60691.81147476306	-165702401.71547353	1
60691.8115818483	-165702401.74545383	1
60691.81168885629	-165702401.74717498	1
60691.8117959209	-165702401.70845032	1
60691.81190296262	-165702401.7379101	1
60691.812010081965	-165702401.7695728	1
60691.81211708404	-165702401.72926277	1
60691.81222416983	-165702401.77137518	1
60691.81233123915	-165702401.73138416	1
60691.812438393725	-165702401.7484852	1
60691.812545364504	-165702401.7464472	1
60691.812652440254	-165702401.79220915	1
60691.8127595025	-165702401.76561975	1
60691.81329485305	-165702401.69453847	1
60691.81340193432	-165702401.70177603	1
60691.81350893397	-165702401.6862185	1
60691.813616021536	-165702401.67132378	1
60691.81372309031	-165702401.65922672	1
60691.813830226594	-165702401.6774053	1
60691.81393715348	-165702401.66352922	1
60691.81404428712	-165702401.6742785	1
60691.814151365645	-165702401.68259448	1
60691.81425842184	-165702401.6655727	1
60691.81436542908	-165702401.61914283	1
60691.81447251384	-165702401.63131654	1
60691.81457954125	-165702401.62484604	1
60691.814686641104	-165702401.63759172	1
60691.8147937274	-165702401.66145402	1
60691.814900727506	-165702401.64402002	1
60691.81500785034	-165702401.67946494	1
60691.81511490908	-165702401.72919875	1
60691.81522193087	-165702401.69735128	1
60691.815329021345	-165702401.6908443	1
60691.81543605647	-165702401.67943877	1
60691.81554315472	-165702401.67568028	1
60691.81565017997	-165702401.63620347	1
60691.81575730607	-165702401.67826176	1
60691.81586431047	-165702401.70972043	1
60691.81597142352	-165702401.71269232	1
60691.81607844184	-165702401.7057705	1
60691.81618554006	-165702401.75025547	1
60691.81629257203	-165702401.72043532	1
60691.81639959369	-165702401.74477822	1
60691.8165066807	-165702401.71897364	1
60691.8166137744	-165702401.72001344	1
60691.81672077842	-165702401.7237743	1
60691.81682783237	-165702401.73008305	1
60691.81693488683	-165702401.71376848	1
60691.81704198417	-165702401.69176072	1
60691.81714916327	-165702401.70467067	1
60691.81725609873	-165702401.6724525	1
60691.81736316807	-165702401.6944455	1
60691.817470260765	-165702401.70359588	1
60691.81757733717	-165702401.78987896	1
60691.81768440855	-165702401.7830605	1
60691.81779147502	-165702401.7552746	1
60691.81789847373	-165702401.74803603	1
60691.818005522415	-165702401.74013662	1
60691.81811263083	-165702401.74103612	1
60691.81821968835	-165702401.77109903	1
60691.81832675591	-165702401.77138853	1
60691.818433809334	-165702401.7558257	1
60691.81854083708	-165702401.7568738	1
60691.81864790906	-165702401.79674476	1
60691.81875498649	-165702401.75143212	1
60691.818862074026	-165702401.77299982	1
60691.81896916701	-165702401.81223786	1
60691.81907621369	-165702401.74662262	1
60691.81918329783	-165702401.75864846	1
60691.819290329535	-165702401.71060628	1
60691.81939743136	-165702401.74323517	1
60691.8195044568	-165702401.77517003	1
60691.81961142962	-165702401.75070727	1
60691.819718477804	-165702401.72364026	1
60691.819825586936	-165702401.72410327	1
60691.81993270739	-165702401.70506948	1
60691.8200396817	-165702401.6855917	1
60691.820146824255	-165702401.75086993	1
60691.82025391165	-165702401.7352051	1
60691.82036087635	-165702401.72837007	1
60691.82046792546	-165702401.7379433	1
60691.8205750367	-165702401.72734416	1
60691.82068215448	-165702401.73150754	1
60691.82078914282	-165702401.7497385	1
60691.82089622797	-165702401.7467798	1
60691.82100329671	-165702401.71645558	1
60691.82111030821	-165702401.71793902	1
60691.821217376426	-165702401.71046752	1
60691.821324458484	-165702401.6949101	1
60691.8214315905	-165702401.7198264	1
60691.82153860127	-165702401.67993242	1
60691.821645695134	-165702401.69829136	1
60691.821752726944	-165702401.69823068	1
60691.821859774194	-165702401.6706229	1
60691.82196686558	-165702401.69146067	1
60691.822073856805	-165702401.65348727	1
60691.8221809653	-165702401.68026364	1
60691.82228802798	-165702401.69538605	1
60691.82239506843	-165702401.7151121	1
60691.82250214999	-165702401.73965043	1
60691.822609167015	-165702401.72591352	1
60691.82271624588	-165702401.7244557	1
60691.822823348695	-165702401.7012295	1
60691.82293040487	-165702401.6990229	1
60691.82303749186	-165702401.65861708	1
60691.82314455087	-165702401.6430725	1
60691.82325167176	-165702401.6220382	1
60691.82335869777	-165702401.6861847	1
60691.82346574494	-165702401.68451446	1
60691.82357278413	-165702401.67447037	1
60691.8236798545	-165702401.70950097	1
60691.8237869102	-165702401.71663898	1
60691.823893952176	-165702401.65833074	1
60691.82400101388	-165702401.7098574	1
60691.824108118424	-165702401.6852882	1
60691.8242151892	-165702401.65322834	1
60691.82432222897	-165702401.6450408	1
60691.82442924448	-165702401.61999184	1
60691.82453633352	-165702401.63011253	1
60691.82464333111	-165702401.65445268	1
60691.82475050091	-165702401.63702786	1
60691.82485752035	-165702401.63025635	1
60691.82496457244	-165702401.66763896	1
60691.82507163234	-165702401.66130644	1
60691.82517871629	-165702401.62880212	1
60691.825285763894	-165702401.6519621	1
60691.82539273473	-165702401.6225617	1
60691.82549989882	-165702401.65955913	1
60691.82560704816	-165702401.6328938	1
60691.82571400848	-165702401.6716751	1
60691.82582107708	-165702401.6665188	1
60691.82592820595	-165702401.6689455	1
60691.82603520158	-165702401.66998804	1
60691.82614229984	-165702401.6754502	1
60691.82624937544	-165702401.62400657	1
60691.82635638888	-165702401.63770944	1
60691.82646346367	-165702401.643066	1
60691.82657048843	-165702401.60982144	1
60691.82667753568	-165702401.59843802	1
60691.82678459595	-165702401.62015843	1
60691.826891674784	-165702401.6330524	1
60691.82699875901	-165702401.6060878	1
60691.82710583412	-165702401.61390197	1
60691.827212898075	-165702401.63567895	1
60691.827319930155	-165702401.60290968	1
60691.827427013915	-165702401.64269567	1
60691.82753410051	-165702401.64970678	1
60691.82764111045	-165702401.63353837	1
60691.827748201125	-165702401.653197	1
60691.827855220654	-165702401.64665717	1
60691.827962342686	-165702401.6375153	1
60691.82806937733	-165702401.6517645	1
60691.828176432246	-165702401.61531168	1
60691.82828348346	-165702401.6146841	1
60691.82839048501	-165702401.65193892	1
60691.82849762979	-165702401.64421195	1
60691.82860461637	-165702401.65243173	1
60691.82871171146	-165702401.63453758	1
60691.82881881079	-165702401.63665783	1
60691.8289258391	-165702401.61644775	1
60691.829032878006	-165702401.61497217	1
60691.82913997164	-165702401.59912717	1
60691.82924705921	-165702401.59388465	1
60691.82935409253	-165702401.61331326	1
60691.82946122296	-165702401.582828	1
60691.82956821828	-165702401.59410214	1
60691.82967532284	-165702401.579089	1
60691.82978239366	-165702401.5730443	1
60691.829889347115	-165702401.60216463	1
60691.82999643372	-165702401.58832288	1
60691.830103487686	-165702401.60373038	1
60691.83021067093	-165702401.5952338	1
60691.83031767936	-165702401.59828258	1
60691.8304247335	-165702401.58881223	1
60691.830531832136	-165702401.5928411	1
60691.83063882435	-165702401.62885857	1
60691.8307459164	-165702401.6171912	1
60691.83085294834	-165702401.57236755	1
60691.83095995655	-165702401.58180457	1
60691.83106704201	-165702401.59326637	1
60691.83117422279	-165702401.53791708	1
60691.83128121321	-165702401.5863825	1
60691.83138822446	-165702401.5983436	1
60691.83149537025	-165702401.58104908	1
60691.83160244199	-165702401.5820055	1
60691.83170945999	-165702401.59480143	1
60691.83181651082	-165702401.5773208	1
60691.83192366202	-165702401.51735646	1
60691.83203069271	-165702401.58244622	1
60691.83213773052	-165702401.64090657	1
60691.83224474549	-165702401.61025476	1
60691.832351751946	-165702401.59922844	1
60691.832458906174	-165702401.6087715	1
60691.83256593698	-165702401.59984457	1
60691.832673062316	-165702401.62724793	1
60691.832780106204	-165702401.65419817	1
60691.832887130244	-165702401.62496293	1
60691.83299419284	-165702401.60762215	1
60691.833101267366	-165702401.5651192	1
60691.833208394775	-165702401.55793846	1
60691.833315363474	-165702401.59971017	1
60691.83342243296	-165702401.6170289	1
60691.83352953336	-165702401.5873726	1
60691.833636607225	-165702401.57000673	1
60691.83374366689	-165702401.5981294	1
60691.83385078376	-165702401.58839703	1
60691.833957803006	-165702401.58671343	1
60691.83406484705	-165702401.60081607	1
60691.83417188458	-165702401.6267647	1
60691.834279087176	-165702401.59172195	1
60691.83438601497	-165702401.57310975	1
60691.83449306143	-165702401.62157714	1
60691.834600152746	-165702401.60386026	1
60691.83470720166	-165702401.6417173	1
60691.83481423215	-165702401.67432755	1
60691.83492138496	-165702401.61164784	1
60691.83502843973	-165702401.63981384	1
60691.83513542603	-165702401.6377443	1
60691.83524250401	-165702401.58730346	1
60691.835349655834	-165702401.61234987	1
60691.835456651505	-165702401.58297807	1
60691.835563707195	-165702401.61440015	1
60691.83567073553	-165702401.6359291	1
60691.835777839566	-165702401.64905995	1
60691.83588492004	-165702401.60637915	1
60691.83599197815	-165702401.58150518	1
60691.83609898609	-165702401.5534436	1
60691.83620604592	-165702401.58935386	1
60691.836313106236	-165702401.58555657	1
60691.836420264415	-165702401.58444	1
60691.836527235326	-165702401.53287315	1
60691.836634378305	-165702401.53151292	1
60691.836741413106	-165702401.5719579	1
60691.836848400344	-165702401.56283927	1
60691.83695558469	-165702401.5322336	1
60691.83706259956	-165702401.5588798	1
60691.83716965924	-165702401.56223047	1
60691.83727669363	-165702401.54746628	1
60691.83738381288	-165702401.56729406	1
60691.83749082002	-165702401.57263535	1
60691.837597902464	-165702401.55893278	1
60691.83770505439	-165702401.55908096	1
60691.83781194742	-165702401.5765894	1
60691.8379190336	-165702401.57822716	1
60691.83802613679	-165702401.59275138	1
60691.83813323071	-165702401.5849458	1
60691.83824027183	-165702401.57350922	1
60691.8383472888	-165702401.5595804	1
60691.8384543424	-165702401.6003732	1
60691.83856141161	-165702401.55296475	1
60691.83866850778	-165702401.57998353	1
60691.838775608805	-165702401.54286492	1
60691.838882568954	-165702401.5502723	1
60691.83898970025	-165702401.54874468	1
60691.8390967815	-165702401.55667377	1
60691.83920382464	-165702401.56860292	1
60691.83931082693	-165702401.59647822	1
60691.83941798027	-165702401.5988649	1
60691.83952503845	-165702401.57920158	1
60691.83963203494	-165702401.56078237	1
60691.83973907992	-165702401.51901096	1
60691.839846185954	-165702401.55205822	1
60691.83995329936	-165702401.52979702	1
60691.84006033841	-165702401.54358423	1
60691.840167261355	-165702401.57006	1
60691.84027446018	-165702401.5424133	1
60691.84038148098	-165702401.57027406	1
60691.840488541246	-165702401.55379325	1
60691.840595695525	-165702401.61834455	1
60691.84070265113	-165702401.57861757	1
60691.8408097794	-165702401.6122988	1
60691.84091683792	-165702401.62044185	1
60691.841023890585	-165702401.62990665	1
60691.841131018504	-165702401.61607474	1
60691.841237954606	-165702401.62543166	1
60691.84134508179	-165702401.57614535	1
60691.841452107285	-165702401.57813525	1
60691.841559250155	-165702401.56732368	1
60691.84166624581	-165702401.61279416	1
60691.84177332889	-165702401.55679363	1
60691.841880351305	-165702401.59304702	1
60691.84198740049	-165702401.61097467	1
60691.84209452399	-165702401.5741188	1
60691.84220149489	-165702401.59645098	1
60691.842308626234	-165702401.59550095	1
60691.84241573175	-165702401.58442074	1
60691.84252281265	-165702401.57248008	1
60691.8426298424	-165702401.5362363	1
60691.842736869185	-165702401.57647657	1
60691.842843954495	-165702401.59342688	1
60691.84295101951	-165702401.62451655	1
60691.84305806187	-165702401.57027847	1
60691.843165102604	-165702401.53483033	1
60691.84327215732	-165702401.60765445	1
60691.84337925406	-165702401.58667982	1
60691.84348633754	-165702401.61475754	1
60691.84359333642	-165702401.59472078	1
60691.84370042602	-165702401.55975837	1
60691.84380743747	-165702401.61450154	1
60691.84391459761	-165702401.58827788	1
60691.84402157775	-165702401.55925035	1
60691.84412859954	-165702401.5688594	1
60691.84423564113	-165702401.58857137	1
60691.8443426705	-165702401.56309366	1
60691.844449838376	-165702401.54416203	1
60691.84455686928	-165702401.5545364	1
60691.844663927026	-165702401.52715027	1
60691.84477104558	-165702401.57154918	1
60691.84487813997	-165702401.55222744	1
60691.84498507166	-165702401.55226707	1
60691.84509213475	-165702401.5708506	1
60691.8451992173	-165702401.57272285	1
60691.84530630083	-165702401.53988034	1
60691.845413370414	-165702401.50238937	1
60691.84552049382	-165702401.52379018	1
60691.84562754181	-165702401.5634972	1
60691.84573454976	-165702401.57745302	1
60691.84584158601	-165702401.58725297	1
60691.845948721406	-165702401.56569815	1
60691.846055817	-165702401.59465462	1
60691.846162795475	-165702401.56869173	1
60691.84626986488	-165702401.4700402	1
60691.84637698012	-165702401.48809212	1
60691.846484004665	-165702401.49271357	1
60691.84659110513	-165702401.51612085	1
60691.84669820694	-165702401.54901648	1
60691.84680525594	-165702401.5224511	1
60691.84691222817	-165702401.53686422	1
60691.84701940766	-165702401.50747836	1
60691.84712639582	-165702401.49324042	1
60691.847233444736	-165702401.556256	1
60691.847340534085	-165702401.56754458	1
60691.847447610264	-165702401.51361525	1
60691.84755462547	-165702401.50900948	1
60691.84766162653	-165702401.50089204	1
60691.847768771135	-165702401.52353466	1
60691.84787582343	-165702401.54224056	1
60691.84798285702	-165702401.49031568	1
60691.84808988889	-165702401.56127268	1
60691.848196949795	-165702401.53964806	1
60691.848304131374	-165702401.53662676	1
60691.84841118311	-165702401.52170664	1
60691.84851815986	-165702401.5797009	1
60691.84862521555	-165702401.55158	1
60691.84873238484	-165702401.5030173	1
60691.848839416096	-165702401.49752408	1
60691.848946516744	-165702401.53563648	1
60691.84905346836	-165702401.51350075	1
60691.84916060698	-165702401.50052786	1
60691.84926757156	-165702401.51223266	1
60691.84937468349	-165702401.52470374	1
60691.84948180039	-165702401.57563043	1
60691.849588740704	-165702401.55795556	1
60691.84969585943	-165702401.56099075	1
60691.84980292672	-165702401.58297163	1
60691.84991001492	-165702401.54823184	1
60691.85001705132	-165702401.56114823	1
60691.85012417269	-165702401.52365845	1
60691.8502311873	-165702401.52163172	1
60691.85033827361	-165702401.51613516	1
60691.85044533594	-165702401.55113548	1
60691.850552352575	-165702401.51617205	1
60691.85065946866	-165702401.51969427	1
60691.8575113997	-165702401.51047254	1
60691.85761839712	-165702401.51402724	1
60691.85772555928	-165702401.49317348	1
60691.857832586196	-165702401.5265329	1
60691.85793968944	-165702401.4767627	1
60691.85804673409	-165702401.44590425	1
60691.858153674235	-165702401.46801	1
60691.858260875364	-165702401.4883451	1
60691.85836792052	-165702401.49109358	1
60691.85847494751	-165702401.4907592	1
60691.85858199731	-165702401.52786934	1
60691.85868904816	-165702401.51364797	1
60691.858796164306	-165702401.51124597	1
60691.85890321548	-165702401.52808893	1
60691.8590102584	-165702401.4831233	1
60691.85911733475	-165702401.47694802	1
60691.85922442636	-165702401.48691976	1
60691.85933146644	-165702401.51821423	1
60691.859438539206	-165702401.49446023	1
60691.859545597064	-165702401.46891725	1
60691.85965264222	-165702401.48636097	1
60691.859759662875	-165702401.47105914	1
60691.85986676188	-165702401.46915537	1
60691.85997375648	-165702401.4891153	1
60691.86008082965	-165702401.4762137	1
60691.86018795416	-165702401.53169614	1
60691.860294990845	-165702401.50209564	1
60691.86040203363	-165702401.5074646	1
60691.860509086495	-165702401.48449278	1
60691.86061617147	-165702401.4935456	1
60691.86072329087	-165702401.4971395	1
60691.860830360245	-165702401.48998362	1
60691.86093745293	-165702401.49139678	1
60691.86104442679	-165702401.47508246	1
60691.86115142265	-165702401.47812575	1
60691.8612585628	-165702401.50987703	1
60691.86136559114	-165702401.49528867	1
60691.86147262535	-165702401.51507944	1
60691.861579767065	-165702401.46638876	1
60691.86168682506	-165702401.5111354	1
60691.861793849734	-165702401.50128162	1
60691.86190110002	-165702401.51447517	1
60691.862007992124	-165702401.5338177	1
60691.862115018776	-165702401.5487162	1
60691.86222213162	-165702401.51774502	1
60691.862329227006	-165702401.53003997	1
60691.86243632846	-165702401.51288134	1
60691.86254330852	-165702401.53627282	1
60691.862650380164	-165702401.50832003	1
60691.86275741443	-165702401.50244373	1
60691.86286454144	-165702401.47602916	1
60691.862971599665	-165702401.47757357	1
60691.863078729155	-165702401.492922	1
60691.8631856917	-165702401.50632006	1
60691.86329273852	-165702401.51052976	1
60691.863399829876	-165702401.50819135	1
60691.86350683712	-165702401.49507344	1
60691.86361395946	-165702401.50117594	1
60691.86372105886	-165702401.51790738	1
60691.86382804449	-165702401.49908286	1
60691.86393508524	-165702401.48079604	1
60691.864042157016	-165702401.4463961	1
60691.86414922583	-165702401.4683513	1
60691.864256289395	-165702401.47844976	1
60691.864363320274	-165702401.477543	1
60691.86447047035	-165702401.4848408	1
60691.864577490735	-165702401.4943756	1
60691.86468454626	-165702401.4491899	1
60691.86479162368	-165702401.49604034	1
60691.86489862608	-165702401.4566099	1
60691.86500570522	-165702401.4472133	1
60691.8651128171	-165702401.469868	1
60691.86521982717	-165702401.4742822	1
60691.86532696409	-165702401.49724078	1
60691.86543394797	-165702401.48279196	1
60691.86554106507	-165702401.49543405	1
60691.86564811495	-165702401.4744252	1
60691.865755209874	-165702401.51810938	1
60691.86586220685	-165702401.45703197	1
60691.86596926913	-165702401.48410535	1
60691.8660763993	-165702401.50871664	1
60691.866183499296	-165702401.50045377	1
60691.86629053564	-165702401.45857877	1
60691.86639754278	-165702401.47850174	1
60691.866504643316	-165702401.4684614	1
60691.86661162151	-165702401.4724238	1
60691.866718724414	-165702401.44749755	1
60691.86682581035	-165702401.42443484	1
60691.86693284063	-165702401.4268474	1
60691.867039878976	-165702401.43095672	1
60691.867146938996	-165702401.41458315	1
60691.86725394874	-165702401.40731287	1
60691.867361120116	-165702401.44100374	1
60691.86746815201	-165702401.4536125	1
60691.8675752404	-165702401.4490893	1
60691.86768223986	-165702401.42812842	1
60691.86778936199	-165702401.41486704	1
60691.867896348915	-165702401.43819773	1
60691.86800351238	-165702401.45771402	1
60691.86811056463	-165702401.45846814	1
60691.8682175397	-165702401.4588024	1
60691.86832467591	-165702401.47866064	1
60691.86843166093	-165702401.48273242	1
60691.868538792856	-165702401.44481134	1
60691.86864581171	-165702401.43536156	1
60691.86875287105	-165702401.4748844	1
60691.86886007717	-165702401.4907261	1
60691.868967002716	-165702401.46705866	1
60691.86907404018	-165702401.49085772	1
60691.86918114336	-165702401.5087992	1
60691.86928824121	-165702401.50585628	1
60691.869395246875	-165702401.53774887	1
60691.86950235441	-165702401.52740914	1
60691.86960940271	-165702401.51729703	1
60691.8697164731	-165702401.4537636	1
60691.869823512774	-165702401.45859164	1
60691.869930528745	-165702401.4808218	1
60691.87003771107	-165702401.4918561	1
60691.87014468401	-165702401.52586573	1
60691.87025179386	-165702401.49583262	1
60691.87035886102	-165702401.49414104	1
60691.87046582472	-165702401.5461753	1
60691.87057289355	-165702401.54931486	1
60691.87068007149	-165702401.54011554	1
60691.87078703257	-165702401.5078305	1
60691.870894131585	-165702401.49661142	1
60691.87100123143	-165702401.4994325	1
60691.87110826637	-165702401.49020427	1
60691.87121532487	-165702401.47211093	1
60691.87132235857	-165702401.4748032	1
60691.87142947671	-165702401.4671628	1
60691.87153649294	-165702401.46831048	1
60691.87164351782	-165702401.4238615	1
60691.87175066725	-165702401.4367569	1
60691.871857689206	-165702401.4527381	1
60691.87196473324	-165702401.46917886	1
60691.87207182208	-165702401.44721025	1
60691.87217885213	-165702401.4545496	1
60691.87228594211	-165702401.43896967	1
60691.872392988895	-165702401.45921367	1
60691.872500005185	-165702401.4619509	1
60691.872607123325	-165702401.4484328	1
60691.87271422507	-165702401.4164772	1
60691.872821259545	-165702401.4359045	1
60691.87292833244	-165702401.43289465	1
60691.873035440214	-165702401.46438354	1
60691.87314245251	-165702401.41141242	1
60691.87324948493	-165702401.4428873	1
60691.87335655304	-165702401.49950635	1
60691.87346358011	-165702401.48219466	1
60691.87357072188	-165702401.48386484	1
60691.87367772794	-165702401.47550339	1
60691.873784782016	-165702401.45134318	1
60691.873891837015	-165702401.44174474	1
60691.87399889474	-165702401.42843318	1
60691.87410603292	-165702401.46023864	1
60691.87421309155	-165702401.47660667	1
60691.87432015753	-165702401.4689597	1
60691.87442716989	-165702401.4378062	1
60691.87453430847	-165702401.4508838	1
60691.874641336726	-165702401.49920952	1
60691.87474832389	-165702401.4556135	1
60691.87485538657	-165702401.4478408	1
60691.87496248234	-165702401.4503098	1
60691.87506955959	-165702401.50307876	1
60691.87517666579	-165702401.4655069	1
60691.87528373521	-165702401.43112803	1
60691.875390764515	-165702401.43510264	1
60691.87549780902	-165702401.41113836	1
60691.87560488086	-165702401.42918098	1
60691.87571191014	-165702401.44988394	1
60691.875818976456	-165702401.46711183	1
60691.87592597995	-165702401.42325062	1
60691.876033054694	-165702401.43867815	1
60691.87614021359	-165702401.44794285	1
60691.876247193286	-165702401.43289775	1
60691.87635438178	-165702401.46447217	1
60691.87646142842	-165702401.44878006	1
60691.87656835194	-165702401.4564507	1
60691.87667545061	-165702401.44927257	1
60691.87678253682	-165702401.49049747	1
60691.87688958871	-165702401.4869408	1
60691.87699667569	-165702401.52156126	1
60691.87710377711	-165702401.50539654	1
60691.87721073976	-165702401.51641637	1
60691.87731783937	-165702401.5158744	1
60691.87742488899	-165702401.49729884	1
60691.877532081344	-165702401.469701	1
60691.877639032136	-165702401.47527575	1
60691.8777460798	-165702401.4964193	1
60691.87785312147	-165702401.45768237	1
60691.877960088845	-165702401.4510668	1
60691.87806721867	-165702401.42833334	1
60691.87817417389	-165702401.41836745	1
60691.878281345606	-165702401.44896758	1
60691.87838833713	-165702401.49262804	1
60691.878495441764	-165702401.4588716	1
60691.87860244504	-165702401.49657708	1
60691.87870955665	-165702401.51248586	1
60691.878816563294	-165702401.54195672	1
60691.87935191345	-165702401.44981426	1
60691.87945899312	-165702401.4612456	1
60691.87956600895	-165702401.44831115	1
60691.87967306418	-165702401.4995498	1
60691.87978023158	-165702401.4469726	1
60691.87988735019	-165702401.45970058	1
60691.87999447562	-165702401.44416535	1
60691.88010150648	-165702401.43900865	1
60691.88020847932	-165702401.4250191	1
60691.88031561987	-165702401.45192814	1
60691.88042269233	-165702401.45081866	1
60691.880529723436	-165702401.4504125	1
60691.88063680397	-165702401.41678864	1
60691.880743879956	-165702401.4385836	1
60691.88085086034	-165702401.43480694	1
60691.88267091762	-165702401.4228533	1
60691.88299207041	-165702401.42009622	1
60691.8830992377	-165702401.4110399	1
60691.88320621624	-165702401.40826166	1
60691.88331338607	-165702401.42760134	1
60691.8834203449	-165702401.4037063	1
60691.88352735807	-165702401.40008104	1
60691.883634466234	-165702401.44828904	1
60691.883741587255	-165702401.43373394	1
60691.883848585065	-165702401.41196746	1
60691.883955705125	-165702401.43728882	1
60691.884062757934	-165702401.43497914	1
60691.88416981922	-165702401.4508494	1
60691.884276849974	-165702401.42193508	1
60691.88438390741	-165702401.416373	1
60691.884490968245	-165702401.379767	1
60691.88459804752	-165702401.37567455	1
60691.88470510726	-165702401.42048097	1
60691.8848122157	-165702401.42486924	1
60691.88491929137	-165702401.397492	1
60691.885026288626	-165702401.36568272	1
60691.88513339559	-165702401.3961259	1
60691.88524044273	-165702401.38935548	1
60691.88534751871	-165702401.39789075	1
60691.8854545618	-165702401.4192235	1
60691.88556159068	-165702401.39548886	1
60691.885668690964	-165702401.38124484	1
60691.88577568878	-165702401.38390064	1
60691.88588280811	-165702401.43078893	1
60691.88598989993	-165702401.44885272	1
60691.88609695571	-165702401.432787	1
60691.88620398033	-165702401.41782528	1
60691.88631105632	-165702401.42042625	1
60691.88641811498	-165702401.41339564	1
60691.89027240696	-165702401.4227757	1
60691.890379384	-165702401.36458737	1
60691.89048640137	-165702401.380328	1
60691.89059354982	-165702401.37495822	1
60691.89070059536	-165702401.39796543	1
60691.890807651616	-165702401.43617332	1
60691.89091473941	-165702401.4121526	1
60691.89102178351	-165702401.37950033	1
60691.89112876891	-165702401.40500277	1
60691.89123593343	-165702401.41958618	1
60691.8913429669	-165702401.43024296	1
60691.89144999618	-165702401.44505543	1
60691.89155705143	-165702401.43327534	1
60691.89166418616	-165702401.4380688	1
60691.89177122766	-165702401.42070693	1
60691.89187828497	-165702401.44243097	1
60691.89198532046	-165702401.4715405	1
60691.89209236308	-165702401.46223855	1
60691.89219944286	-165702401.42104012	1
60691.892306572234	-165702401.41167283	1
60691.89241356785	-165702401.41167963	1
60691.89252066398	-165702401.42331254	1
60691.89262777332	-165702401.43891102	1
60691.89273479637	-165702401.45170742	1
60691.89284185479	-165702401.45016164	1
60691.89294881785	-165702401.4284981	1
60691.893055909124	-165702401.42256707	1
60691.89316302993	-165702401.41790837	1
60691.89327008105	-165702401.37736517	1
60691.893377133376	-165702401.4401877	1
60691.8934841573	-165702401.41914797	1
60691.89359122412	-165702401.4287784	1
60691.89369833511	-165702401.40887088	1
60691.89380545299	-165702401.36615556	1
60691.89391244047	-165702401.39370912	1
60691.89401951692	-165702401.32411283	1
60691.89412652464	-165702401.34944445	1
60691.8942336391	-165702401.35785645	1
60691.89434072852	-165702401.36081523	1
60691.89444768956	-165702401.39669782	1
60691.89455485703	-165702401.3864692	1
60691.89466185095	-165702401.39395338	1
60691.894768909675	-165702401.4070599	1
60691.89487596943	-165702401.43255365	1
60691.89498306253	-165702401.41307253	1
60691.89509020651	-165702401.42759645	1
60691.89519717252	-165702401.44178724	1
60691.89530422425	-165702401.4364419	1
60691.89541131411	-165702401.41592532	1
60691.89551838135	-165702401.3841446	1
60691.89562544322	-165702401.37901634	1
60691.89573250675	-165702401.38200063	1
60691.895839625024	-165702401.3819682	1
60691.895946662364	-165702401.370471	1
60691.89605362587	-165702401.3965159	1
60691.896160687276	-165702401.34733307	1
60691.89626782232	-165702401.35695076	1
60691.8963748843	-165702401.36482894	1
60691.896481938325	-165702401.3745154	1
60691.89658903032	-165702401.34990013	1
60691.8966959898	-165702401.34619218	1
60691.89680308782	-165702401.35050738	1
60691.896910151496	-165702401.35702676	1
60691.897017202646	-165702401.40745574	1
60691.89712428231	-165702401.39465588	1
60691.897231329	-165702401.4375263	1
60691.8973384531	-165702401.41173065	1
60691.89744551885	-165702401.39536744	1
60691.89755255852	-165702401.36099994	1
60691.897659617134	-165702401.3374961	1
60691.8977666476	-165702401.34686643	1
60691.89787370506	-165702401.41158766	1
60691.897980746064	-165702401.44398224	1
60691.89808784204	-165702401.46325988	1
60691.89819486026	-165702401.3780341	1
60691.89830198933	-165702401.3532508	1
60691.89840908687	-165702401.3339997	1
60691.898516117304	-165702401.35057664	1
60691.898623126304	-165702401.3567596	1
60691.89873022305	-165702401.32574052	1
60691.898837203844	-165702401.3169613	1
60691.89894427079	-165702401.32191265	1
60691.89905135433	-165702401.32516694	1
60691.90044330359	-165702401.37713492	1
60691.90055035998	-165702401.3440972	1
60691.90065738986	-165702401.35078877	1
60691.90076438257	-165702401.33619112	1
60691.90087142358	-165702401.3783396	1
60691.900978495665	-165702401.3323189	1
60691.90108561027	-165702401.36513346	1
60691.90119265742	-165702401.34941047	1
60691.901299723686	-165702401.36068887	1
60691.90140681147	-165702401.39874303	1
60691.90151386734	-165702401.36553204	1
60691.901620915996	-165702401.3933831	1
60691.901727881894	-165702401.38898307	1
60691.90183504569	-165702401.37159342	1
60691.90194205294	-165702401.34607905	1
60691.90204914987	-165702401.3812223	1
60691.90215617201	-165702401.33636498	1
60691.9022632477	-165702401.3651687	1
60691.902370339834	-165702401.32794797	1
60691.90247746226	-165702401.38784128	1
60691.90258451423	-165702401.33389568	1
60691.90269151872	-165702401.3725152	1
60691.902798567775	-165702401.3622471	1
60691.90290557183	-165702401.33203012	1
60691.90301273729	-165702401.3344279	1
60691.90311977955	-165702401.34886175	1
60691.9032267945	-165702401.3677264	1
60691.903333871865	-165702401.35324538	1
60691.90344093141	-165702401.32212007	1
60691.90354798296	-165702401.34854805	1
60691.90365508659	-165702401.37535048	1
60691.90376209801	-165702401.36376518	1
60691.903869231086	-165702401.37992632	1
60691.90397623033	-165702401.33128554	1
60691.904083276975	-165702401.32427442	1
60691.904190434245	-165702401.32130373	1
60691.90429747677	-165702401.32739842	1
60691.90440451034	-165702401.31863457	1
60691.904511518296	-165702401.3084523	1
60691.90461862937	-165702401.34869134	1
60691.904725595494	-165702401.32198507	1
60691.904832631684	-165702401.32674253	1
60691.90493975997	-165702401.30068094	1
60691.90504682281	-165702401.311229	1
60691.90515379934	-165702401.3133471	1
60691.9052608721	-165702401.29196173	1
60691.9053680588	-165702401.29095984	1
60691.905475136395	-165702401.29193503	1
60691.90558222143	-165702401.280667	1
60691.90568923034	-165702401.30054086	1
60691.905796410094	-165702401.3591078	1
60691.90590337174	-165702401.38086325	1
60691.906010421044	-165702401.30106688	1
60691.90611751719	-165702401.2957487	1
60691.90622458155	-165702401.31802386	1
60691.906331584476	-165702401.3689729	1
60691.90643870626	-165702401.34541142	1
60691.90654573912	-165702401.32101625	1
60691.90678667167	-165702401.3038206	1
60691.90689371478	-165702401.27926856	1
60691.907000706036	-165702401.30620223	1
60691.90710781052	-165702401.33955693	1
60691.90721490783	-165702401.3287664	1
60691.90732191986	-165702401.33870572	1
60691.90742896765	-165702401.30778664	1
60691.907536090504	-165702401.2978018	1
60691.90764313817	-165702401.28362304	1
60691.90775023022	-165702401.29186898	1
60691.907857272236	-165702401.30487478	1
60691.90796439283	-165702401.322075	1
60691.908071414015	-165702401.34646648	1
60691.908178464546	-165702401.32201737	1
60691.90828548579	-165702401.32362688	1
60691.90839253872	-165702401.3912328	1
60691.90849959043	-165702401.34042746	1
60691.90860670701	-165702401.36954302	1
60691.90871374723	-165702401.33364862	1
60691.90882085402	-165702401.32354552	1
60691.90892788766	-165702401.2939551	1
60691.90903491721	-165702401.32471144	1
60691.90914198501	-165702401.3078496	1
60691.909248963915	-165702401.3483137	1
60691.909356095784	-165702401.3282112	1
60691.90946322038	-165702401.34730846	1
60691.90957028077	-165702401.32326108	1
60691.909677354386	-165702401.32383764	1
60691.909784315445	-165702401.3532189	1
60691.90989143136	-165702401.34171975	1
60691.90999842974	-165702401.40903664	1
60691.91010549228	-165702401.3663019	1
60691.910212546616	-165702401.34093285	1
60691.910319632734	-165702401.35254353	1
60691.910560577955	-165702401.29755497	1
60691.910667588425	-165702401.26588333	1
60691.91077465876	-165702401.286847	1
60691.91088174667	-165702401.29564005	1
60691.91098885755	-165702401.28539973	1
60691.91109583657	-165702401.26877064	1
60691.911203015596	-165702401.2614714	1
60691.91131005195	-165702401.31430078	1
60691.91141705115	-165702401.3479278	1
60691.91152408926	-165702401.32761592	1
60691.91163117585	-165702401.31388378	1
60691.911738300856	-165702401.31875813	1
60691.9118452957	-165702401.26786113	1
60691.91195238242	-165702401.29396397	1
60691.91205939002	-165702401.31013656	1
60691.9121664728	-165702401.30731034	1
60691.912273602706	-165702401.32003546	1
60691.912380582035	-165702401.28327155	1
60691.91248761312	-165702401.31696755	1
60691.912594780864	-165702401.28157812	1
60691.91270178721	-165702401.30816436	1
60691.91280887041	-165702401.3321358	1
60691.9129160075	-165702401.27157307	1
60691.913023073146	-165702401.2916199	1
60691.91313003535	-165702401.30115288	1
60691.91323708934	-165702401.35188037	1
60691.91334416912	-165702401.3062712	1
60691.91345116	-165702401.3282482	1
60691.91355833163	-165702401.33476454	1
60691.913665371554	-165702401.31647497	1
60691.91377237444	-165702401.32839406	1
60691.9138794557	-165702401.3087635	1
60691.91398650684	-165702401.31185657	1
60691.91409357915	-165702401.29639614	1
60691.914200645646	-165702401.31170398	1
60691.914307679195	-165702401.32006973	1
60691.91441478579	-165702401.31169224	1
60691.91452179629	-165702401.2912668	1
60691.914628932886	-165702401.3253528	1
60691.91473599505	-165702401.3499334	1
60691.91484299821	-165702401.35603434	1
60691.91495009241	-165702401.32476366	1
60691.91505717948	-165702401.29449123	1
60691.91516419671	-165702401.33035386	1
60691.91527131016	-165702401.33884418	1
60691.91537832565	-165702401.2984903	1
60691.91548538447	-165702401.28200763	1
60691.91559244121	-165702401.33583504	1
60691.91569951002	-165702401.3470915	1
60691.91580657844	-165702401.32614923	1
60691.915913616416	-165702401.33433807	1
60691.916020762364	-165702401.33268297	1
60691.91612778989	-165702401.3226958	1
60691.91623477527	-165702401.29904437	1
60691.916341930126	-165702401.29626447	1
60691.91644900186	-165702401.32346773	1
60691.91655597407	-165702401.3110177	1
60691.91666304858	-165702401.33861572	1
60691.91677010055	-165702401.31733805	1
60691.91687715075	-165702401.33737016	1
60691.916984173295	-165702401.31899095	1
60691.9170912812	-165702401.3121904	1
60691.91719828391	-165702401.2792459	1
60691.917305369265	-165702401.32288253	1
60691.91741239383	-165702401.28442818	1
60691.917519473194	-165702401.33041662	1
60691.917626504066	-165702401.3101914	1
60691.91773356566	-165702401.29936743	1
60691.91784062982	-165702401.31771606	1
60691.91794770462	-165702401.32363987	1
60691.91805476814	-165702401.30197918	1
60691.91816181262	-165702401.30592126	1
60691.91826889641	-165702401.31385648	1
60691.918375952264	-165702401.26450467	1
60691.91848299802	-165702401.28703344	1
60691.918590126945	-165702401.2990769	1
60691.91869711609	-165702401.26307046	1
60691.91880419354	-165702401.27240825	1
60691.918911248285	-165702401.21464026	1
60691.919018336645	-165702401.22425693	1
60691.91912547666	-165702401.25296855	1
60691.919232418484	-165702401.2644086	1
60691.91933949657	-165702401.2723037	1
60691.91944664359	-165702401.27757078	1
60691.91955356604	-165702401.28622907	1
60691.91966073491	-165702401.27841264	1
60691.91976790476	-165702401.2767763	1
60691.919874979045	-165702401.24425638	1
60691.9199819889	-165702401.23693746	1
60691.92008900139	-165702401.22549236	1
60691.92019605068	-165702401.21440434	1
60691.92030314392	-165702401.2292577	1
60691.92041010077	-165702401.23089015	1
60691.92051714206	-165702401.2322042	1
60691.920624242724	-165702401.2289732	1
60691.9207313306	-165702401.2510277	1
60691.92083835939	-165702401.25165743	1
60691.92094544517	-165702401.21085858	1
60691.921052523154	-165702401.2271998	1
60691.92115957347	-165702401.2137745	1
60691.92126659067	-165702401.2277776	1
60691.9213737258	-165702401.2424994	1
60691.921480754034	-165702401.25689483	1
60691.92158779496	-165702401.23800558	1
60691.92169491337	-165702401.2551446	1
60691.921935774015	-165702401.2640376	1
60691.9220428119	-165702401.2767948	1
60691.922149863814	-165702401.26151574	1
60691.92225690043	-165702401.2534908	1
60691.922364000646	-165702401.2551018	1
60691.92247108228	-165702401.23724174	1
60691.92257807893	-165702401.23170614	1
60691.922685262645	-165702401.24287623	1
60691.92279223186	-165702401.214015	1
60691.92289937965	-165702401.23729956	1
60691.92300637179	-165702401.2264905	1
60691.92311341849	-165702401.22307146	1
60691.9232205229	-165702401.26364815	1
60691.92332754364	-165702401.24066824	1
60691.92343464927	-165702401.22708255	1
60691.92354171181	-165702401.26445252	1
60691.9236487733	-165702401.25529432	1
60691.923755814016	-165702401.25490177	1
60691.92386287227	-165702401.25022644	1
60691.923969881966	-165702401.2454281	1
60691.92407701544	-165702401.24693406	1
60691.924184079886	-165702401.25273865	1
60691.924291101306	-165702401.23861843	1
60691.924398187686	-165702401.25568008	1
60691.92450524211	-165702401.26827633	1
60691.924612305695	-165702401.21096462	1
60691.92471937809	-165702401.1885379	1
60691.92482646751	-165702401.25227433	1
60691.924933516544	-165702401.28766477	1
60691.92504052083	-165702401.20883578	1
60691.92514759488	-165702401.2197863	1
60691.92525463892	-165702401.2657677	1
60691.92536171191	-165702401.20785058	1
60691.925595899105	-165702401.15847468	1
60691.92570969724	-165702401.2016616	1
60691.92581670932	-165702401.1932726	1
60691.92592376995	-165702401.2283957	1
60691.9260308559	-165702401.22000146	1
60691.926137868715	-165702401.24833268	1
60691.92624500962	-165702401.21252942	1
60691.926352010916	-165702401.21763802	1
60691.92645910781	-165702401.2046528	1
60691.926566157876	-165702401.1945461	1
60691.92667324119	-165702401.20509207	1
60691.92678030792	-165702401.22960716	1
60691.92688738706	-165702401.2266494	1
60691.9269944803	-165702401.198245	1
60691.927101432746	-165702401.17846054	1
60691.9272086101	-165702401.21062493	1
60691.92731557783	-165702401.2359048	1
60691.927422611516	-165702401.25896788	1
60691.92752969888	-165702401.2466777	1
60691.92763681126	-165702401.17558205	1
60691.92774384278	-165702401.2167337	1
60691.92785091794	-165702401.22419477	1
60691.92795800188	-165702401.19777787	1
60691.928065005646	-165702401.2096166	1
60691.928172092244	-165702401.19342738	1
60691.92827914754	-165702401.19841164	1
60691.92838623282	-165702401.2662483	1
60691.928493318344	-165702401.22081244	1
60691.92860032176	-165702401.23032463	1
60691.928707361985	-165702401.21742356	1
60691.928814516614	-165702401.18714	1
60691.92892155135	-165702401.22641337	1
60691.929028541716	-165702401.23958355	1
60691.92913565082	-165702401.2317915	1
60691.929242720355	-165702401.16254145	1
60691.92934980661	-165702401.18797356	1
60691.929456829064	-165702401.17795092	1
60691.92956387178	-165702401.1726163	1
60691.92967100009	-165702401.1511835	1
60691.929778060774	-165702401.18631178	1
60691.92988506641	-165702401.1394294	1
60691.92999216483	-165702401.13514167	1
60691.930099216384	-165702401.16432077	1
60691.93020627127	-165702401.17587292	1
60691.9303133693	-165702401.15715498	1
60691.93042033514	-165702401.13227332	1
60691.93066128518	-165702401.20985895	1
60691.93076844443	-165702401.23759872	1
60691.93087539352	-165702401.17990726	1
60691.93098243651	-165702401.19550055	1
60691.9310895064	-165702401.18110943	1
60691.9311965615	-165702401.22610188	1
60691.93130364649	-165702401.2460581	1
60691.93141070015	-165702401.22741574	1
60691.931517789795	-165702401.16644233	1
60691.93162490674	-165702401.19291186	1
60691.93173194478	-165702401.18342096	1
60691.93183895087	-165702401.1951921	1
60691.931946010736	-165702401.17324054	1
60691.93205311161	-165702401.1984504	1
60691.932160200806	-165702401.20714587	1
60691.93226722926	-165702401.19713485	1
60691.93237429326	-165702401.12040186	1
60691.932481359065	-165702401.13707596	1
60691.93258840276	-165702401.17973292	1
60691.93269542289	-165702401.20314872	1
60691.93280251381	-165702401.16686428	1
60691.93290956774	-165702401.19035238	1
60691.9330166793	-165702401.13322872	1
60691.93312379232	-165702401.14901835	1
60691.933230730094	-165702401.16745025	1
60691.93333782384	-165702401.150841	1
60691.93344488766	-165702401.11809993	1
60691.93355198136	-165702401.13257003	1
60691.93365907327	-165702401.16479784	1
60691.93376610458	-165702401.16308296	1
60691.933873101174	-165702401.23103225	1
60691.933980207854	-165702401.18514037	1
60691.93408730005	-165702401.19974512	1
60691.93419430868	-165702401.21918076	1
60691.93430142093	-165702401.18676043	1
60691.93440845263	-165702401.1473856	1
60691.93451548933	-165702401.15171254	1
60691.93462256399	-165702401.1712178	1
60691.934729669905	-165702401.17613935	1
60691.934836713874	-165702401.1919453	1
60691.93494372822	-165702401.19635546	1
60691.9350508187	-165702401.16479802	1
60691.93515789887	-165702401.131598	1
60691.93526491088	-165702401.11902618	1
60691.93537204947	-165702401.13741064	1
60691.93547907048	-165702401.09917706	1
60691.93571994263	-165702401.1360966	1
60691.93582701232	-165702401.14183033	1
60691.93593410125	-165702401.19004446	1
60691.936041188914	-165702401.19465637	1
60691.93614818585	-165702401.19737393	1
60691.936255269946	-165702401.17838	1
60691.936362282904	-165702401.10636973	1
60691.936469397115	-165702401.12370133	1
60691.93657641078	-165702401.1091454	1
60691.936683542415	-165702401.08762312	1
60691.93679058678	-165702401.0968303	1
60691.93689762678	-165702401.1168117	1
60691.93700469055	-165702401.12082487	1
60691.93711173966	-165702401.1046555	1
60691.93721880154	-165702401.125584	1
60691.93732603011	-165702401.07863522	1
60691.937433108695	-165702401.14261496	1
60691.93754017608	-165702401.1795779	1
60691.93764717702	-165702401.1801173	1
60691.93775431504	-165702401.18898368	1
60691.937861338134	-165702401.1828292	1
60691.93796841107	-165702401.1550634	1
60691.93807550027	-165702401.17735898	1
60691.93818249091	-165702401.15954053	1
60691.938289587306	-165702401.17620212	1
60691.93839654965	-165702401.19098532	1
60691.93850369963	-165702401.16172725	1
60691.93861074612	-165702401.16795993	1
60691.9387178167	-165702401.17487425	1
60691.93882486615	-165702401.18995905	1
60691.93893188572	-165702401.2042827	1
60691.93903896328	-165702401.19299418	1
60691.93914612302	-165702401.17589074	1
60691.93925309445	-165702401.17200565	1
60691.939360199685	-165702401.17500657	1
60691.939467331395	-165702401.17535752	1
60691.93961441455	-165702401.16811466	1
60691.93973493536	-165702401.14674282	1
60691.93984200882	-165702401.16653866	1
60691.939948973646	-165702401.11611575	1
60691.94005613396	-165702401.1042695	1
60691.94016317657	-165702401.09922808	1
60691.94027027441	-165702401.1428399	1
60691.94037731515	-165702401.1256159	1
60691.94048434217	-165702401.14341587	1
60691.94059145309	-165702401.1638704	1
60691.94069848005	-165702401.20342207	1
60691.940805490216	-165702401.20897657	1
60691.940912588856	-165702401.20842856	1
60691.94101968742	-165702401.1582474	1
60691.94112674756	-165702401.19927716	1
60691.941233779595	-165702401.1983394	1
60691.94134084228	-165702401.16134685	1
60691.941447958074	-165702401.17924643	1
60691.941554997946	-165702401.17118484	1
60691.94166195262	-165702401.17300338	1
60691.94176911808	-165702401.1567502	1
60691.94187622761	-165702401.12681812	1
60691.94198320638	-165702401.13183594	1
60691.94209029315	-165702401.12664193	1
60691.9421974036	-165702401.13774258	1
60691.94230440924	-165702401.1592461	1
60691.94241134279	-165702401.16889477	1
60691.94251839245	-165702401.1464743	1
60691.94262549434	-165702401.1184286	1
60691.94273251706	-165702401.1530723	1
60691.94283955031	-165702401.1112619	1
60691.94294662862	-165702401.1598689	1
60691.9430537157	-165702401.20348978	1
60691.94316080121	-165702401.11912566	1
60691.94326783839	-165702401.1608916	1
60691.94337491604	-165702401.1553024	1
60691.943481923496	-165702401.14963198	1
60691.94358896481	-165702401.13812912	1
60691.94369604577	-165702401.1402815	1
60691.943803142545	-165702401.12054873	1
60691.943910203794	-165702401.1030972	1
60691.944017231755	-165702401.08555627	1
60691.944124304624	-165702401.0853724	1
60691.94423141729	-165702401.10211837	1
60691.94433844733	-165702401.09392142	1
60691.944445511166	-165702401.11903208	1
60691.94455253627	-165702401.06504548	1
60691.944659630724	-165702401.10441965	1
60691.94476671932	-165702401.1149299	1
60691.944873834655	-165702401.12477	1
60691.94498083888	-165702401.10793716	1
60691.94508786132	-165702401.14439446	1
60691.945194955246	-165702401.113078	1
60691.9453020563	-165702401.0918454	1
60691.945409077605	-165702401.123357	1
60691.94551609871	-165702401.12314308	1
60691.945623210624	-165702401.10957652	1
60691.94573023457	-165702401.09901392	1
60691.94583729754	-165702401.07514054	1
60691.94594437491	-165702401.10958642	1
60691.946051437044	-165702401.07932538	1
60691.94615848927	-165702401.10811585	1
60691.94626555367	-165702401.10429198	1
60691.946372604776	-165702401.0672503	1
60691.94647970627	-165702401.11566824	1
60691.946586723105	-165702401.09217262	1
60691.94669379379	-165702401.1095345	1
60691.94693470783	-165702401.14301753	1
60691.94704183685	-165702401.09958184	1
60691.94714884973	-165702401.08630502	1
60691.94725590359	-165702401.11527306	1
60691.947362988896	-165702401.11741847	1
60691.94747004712	-165702401.12055057	1
60691.9477108916	-165702401.09154856	1
60691.947817994886	-165702401.10925645	1
60691.94792516966	-165702401.13259196	1
60691.94803220736	-165702401.09158647	1
60691.94813930718	-165702401.1588891	1
60691.94824627983	-165702401.09300804	1
60691.948353312764	-165702401.07443982	1
60691.94846046234	-165702401.0499354	1
60691.94856748266	-165702401.07168746	1
60691.94867463918	-165702401.08726954	1
60691.948781726	-165702401.09583908	1
60691.948888708874	-165702401.11654955	1
60691.94899580582	-165702401.06170994	1
60691.949102695915	-165702401.09436744	1
60691.94920974886	-165702401.10205632	1
60691.94945067141	-165702401.07117277	1
60691.949557749875	-165702401.06839156	1
60691.94966482247	-165702401.05880636	1
60691.94977190225	-165702401.05582833	1
60691.94987887092	-165702401.06602472	1
60691.94998599629	-165702401.05889672	1
60691.95009304066	-165702401.03824627	1
60691.95020009626	-165702401.01967597	1
60691.95030717497	-165702401.00562143	1
60691.95041426031	-165702401.03234714	1
60691.95052130518	-165702400.9960752	1
60691.950628361476	-165702401.04379404	1
60691.95073540251	-165702401.01437956	1
60691.95084250864	-165702401.00853044	1
60691.95094960675	-165702401.03275245	1
60691.951056638056	-165702401.04449147	1
60691.9511636802	-165702401.0359127	1
60691.95127070779	-165702401.0489396	1
60691.9513777416	-165702401.04423827	1
60691.95148485736	-165702401.03685546	1
60691.9515919282	-165702401.07430518	1
60691.951698994024	-165702401.0454141	1
60691.95180601529	-165702401.01277846	1
60691.9519130578	-165702401.08629853	1
60691.9520201634	-165702401.05023986	1
60691.95212719605	-165702401.02040136	1
60691.95223427047	-165702401.0348423	1
60691.95234133347	-165702401.05243576	1
60691.95244839353	-165702401.04886705	1
60691.95255548267	-165702401.0154069	1
60691.952662509226	-165702401.03097254	1
60691.95276962469	-165702401.00584036	1
60691.95287664871	-165702401.01075262	1
60691.95298369845	-165702401.01705074	1
60691.953090795214	-165702401.0444293	1
60691.95319780274	-165702401.00246668	1
60691.95330503005	-165702401.01734942	1
60691.9534120787	-165702401.01712418	1
60691.95351906386	-165702401.0054897	1
60691.95362621912	-165702400.97408164	1
60691.95373332067	-165702401.01705176	1
60691.953840340895	-165702401.04925907	1
60691.953947407244	-165702401.05159283	1
60691.9540544584	-165702401.03797007	1
60691.954161488786	-165702401.06743133	1
60691.954268593734	-165702401.0410394	1
60691.95437564282	-165702401.04901296	1
60691.95448269053	-165702401.0238492	1
60691.954589772104	-165702401.0035045	1
60691.95469676504	-165702401.02028865	1
60691.95480384507	-165702401.02384168	1
60691.95491095421	-165702401.00501084	1
60691.95501790778	-165702401.03001797	1
60691.95512508891	-165702400.98424333	1
60691.95523215181	-165702401.02094924	1
60691.95533923646	-165702401.0477624	1
60691.955446248634	-165702401.04095936	1
60691.955553254455	-165702401.01415604	1
60691.95566039888	-165702401.00621557	1
60691.95576731969	-165702400.97231698	1
60691.955874343774	-165702401.03539985	1
60691.95598139517	-165702401.02888578	1
60691.95608850795	-165702401.0579822	1
60691.9561955165	-165702401.04447538	1
60691.956302650084	-165702401.02784967	1
60691.95640963711	-165702401.05233413	1
60691.95651668912	-165702401.0554769	1
60691.95662386504	-165702401.09691912	1
60691.95673085418	-165702401.0866347	1
60691.956838025864	-165702401.03763354	1
60691.95694499095	-165702401.0418415	1
60691.95705201831	-165702401.08271718	1
60691.95715909446	-165702401.0455287	1
60691.95726616376	-165702401.02022904	1
60691.95737325662	-165702401.0125214	1
60691.95748033046	-165702401.00774682	1
60691.95758734498	-165702401.06444848	1
60691.95769440536	-165702401.02911878	1
60691.957801454024	-165702401.025217	1
60691.957908575794	-165702401.05987513	1
60691.958015593926	-165702401.04819757	1
60691.95812264565	-165702401.08590752	1
60691.95822976847	-165702401.03028935	1
60691.95833682415	-165702401.07074475	1
60691.95844387557	-165702401.03314233	1
60691.95855088224	-165702401.02406967	1
60691.95865795715	-165702401.0668301	1
60691.95876502989	-165702401.01344818	1
60691.958872108524	-165702401.0211571	1
60691.95897913508	-165702401.0288887	1
60691.95908623189	-165702400.9950214	1
60691.95919330432	-165702401.04265612	1
60691.95930034788	-165702401.00863606	1
60691.959407414084	-165702401.04989165	1
60691.95951442796	-165702401.04675782	1
60691.95962151318	-165702401.0343063	1
60691.95972861511	-165702401.07905316	1
60691.95983569706	-165702401.03633082	1
60691.95994274501	-165702401.03111076	1
60691.96004980305	-165702401.01262087	1
60691.96015685116	-165702401.0116083	1
60691.960263938425	-165702401.02458793	1
60691.960370944355	-165702401.0170673	1
60691.96047805249	-165702400.9736104	1
60691.96058506737	-165702401.05802405	1
60691.960692186454	-165702401.00359726	1
60691.96079926261	-165702401.04955506	1
60691.96090626753	-165702401.03806734	1
60691.96101333185	-165702401.02146888	1
60691.96112041092	-165702401.02044046	1
60691.96122746988	-165702401.0396126	1
60691.96133458778	-165702401.0260042	1
60691.961441632484	-165702401.02013934	1
60691.96154870808	-165702401.01984525	1
60691.96165573503	-165702401.02545416	1
60691.961762780746	-165702401.03063053	1
60691.961869835715	-165702401.02911103	1
60691.961976872924	-165702401.0038569	1
60691.962083999286	-165702401.00723803	1
60691.962191013816	-165702401.0265904	1
60691.9622980651	-165702401.00641316	1
60691.962405141756	-165702401.01657003	1
60691.962512183345	-165702401.06884438	1
60691.9626192519	-165702401.05581212	1
60691.96272630026	-165702401.0508135	1
60691.962833358266	-165702401.05100942	1
60691.962940465884	-165702401.03242224	1
60691.96304750536	-165702401.04090977	1
60691.96315454613	-165702401.0347095	1
60691.963261570905	-165702401.0425704	1
60691.96336875928	-165702401.0390362	1
60691.96347590977	-165702401.01516193	1
60691.963582900484	-165702401.06671065	1
60691.9636899837	-165702401.075633	1
60691.96379712724	-165702401.0192942	1
60691.963904054035	-165702401.01836014	1
60691.96401122047	-165702401.0273739	1
60691.96411822618	-165702401.02379453	1
60691.964225318516	-165702401.0190634	1
60691.96433232788	-165702401.063448	1
60691.96443945526	-165702401.0397206	1
60691.96454649197	-165702401.0541671	1
60691.964653535375	-165702401.0728383	1
60691.96476046289	-165702401.0358644	1
60691.964867600735	-165702401.0388716	1
60691.96497467472	-165702401.02618355	1
60691.96508172895	-165702401.0088492	1
60691.96518871281	-165702401.02240443	1
60691.96529589307	-165702401.03091693	1
60691.965402872636	-165702401.0160578	1
60691.965509933056	-165702401.03729916	1
60691.96561700863	-165702401.01594204	1
60691.96572404825	-165702400.98462814	1
60691.96583112831	-165702401.04516065	1
60691.96593820168	-165702401.04278833	1
60691.966045302106	-165702400.9801736	1
60691.96615231308	-165702400.99056512	1
60691.96625940487	-165702401.0089892	1
60691.9663664577	-165702401.04080105	1
60691.96647350228	-165702400.99830335	1
60691.96658050104	-165702401.03925967	1
60691.96668761879	-165702401.05473316	1
60691.966794695705	-165702401.01851362	1
60691.96690175407	-165702401.0230446	1
60691.967008819236	-165702401.01503378	1
60691.96711588908	-165702401.01389658	1
60691.96722293951	-165702401.03512764	1
60691.96733003307	-165702400.9979304	1
60691.96743706727	-165702400.9700945	1
60691.967544173705	-165702401.01112562	1
60691.9676511664	-165702401.03725827	1
60691.96775823781	-165702401.04252845	1
60691.96786528049	-165702401.03006607	1
60691.96797233893	-165702401.06606615	1
60691.96807946539	-165702401.01932466	1
60691.96818651686	-165702401.01006103	1
60691.96829358775	-165702401.03445417	1
60691.968400614205	-165702400.98074448	1
60691.96850768895	-165702400.96804905	1
60691.96861474188	-165702401.0136358	1
60691.968721884215	-165702401.02500546	1
60691.96882887819	-165702401.00798434	1
60691.968935914185	-165702400.98964244	1
60691.96904299253	-165702400.978307	1
60691.96915003295	-165702400.99426997	1
60691.96925713778	-165702400.97553873	1
60691.96936422658	-165702400.9470424	1
60691.969471207434	-165702400.97092485	1
60691.96957828127	-165702400.97132766	1
60691.96968540453	-165702400.98579127	1
60691.96979246179	-165702400.9747957	1
60691.96989945451	-165702400.97855848	1
60691.97000651342	-165702400.9656939	1
60691.97011353847	-165702400.981457	1
60691.97022066247	-165702400.9727261	1
60691.97032772537	-165702400.97173834	1
60691.97043480162	-165702400.98084688	1
60691.97054184955	-165702400.96340692	1
60691.97064891991	-165702401.02336258	1
60691.9707559566	-165702401.02065504	1
60691.970863029834	-165702400.9969387	1
60691.970970136405	-165702400.9851547	1
60691.97107713222	-165702401.0042373	1
60691.97118421829	-165702400.9477703	1
60691.9712912644	-165702400.97469723	1
60691.97139830655	-165702400.95719665	1
60691.9715053726	-165702401.00507206	1
60691.97161240956	-165702400.97322863	1
60691.97171949846	-165702400.91648263	1
60691.971826673784	-165702400.94260353	1
60691.97193364714	-165702400.962546	1
60691.972040724955	-165702400.93113375	1
60691.97214779398	-165702400.93274665	1
60691.97225486646	-165702400.96134585	1
60691.972361854525	-165702400.96745497	1
60691.9724689507	-165702401.01344675	1
60691.972576085274	-165702400.9785456	1
60691.97268310832	-165702400.94241762	1
60691.972790136635	-165702401.01731926	1
60691.97289715046	-165702400.99447006	1
60691.97300427947	-165702400.96433508	1
60691.97311129519	-165702400.99722582	1
60691.97321838346	-165702401.03634244	1
60691.97332545582	-165702400.99330562	1
60691.97343252951	-165702400.94560742	1
60691.97353958107	-165702400.98346287	1
60691.973646638115	-165702400.93290693	1
60691.97375370153	-165702400.93075204	1
60691.97386079069	-165702400.9336617	1
60691.97396781148	-165702400.94797063	1
60691.97407491261	-165702400.92929208	1
60691.97418198886	-165702400.9343986	1
60691.974289003105	-165702400.8996191	1
60691.97439606272	-165702400.9472853	1
60691.97450318165	-165702401.01530027	1
60691.97461019625	-165702401.00558913	1
60691.974717221194	-165702400.98168677	1
60691.97482434792	-165702400.91889024	1
60691.97493141117	-165702400.8951236	1
60691.975038437275	-165702400.91416836	1
60691.97514548011	-165702400.9014941	1
60691.97525261026	-165702400.88219088	1
60691.97535959829	-165702400.9020406	1
60691.975466671174	-165702400.88602674	1
60691.97557378472	-165702400.9052906	1
60691.97568085488	-165702400.93354738	1
60691.975787857846	-165702400.95388204	1
60691.975894924435	-165702400.96238697	1
60691.97600200811	-165702400.94380718	1
60691.97610905923	-165702400.91849095	1
60691.97621617587	-165702400.95011038	1
60691.97632321102	-165702400.8809079	1
60691.97643026539	-165702400.86920214	1
60691.976537276576	-165702400.88902056	1
60691.9766444215	-165702400.90425986	1
60691.97675145273	-165702400.8948691	1
60691.976858483984	-165702400.95476747	1
60691.97696551093	-165702400.92457724	1
60691.97707259985	-165702401.00427592	1
60691.97717965736	-165702400.98911524	1
60691.97728681306	-165702400.94970965	1
60691.977393822766	-165702400.95476562	1
60691.97750092303	-165702400.961994	1
60691.977607919514	-165702400.9180948	1
60691.97771498837	-165702400.94709933	1
60691.97782205127	-165702400.9510954	1
60691.97792906253	-165702400.95460546	1
60691.97803614332	-165702400.99757135	1
60691.978143255394	-165702400.9744652	1
60691.978250283384	-165702400.98788238	1
60691.97835737781	-165702400.97087133	1
60691.97846446104	-165702400.95494503	1
60691.97857149079	-165702400.93449956	1
60691.97867854025	-165702400.94815886	1
60691.9787856347	-165702401.00691932	1
60691.9788926962	-165702401.00747293	1
60691.97899971553	-165702400.9733433	1
60691.97910678445	-165702400.9575215	1
60691.97921382517	-165702400.95066887	1
60691.97932095342	-165702400.96678495	1
60691.97942795265	-165702400.9287932	1
60691.9795350233	-165702400.94065183	1
60691.97964223647	-165702400.91778505	1
60691.97974927233	-165702400.96087533	1
60691.97985632629	-165702400.9543022	1
60691.97996335401	-165702400.9552325	1
60691.9800704169	-165702400.95132297	1
60691.980177557976	-165702400.9475162	1
60691.98028456509	-165702400.91736072	1
60691.98039166019	-165702400.88375032	1
60691.98049872573	-165702400.89323866	1
60691.980605799334	-165702400.90517682	1
60691.98071281773	-165702400.89966142	1
60691.980819922384	-165702400.9557665	1
60691.980926987984	-165702400.95935935	1
60691.98103413465	-165702400.9417811	1
60691.981141045726	-165702400.96941334	1
60691.98124805131	-165702400.94299072	1
60691.981355100426	-165702400.94074035	1
60691.981462191485	-165702400.9229061	1
60691.981569284355	-165702400.8724677	1
60691.981676286174	-165702400.86126488	1
60691.981783353214	-165702400.8463623	1
60691.98189039622	-165702400.85058302	1
60691.981997440846	-165702400.84776407	1
60691.9821045077	-165702400.92673427	1
60691.982211605944	-165702400.94129604	1
60691.98231862814	-165702400.89953583	1
60691.98242571297	-165702400.8808295	1
60691.98253282393	-165702400.87265402	1
60691.98263981937	-165702400.8770321	1
60691.98274692154	-165702400.91428357	1
60691.98285401497	-165702400.8778255	1
60691.98296104184	-165702400.89094907	1
60691.98306810816	-165702400.92986208	1
60691.983175178735	-165702400.9636178	1
60691.983282213914	-165702400.96524316	1
60691.98338926072	-165702400.91691107	1
60691.983496317305	-165702400.94936234	1
60691.98360339286	-165702400.98003697	1
60691.98371040542	-165702400.9676134	1
60691.983817551765	-165702400.93722743	1
60691.98392458439	-165702400.88164878	1
60691.984031609834	-165702400.93111116	1
60691.98413869242	-165702400.9444946	1
60691.98424571599	-165702400.91458452	1
60691.98435283026	-165702400.8884719	1
60691.984459888394	-165702400.93280393	1
60691.9845669936	-165702400.9588313	1
60691.9846740427	-165702400.9323411	1
60691.98478110902	-165702400.9364187	1
60691.98488812594	-165702400.94605446	1
60691.98499526562	-165702400.92559433	1
60691.98510227417	-165702400.88057595	1
60691.98520933206	-165702400.84383005	1
60691.98531639047	-165702400.8674823	1
60691.98542345895	-165702400.87537354	1
60691.98553055859	-165702400.86274916	1
60691.98563754681	-165702400.880704	1
60691.98574462815	-165702400.90255743	1
60691.985851677055	-165702400.89722514	1
60691.98595876014	-165702400.84137845	1
60691.98606584042	-165702400.81156898	1
60691.98617284622	-165702400.82026136	1
60691.98627988349	-165702400.841188	1
60691.986386994104	-165702400.83832794	1
60691.98649408183	-165702400.8374986	1
60691.9866011457	-165702400.84365082	1
60691.98670820974	-165702400.83870196	1
60691.98681521213	-165702400.86504877	1
60691.98692230277	-165702400.83511424	1
60691.987029376294	-165702400.85540527	1
60691.98713641546	-165702400.86312205	1
60691.98724349509	-165702400.87953854	1
60691.9873506046	-165702400.86369234	1
60691.987457663534	-165702400.82541728	1
60691.98756471722	-165702400.86572486	1
60691.987671719224	-165702400.89526504	1
60691.98777884527	-165702400.87083024	1
60691.9878859376	-165702400.89887893	1
60691.98799292467	-165702400.8752932	1
60691.988099969225	-165702400.840784	1
60691.98820702932	-165702400.83657646	1
60691.98831415603	-165702400.87474978	1
60691.98842116871	-165702400.8088222	1
60691.98852826044	-165702400.87762952	1
60691.98863527931	-165702400.91507125	1
60691.988742361646	-165702400.82200664	1
60691.98884946824	-165702400.79743773	1
60691.98895644852	-165702400.8482809	1
60691.98906354113	-165702400.8564257	1
60691.989170593406	-165702400.86267143	1
60691.9892776672	-165702400.834602	1
60691.98938471987	-165702400.82069272	1
60691.98949178355	-165702400.83365005	1
60691.989598875	-165702400.8503726	1
60691.98970589563	-165702400.81561214	1
60691.98981294637	-165702400.78868115	1
60691.98992005617	-165702400.76830006	1
60691.990027106134	-165702400.78065294	1
60691.9901341605	-165702400.74590176	1
60691.990241235995	-165702400.78127658	1
60691.99034833831	-165702400.8071704	1
60691.99045535394	-165702400.80451262	1
60691.99056239126	-165702400.7887045	1
60691.99066944198	-165702400.8001061	1
60691.99077654442	-165702400.7888586	1
60691.99088360589	-165702400.77755332	1
60691.99099067502	-165702400.75963473	1
60691.99109772008	-165702400.77610564	1
60691.991204817896	-165702400.79012907	1
60691.99131188829	-165702400.7615304	1
60691.991418892976	-165702400.7538193	1
60691.99152597414	-165702400.79854488	1
60691.99163301873	-165702400.80985707	1
60691.99174009532	-165702400.81443334	1
60691.99184718732	-165702400.8018505	1
60691.99195425254	-165702400.83727843	1
60691.99206127114	-165702400.81842965	1
60691.992168290424	-165702400.81972748	1
60691.9922753617	-165702400.83339703	1
60691.9923824645	-165702400.84788436	1
60691.99248951262	-165702400.80940348	1
60691.99259655973	-165702400.79454356	1
60691.99270363284	-165702400.7983718	1
60691.99281073582	-165702400.8114915	1
60691.99291781535	-165702400.8442114	1
60691.99302485361	-165702400.78340298	1
60691.99313199014	-165702400.80004686	1
60691.99323895164	-165702400.79199523	1
60691.993345989074	-165702400.7799948	1
60691.99345306953	-165702400.78210688	1
60691.993560182316	-165702400.7638989	1
60691.99366724186	-165702400.80851328	1
60691.99377425949	-165702400.8025452	1
60691.993881332986	-165702400.79313576	1
60691.99398837018	-165702400.8324899	1
60691.99409548252	-165702400.79657078	1
60691.994202521026	-165702400.82514006	1
60691.99430955415	-165702400.80694717	1
60691.994416648384	-165702400.8253888	1
60691.994523739035	-165702400.8263594	1
60691.99463072799	-165702400.82196116	1
60691.99473782181	-165702400.79847276	1
60691.994844951325	-165702400.80794448	1
60691.994951945926	-165702400.83362973	1
60691.99505903706	-165702400.85533738	1
60691.99516603395	-165702400.8366567	1
60691.99527320985	-165702400.8249061	1
60691.9953802309	-165702400.86489755	1
60691.99548726	-165702400.84140062	1
60691.99559436277	-165702400.8515988	1
60691.9957014693	-165702400.84351885	1
60691.99580853437	-165702400.8440929	1
60691.99591559084	-165702400.89370275	1
60691.996022710606	-165702400.81760347	1
60691.99612973763	-165702400.82919353	1
60691.99623682379	-165702400.84871233	1
60691.99634388904	-165702400.83479595	1
60691.99645088149	-165702400.76989776	1
60691.99655796005	-165702400.79000038	1
60691.996665163366	-165702400.81231433	1
60691.99677209416	-165702400.79397178	1
60691.99687913947	-165702400.80864364	1
60691.99698618599	-165702400.78498107	1
60691.99709324229	-165702400.79582113	1
60691.99720035758	-165702400.82627136	1
60691.9973074158	-165702400.81630176	1
60691.99741449063	-165702400.83640635	1
60691.99752157798	-165702400.82748508	1
60691.997628633304	-165702400.83582878	1
60691.99773566879	-165702400.82914782	1
60691.99784264287	-165702400.827111	1
60691.997949658966	-165702400.87704897	1
60691.99805673346	-165702400.843678	1
60691.99816381575	-165702400.84675902	1
60691.998270954195	-165702400.85192835	1
60691.99837794303	-165702400.81174123	1
60691.99848508346	-165702400.7874382	1
60691.998592187556	-165702400.7684822	1
60691.99869925517	-165702400.80204523	1
60691.998806347634	-165702400.81124783	1
60691.998913320225	-165702400.75243056	1
60691.99902042263	-165702400.76687104	1
60691.99912746766	-165702400.7542323	1
60691.99923450012	-165702400.79333502	1
60691.999341567716	-165702400.7827304	1
60691.999448637274	-165702400.78045857	1
60691.999555663046	-165702400.76797038	1
60691.999662729264	-165702400.74678463	1
60691.99976981885	-165702400.8231619	1
60691.999876805545	-165702400.8421005	1
60691.99998386017	-165702400.8643852	1
60692.00009090564	-165702400.83640045	1
60692.00019798105	-165702400.85660112	1
60692.000305054265	-165702400.90206546	1
60692.00041211676	-165702400.8551702	1
60692.0005191118	-165702400.82424307	1
60692.000626218585	-165702400.8572924	1
60692.000733280634	-165702400.80349815	1
60692.000840339286	-165702400.8236295	1
60692.00094738226	-165702400.82218874	1
60692.0010544772	-165702400.80380213	1
60692.001161529595	-165702400.79797268	1
60692.00126865651	-165702400.77431363	1
60692.001375661086	-165702400.7578072	1
60692.00148268863	-165702400.73074108	1
60692.001589773005	-165702400.76571172	1
60692.00169682136	-165702400.77197075	1
60692.00180391348	-165702400.7685917	1
60692.00191099364	-165702400.77515882	1
60692.002018032654	-165702400.80621886	1
60692.00212505515	-165702400.77575976	1
60692.002232157625	-165702400.81067032	1
60692.00233923904	-165702400.7822271	1
60692.00244632895	-165702400.80507874	1
60692.00255333204	-165702400.8244986	1
60692.00266042796	-165702400.78425598	1
60692.00276745881	-165702400.78341645	1
60692.002874521306	-165702400.76883537	1
60692.00298156847	-165702400.7898972	1
60692.0030886556	-165702400.79833275	1
60692.00319571659	-165702400.79705888	1
60692.00330284807	-165702400.8354277	1
60692.00340983762	-165702400.8288566	1
60692.00351685169	-165702400.82001728	1
60692.00362396369	-165702400.76685244	1
60692.003731053344	-165702400.76962543	1
60692.003838114506	-165702400.75541192	1
60692.00394519788	-165702400.79076964	1
60692.00405223408	-165702400.8499121	1
60692.00415927481	-165702400.81146795	1
60692.004266407144	-165702400.80017078	1
60692.004373408556	-165702400.82973862	1
60692.004480506286	-165702400.77359384	1
60692.00458750317	-165702400.80177575	1
60692.00469455515	-165702400.8241771	1
60692.00480172614	-165702400.81570882	1
60692.00490875994	-165702400.7992999	1
60692.005015754126	-165702400.82172817	1
60692.00512284411	-165702400.81642336	1
60692.00522986341	-165702400.84206802	1
60692.005336928174	-165702400.79904586	1
60692.00544404283	-165702400.77842605	1
60692.00555105677	-165702400.795775	1
60692.00565811752	-165702400.82791865	1
60692.005765293216	-165702400.83934695	1
60692.00587240829	-165702400.8407659	1
60692.005979414025	-165702400.82237637	1
60692.006086538546	-165702400.75928694	1
60692.00619357643	-165702400.79575062	1
60692.006300578716	-165702400.7925107	1
60692.0064076825	-165702400.77464116	1
60692.00651478159	-165702400.77432197	1
60692.00662184333	-165702400.75915223	1
60692.00672886476	-165702400.76111603	1
60692.006835890155	-165702400.75668013	1
60692.00694296285	-165702400.7342351	1
60692.00705006281	-165702400.68674588	1
60692.00715710503	-165702400.69559216	1
60692.007264247666	-165702400.7585352	1
60692.00737119748	-165702400.75656456	1
60692.00747823402	-165702400.74229628	1
60692.00758543849	-165702400.75312185	1
60692.00769246945	-165702400.74840516	1
60692.007799472274	-165702400.7003734	1
60692.007906577936	-165702400.70243043	1
60692.008013626226	-165702400.7286042	1
60692.00812066406	-165702400.7049855	1
60692.00822770793	-165702400.6847223	1
60692.00833468498	-165702400.66986907	1
60692.00844179848	-165702400.68988776	1
60692.0085487903	-165702400.68446952	1
60692.00865594834	-165702400.7034706	1
60692.008762945305	-165702400.73240095	1
60692.00886997713	-165702400.6853943	1
60692.00897707884	-165702400.64782298	1
60692.0090841383	-165702400.69649327	1
60692.009191209065	-165702400.67887992	1
60692.00929821156	-165702400.6369115	1
60692.00940529359	-165702400.69132715	1
60692.00951237765	-165702400.68130755	1
60692.00961947693	-165702400.65989208	1
60692.00972651352	-165702400.638075	1
60692.00983351185	-165702400.7052703	1
60692.00994070826	-165702400.677386	1
60692.01004763683	-165702400.65567315	1
60692.010154719865	-165702400.6345935	1
60692.01026178706	-165702400.66789448	1
60692.01036888724	-165702400.65269357	1
60692.0104759954	-165702400.6484223	1
60692.01058299994	-165702400.6612813	1
60692.01068999216	-165702400.6685511	1
60692.010797064795	-165702400.63483262	1
60692.01090419751	-165702400.65662932	1
60692.0110112645	-165702400.64709932	1
60692.01111830717	-165702400.6559518	1
60692.01122538732	-165702400.6844929	1
60692.01133242798	-165702400.6790055	1
60692.011439484246	-165702400.69509768	1
60692.011546533155	-165702400.62979668	1
60692.01165366004	-165702400.61778802	1
60692.01176064856	-165702400.63853878	1
60692.01186776509	-165702400.6549756	1
60692.011974820634	-165702400.67423248	1
60692.01208192392	-165702400.68332326	1
60692.01218892977	-165702400.70029533	1
60692.012295955996	-165702400.66739428	1
60692.012403030036	-165702400.71737218	1
60692.012510070024	-165702400.68554223	1
60692.01261717928	-165702400.7092226	1
60692.01272424364	-165702400.68077213	1
60692.012831329615	-165702400.68918884	1
60692.0129383519	-165702400.71263885	1
60692.01304541267	-165702400.74369192	1
60692.01315245273	-165702400.70906496	1
60692.01325953658	-165702400.70472723	1
60692.01336659882	-165702400.70824832	1
60692.01347362495	-165702400.7261935	1
60692.01358073941	-165702400.74557334	1
60692.01368777006	-165702400.68425387	1
60692.01379484765	-165702400.68552375	1
60692.013901906874	-165702400.6529215	1
60692.01400902563	-165702400.69101506	1
60692.01411601993	-165702400.65145093	1
60692.014223101556	-165702400.63953376	1
60692.014330139005	-165702400.67658836	1
60692.01443717676	-165702400.67182386	1
60692.014544271966	-165702400.6759143	1
60692.014651317426	-165702400.6845088	1
60692.014758437675	-165702400.7231893	1
60692.01486545707	-165702400.68127984	1
60692.01497251063	-165702400.74958724	1
60692.01507953366	-165702400.71459693	1
60692.015186662386	-165702400.68970388	1
60692.01529370036	-165702400.68180323	1
60692.015400763565	-165702400.69280487	1
60692.01550777943	-165702400.71846604	1
60692.015614895114	-165702400.70750546	1
60692.01572195205	-165702400.71184957	1
60692.0158290456	-165702400.69403774	1
60692.01593608948	-165702400.67489952	1
60692.01604314308	-165702400.72595918	1
60692.01615021394	-165702400.7119413	1
60692.01625725149	-165702400.67149937	1
60692.01636435218	-165702400.6800949	1
60692.0164713681	-165702400.70976788	1
60692.01657843384	-165702400.72343892	1
60692.01668552232	-165702400.71028388	1
60692.01679255231	-165702400.69473517	1
60692.01689963509	-165702400.69791383	1
60692.017006677735	-165702400.69547957	1
60692.017113773916	-165702400.6964029	1
60692.01722078151	-165702400.7084822	1
60692.01732788157	-165702400.71625656	1
60692.01743493098	-165702400.7076587	1
60692.01754203655	-165702400.68753403	1
60692.017649085865	-165702400.69836295	1
60692.017756164656	-165702400.72864473	1
60692.017863197885	-165702400.69036704	1
60692.01797027845	-165702400.74581474	1
60692.01807728901	-165702400.70756358	1
60692.01818439064	-165702400.68763465	1
60692.01829138116	-165702400.6899705	1
60692.018398487446	-165702400.70683867	1
60692.01850557997	-165702400.62931693	1
60692.01861259468	-165702400.66912585	1
60692.01871972105	-165702400.64702445	1
60692.01882674561	-165702400.62005073	1
60692.01893377888	-165702400.6102788	1
60692.01904086182	-165702400.6458401	1
60692.01914794644	-165702400.6314516	1
60692.01925497805	-165702400.67971653	1
60692.01936204502	-165702400.66243374	1
60692.01946917092	-165702400.6605649	1
60692.019576170096	-165702400.6841352	1
60692.0196832295	-165702400.65349114	1
60692.01979027923	-165702400.65848315	1
60692.019897309474	-165702400.69571024	1
60692.02000442263	-165702400.72025263	1
60692.020111516955	-165702400.69116414	1
60692.0202185882	-165702400.63124788	1
60692.02032560385	-165702400.6139037	1
60692.02043266098	-165702400.61959666	1
60692.02053971343	-165702400.61539543	1
60692.02064679064	-165702400.60267478	1
60692.020753815596	-165702400.62429887	1
60692.02086097562	-165702400.6187454	1
60692.020967994235	-165702400.64528334	1
60692.02107502116	-165702400.6487763	1
60692.02118209153	-165702400.7096169	1
60692.02235983316	-165702400.6476555	1
60692.02246688201	-165702400.6091159	1
60692.02257390631	-165702400.62475193	1
60692.02268095184	-165702400.62586677	1
60692.02278801249	-165702400.64941746	1
60692.02289512303	-165702400.64697367	1
60692.02300217547	-165702400.66037184	1
60692.023109180394	-165702400.68485528	1
60692.02321632107	-165702400.66542083	1
60692.0233233466	-165702400.6643471	1
60692.023430401714	-165702400.71191758	1
60692.02375159062	-165702400.66605133	1
60692.02385864721	-165702400.67023927	1
60692.02396569322	-165702400.70167178	1
60692.02407279614	-165702400.67773312	1
60692.024179878936	-165702400.63893127	1
60692.0242868932	-165702400.65168822	1
60692.02439392975	-165702400.6516555	1
60692.02450105	-165702400.68706715	1
60692.02460807576	-165702400.68631667	1
60692.02471515915	-165702400.68427545	1
60692.0248222357	-165702400.66924965	1
60692.024929255844	-165702400.6426077	1
60692.02503629353	-165702400.6576808	1
60692.02514341693	-165702400.7012763	1
60692.02525047558	-165702400.70256156	1
60692.02535757832	-165702400.63753498	1
60692.02546460584	-165702400.62254626	1
60692.02557166404	-165702400.64790523	1
60692.02567869938	-165702400.66880298	1
60692.02578580008	-165702400.6012597	1
60692.025892840946	-165702400.623334	1
60692.02599985244	-165702400.63873112	1
60692.026106970465	-165702400.63055164	1
60692.02621403589	-165702400.6507252	1
60692.02632106702	-165702400.67329526	1
60692.0264282385	-165702400.64584547	1
60692.02653521527	-165702400.6335258	1
60692.02664228829	-165702400.67378712	1
60692.02674933402	-165702400.69887662	1
60692.02685638207	-165702400.67765027	1
60692.02696344314	-165702400.63993597	1
60692.02707050699	-165702400.67392045	1
60692.027177569886	-165702400.60760307	1
60692.02728462271	-165702400.62425798	1
60692.02739171363	-165702400.6261136	1
60692.02749878899	-165702400.60846853	1
60692.02760583623	-165702400.59573245	1
60692.02771286096	-165702400.63876945	1
60692.027819935975	-165702400.6194269	1
60692.02792705634	-165702400.65096897	1
60692.02803404622	-165702400.6101914	1
60692.0281410949	-165702400.6183288	1
60692.02824820021	-165702400.63638753	1
60692.02835524801	-165702400.66012973	1
60692.02846231475	-165702400.62517697	1
60692.02856950499	-165702400.6245575	1
60692.028676542606	-165702400.60232162	1
60692.02878365512	-165702400.64568955	1
60692.028890615766	-165702400.68675017	1
60692.02899779111	-165702400.66769373	1
60692.02910482712	-165702400.65071577	1
60692.02921189451	-165702400.6667899	1
60692.02931895122	-165702400.68023062	1
60692.02942599416	-165702400.66842943	1
60692.029532979876	-165702400.62037683	1
60692.02964004869	-165702400.61806363	1
60692.02974708281	-165702400.62691736	1
60692.02985423855	-165702400.65665394	1
60692.02996129769	-165702400.66109574	1
60692.03006842687	-165702400.63291508	1
60692.03017547644	-165702400.59694093	1
60692.030282489664	-165702400.6611904	1
60692.03038953806	-165702400.64150786	1
60692.03049664251	-165702400.61618614	1
60692.030603687905	-165702400.623793	1
60692.030710809406	-165702400.62602448	1
60692.03081777723	-165702400.5952186	1
60692.03092487094	-165702400.6024692	1
60692.03103191141	-165702400.59470248	1
60692.03113894484	-165702400.63448524	1
60692.03124604	-165702400.63807666	1
60692.03135307116	-165702400.62844282	1
60692.03146012916	-165702400.59820342	1
60692.0315672652	-165702400.62715036	1
60692.03167424025	-165702400.66909546	1
60692.03178131477	-165702400.64422	1
60692.03202224741	-165702400.64647585	1
60692.03212925699	-165702400.6462165	1
60692.032236378676	-165702400.6649214	1
60692.03234328396	-165702400.6273806	1
60692.03245034502	-165702400.63809222	1
60692.03255739081	-165702400.67022377	1
60692.03266465662	-165702400.67113298	1
60692.032771708524	-165702400.68433422	1
60692.03287863968	-165702400.63909435	1
60692.03298576856	-165702400.66281623	1
60692.03309296065	-165702400.6439634	1
60692.033199931626	-165702400.66925067	1
60692.03330697328	-165702400.66576505	1
60692.033414075726	-165702400.68238646	1
60692.03352108704	-165702400.64475298	1
60692.03362818175	-165702400.6485799	1
60692.03373526649	-165702400.61717427	1
60692.03384228117	-165702400.6185612	1
60692.03394936855	-165702400.61584026	1
60692.0340564006	-165702400.5770412	1
60692.03416349911	-165702400.59251714	1
60692.034270525335	-165702400.5868826	1
60692.03437764265	-165702400.54021853	1
60692.03448460595	-165702400.53444588	1
60692.03459170793	-165702400.59216088	1
60692.03469885428	-165702400.56593108	1
60692.034805817544	-165702400.5681482	1
60692.03491292791	-165702400.55441886	1
60692.03502003263	-165702400.50767648	1
60692.03512711857	-165702400.5186606	1
60692.035234113246	-165702400.49906516	1
60692.035341141585	-165702400.5307268	1
60692.03544819466	-165702400.4950214	1
60692.03555528834	-165702400.51841694	1
60692.03566227252	-165702400.56409514	1
60692.03576938972	-165702400.5785976	1
60692.035876442045	-165702400.58916467	1
60692.03598353173	-165702400.55735737	1
60692.03609062988	-165702400.52445114	1
60692.03619759659	-165702400.5446298	1
60692.03630470912	-165702400.5625522	1
60692.036411739544	-165702400.57058948	1
60692.036518934576	-165702400.57627434	1
60692.036625933375	-165702400.57010883	1
60692.036732971224	-165702400.53948653	1
60692.036840107576	-165702400.55012554	1
60692.036947052846	-165702400.55403548	1
60692.03705406971	-165702400.5324666	1
60692.0371612232	-165702400.55023742	1
60692.0372682654	-165702400.55327272	1
60692.037375264015	-165702400.53119117	1
60692.03748243139	-165702400.57743055	1
60692.037589520965	-165702400.55377936	1
60692.03769658963	-165702400.6031593	1
60692.03780354616	-165702400.57417578	1
60692.037910651474	-165702400.59451503	1
60692.0380177519	-165702400.54925352	1
60692.038124773964	-165702400.56395125	1
60692.03823180067	-165702400.54313654	1
60692.038338921615	-165702400.54364485	1
60692.038445953294	-165702400.50914478	1
60692.03855301287	-165702400.61739814	1
60692.0386601062	-165702400.57395005	1
60692.038767145124	-165702400.54254872	1
60692.03887423942	-165702400.58457953	1
60692.038981243	-165702400.5264722	1
60692.03908837016	-165702400.59527695	1
60692.03919543738	-165702400.60706025	1
60692.03930240629	-165702400.6050014	1
60692.039409513956	-165702400.60219556	1
60692.039516654346	-165702400.61903173	1
60692.03962364067	-165702400.56788927	1
60692.0397306755	-165702400.5754465	1
60692.03983777548	-165702400.55992717	1
60692.039944809505	-165702400.54117525	1
60692.04005188083	-165702400.53511417	1
60692.04015901951	-165702400.49929893	1
60692.04026600154	-165702400.52238202	1
60692.040373066644	-165702400.5232901	1
60692.040480192605	-165702400.53067803	1
60692.040587166135	-165702400.56262237	1
60692.040694240495	-165702400.52487022	1
60692.04080126801	-165702400.49140316	1
60692.040908391056	-165702400.49279726	1
60692.04101547198	-165702400.4913128	1
60692.04112249918	-165702400.4959063	1
60692.0412295288	-165702400.4679839	1
60692.04133664428	-165702400.47311902	1
60692.04144360333	-165702400.43232656	1
60692.04155072786	-165702400.46777886	1
60692.0416578583	-165702400.42798805	1
60692.04176484592	-165702400.4547881	1
60692.04187198884	-165702400.45356566	1
60692.041978962174	-165702400.44303626	1
60692.04208611432	-165702400.45028555	1
60692.04219309811	-165702400.45413756	1
60692.04230017037	-165702400.48144913	1
60692.04240719743	-165702400.47761118	1
60692.04251433177	-165702400.49371874	1
60692.04262143169	-165702400.52948153	1
60692.042728478766	-165702400.52014905	1
60692.042835482476	-165702400.4981081	1
60692.04294257847	-165702400.47639966	1
60692.04304953905	-165702400.4911124	1
60692.0431567144	-165702400.45544654	1
60692.04326380509	-165702400.48193878	1
60692.0433707662	-165702400.47372985	1
60692.04347785031	-165702400.47578263	1
60692.04358495198	-165702400.46621138	1
60692.04369207323	-165702400.4963072	1
60692.043799057355	-165702400.488541	1
60692.04390613626	-165702400.47453254	1
60692.044013203864	-165702400.44352955	1
60692.04412030442	-165702400.49115318	1
60692.04422733962	-165702400.47886544	1
60692.044334465354	-165702400.50275028	1
60692.04444145756	-165702400.53414655	1
60692.044548560625	-165702400.48131114	1
60692.0446554726	-165702400.5357607	1
60692.04476255851	-165702400.47380275	1
60692.04486965969	-165702400.52924252	1
60692.04497679421	-165702400.49690133	1
60692.04508371866	-165702400.50702327	1
60692.04519090284	-165702400.5264147	1
60692.04529792652	-165702400.4875031	1
60692.04540491661	-165702400.46080202	1
60692.04551202805	-165702400.5418613	1
60692.04561918558	-165702400.52470767	1
60692.045726194876	-165702400.53518623	1
60692.045833271084	-165702400.5111341	1
60692.045940301774	-165702400.52046895	1
60692.04604736972	-165702400.52786928	1
60692.04615435945	-165702400.5098127	1
60692.04626152082	-165702400.56448936	1
60692.04636855831	-165702400.5601282	1
60692.04647566625	-165702400.55693996	1
60692.04658263692	-165702400.5578854	1
60692.04668973166	-165702400.5637504	1
60692.0467967639	-165702400.52732444	1
60692.04690387456	-165702400.4929493	1
60692.047010952585	-165702400.50922686	1
60692.04711804096	-165702400.49759543	1
60692.04722505778	-165702400.53366154	1
60692.0473321438	-165702400.52286088	1
60692.04743915864	-165702400.5083661	1
60692.04754628748	-165702400.53657955	1
60692.047653322006	-165702400.53427732	1
60692.04776043181	-165702400.53659052	1
60692.04786733849	-165702400.52915472	1
60692.04797447653	-165702400.5061311	1
60692.04808156175	-165702400.50814933	1
60692.048188644716	-165702400.49834603	1
60692.04829565702	-165702400.47653258	1
60692.04840269491	-165702400.48089242	1
60692.04850976623	-165702400.49209225	1
60692.0486168556	-165702400.5113659	1
60692.048723964275	-165702400.54181987	1
60692.048830994085	-165702400.5220899	1
60692.048938048705	-165702400.5003726	1
60692.04904507621	-165702400.5194351	1
60692.04915211708	-165702400.52439135	1
60692.049259229156	-165702400.52902192	1
60692.04936625733	-165702400.51292962	1
60692.04947340393	-165702400.5153908	1
60692.049580387284	-165702400.54596955	1
60692.049687538914	-165702400.54802436	1
60692.04979460173	-165702400.5318315	1
60692.049901618375	-165702400.50619668	1
60692.05000860778	-165702400.5245061	1
60692.05011561763	-165702400.51929766	1
60692.050222684644	-165702400.5676087	1
60692.050329708865	-165702400.49821287	1
60692.05043678884	-165702400.4825039	1
60692.050543846504	-165702400.50230104	1
60692.05065089703	-165702400.48564357	1
60692.050757973215	-165702400.4710784	1
60692.05086503716	-165702400.46559948	1
60692.050972099685	-165702400.46892947	1
60692.05107917396	-165702400.4558087	1
60692.051186172546	-165702400.45225465	1
60692.051293316385	-165702400.49149364	1
60692.0514002908	-165702400.4465648	1
60692.05150741936	-165702400.45919073	1
60692.0516144463	-165702400.46942902	1
60692.0517214739	-165702400.45723045	1
60692.051828569376	-165702400.51139414	1
60692.05193569789	-165702400.42697364	1
60692.052042746676	-165702400.46587205	1
60692.05214983411	-165702400.45474154	1
60692.05225691821	-165702400.49906963	1
60692.05236405736	-165702400.47256058	1
60692.05247110559	-165702400.4371611	1
60692.0525781506	-165702400.47957534	1
60692.05268520979	-165702400.4795795	1
60692.05279228953	-165702400.5186205	1
60692.05289939681	-165702400.4796937	1
60692.05300636052	-165702400.46620494	1
60692.053113378446	-165702400.50019073	1
60692.05322055516	-165702400.44018656	1
60692.05332756156	-165702400.46183264	1
60692.053434604684	-165702400.4648791	1
60692.05354172127	-165702400.44959825	1
60692.053648717476	-165702400.4553243	1
60692.05375580425	-165702400.4643005	1
60692.05386285178	-165702400.3940987	1
60692.05396989577	-165702400.4119001	1
60692.0540770115	-165702400.43483603	1
60692.054184063105	-165702400.4651404	1
60692.05429113624	-165702400.46336693	1
60692.05439819129	-165702400.46998185	1
60692.05450528306	-165702400.42434406	1
60692.05461227255	-165702400.4586525	1
60692.05471931173	-165702400.45310795	1
60692.054826305524	-165702400.4255336	1
60692.05493340018	-165702400.41479695	1
60692.055040487256	-165702400.43536222	1
60692.05514751374	-165702400.44186157	1
60692.05525455487	-165702400.4131022	1
60692.0553617726	-165702400.36976779	1
60692.05546884041	-165702400.39735055	1
60692.055575832455	-165702400.37886214	1
