# Frequency shift file for JILA Sr1 
# for 20250307_clock_lock#0.
# Processed Fri Mar  7 17:58:20 2025 (MT) 
# by Alexander Aeppli(alexander.aeppli@colorado.edu), William Warfield(william.warfield@colorado.edu) 
# ******Applied Corrections******
# point by point corrections: 
#  - servo 
#  - second order zeeman 
#  - density shift 
# DC corrections: 
#  - lattice light 
#  - DC Stark 
#  - BBR 
#  - background gas 
#  - redshift to S1B60V1 
# Total sytematic error (frac.) = ~1e-17
# No MASER corrections have been applied
# To calculate the strontium frequency: 
# f_sr = (N/M)*f_light + f_shift[Hz] 
# where N = 1716882, M = 777577, 
# and f_light is the frequency of the light leaving JILA. 
#### Additional Notes #### 
# standard conditon
t_mjd	f_shift [Hz]	IS_GOOD
60741.81323430139	-165702241.92330104	1
60741.81333444959	-165702241.91535658	1
60741.8134346074	-165702241.8701939	1
60741.81353475886	-165702241.9147355	1
60741.81363493396	-165702241.9281708	1
60741.813735018775	-165702241.908409	1
60741.813835401816	-165702241.91170943	1
60741.81393547023	-165702241.9135301	1
60741.8140355703	-165702241.9448976	1
60741.814135684355	-165702241.93330628	1
60741.814235996586	-165702241.94328368	1
60741.81433611544	-165702241.9279083	1
60741.814436200206	-165702241.93918312	1
60741.81453643894	-165702241.94381803	1
60741.8146365617	-165702241.92426282	1
60741.81473674879	-165702241.89205235	1
60741.81483693174	-165702241.8779232	1
60741.81493709887	-165702241.8943621	1
60741.81503724806	-165702241.8997836	1
60741.81513746361	-165702241.90568078	1
60741.81523761674	-165702241.92569458	1
60741.8153377661	-165702241.9292665	1
60741.81543786407	-165702241.90290326	1
60741.81553813394	-165702241.90725076	1
60741.815638168424	-165702241.92929518	1
60741.815738341764	-165702241.91229737	1
60741.815838552284	-165702241.9288351	1
60741.815938721826	-165702241.88081908	1
60741.8160388639	-165702241.8836981	1
60741.81613905374	-165702241.904449	1
60741.816239194144	-165702241.9006372	1
60741.81633937175	-165702241.93850195	1
60741.816439541806	-165702241.91368312	1
60741.81653970665	-165702241.89878434	1
60741.81663989331	-165702241.93181407	1
60741.81673997953	-165702241.94539732	1
60741.81684020003	-165702241.9167875	1
60741.81694037107	-165702241.91576052	1
60741.817040509115	-165702241.91408432	1
60741.8171407592	-165702241.85728818	1
60741.81724085085	-165702241.88821936	1
60741.817341022084	-165702241.88801658	1
60741.817441158564	-165702241.90406072	1
60741.817541390206	-165702241.91507632	1
60741.8176414825	-165702241.8906359	1
60741.81774165445	-165702241.84116167	1
60741.8178418711	-165702241.87692887	1
60741.817941997746	-165702241.89556897	1
60741.81804214582	-165702241.93851542	1
60741.81814233015	-165702241.92417544	1
60741.81824246309	-165702241.9237885	1
60741.818342702005	-165702241.95893133	1
60741.818442849995	-165702241.95872986	1
60741.81854301163	-165702241.93222272	1
60741.818643199855	-165702241.94171107	1
60741.81874340722	-165702241.95430136	1
60741.81884344311	-165702241.98214477	1
60741.81894367107	-165702241.9431697	1
60741.81904377953	-165702241.92716974	1
60741.819143940666	-165702241.9277023	1
60741.819244152604	-165702241.95026135	1
60741.81934425146	-165702241.9192754	1
60741.81944448644	-165702241.9000916	1
60741.81954456309	-165702241.89280957	1
60741.819644845506	-165702241.91987276	1
60741.819744942855	-165702241.92248505	1
60741.819845063095	-165702241.89980525	1
60741.81994533355	-165702241.88864118	1
60741.82004550317	-165702241.87452126	1
60741.82014565604	-165702241.86606318	1
60741.82024576383	-165702241.845052	1
60741.82034597377	-165702241.8504305	1
60741.82044614873	-165702241.85666835	1
60741.820546312316	-165702241.89784467	1
60741.8206464107	-165702241.90599722	1
60741.82074657125	-165702241.90151823	1
60741.82084675153	-165702241.86507225	1
60741.82094696762	-165702241.86530697	1
60741.82104705979	-165702241.92899233	1
60741.82114727927	-165702241.92084122	1
60741.8212474368	-165702241.95058882	1
60741.82134764988	-165702241.89039505	1
60741.821447782786	-165702241.90441048	1
60741.82154789175	-165702241.88374847	1
60741.82164811897	-165702241.8583411	1
60741.82174830511	-165702241.8589595	1
60741.82184840241	-165702241.86625612	1
60741.82194860444	-165702241.8815453	1
60741.822048673785	-165702241.8919949	1
60741.826455977585	-165702241.8763672	1
60741.826556140455	-165702241.8726983	1
60741.82665633244	-165702241.89875787	1
60741.82675645685	-165702241.88788563	1
60741.82685663872	-165702241.91342592	1
60741.826956813195	-165702241.95372665	1
60741.82705689286	-165702241.93795836	1
60741.82715714788	-165702241.92936713	1
60741.82725735305	-165702241.94752562	1
60741.82735750305	-165702241.95831084	1
60741.82745761996	-165702241.93727922	1
60741.82755771182	-165702241.93620503	1
60741.8276579222	-165702241.9331662	1
60741.82775815433	-165702241.91357452	1
60741.82785832766	-165702241.89849794	1
60741.827958488495	-165702241.9380347	1
60741.82805859831	-165702241.94750202	1
60741.82815871992	-165702241.9362167	1
60741.82825888272	-165702241.9156807	1
60741.828359112464	-165702241.95334995	1
60741.828459215685	-165702241.92893672	1
60741.82855941956	-165702241.95101696	1
60741.82865962854	-165702241.91141707	1
60741.82875979806	-165702241.92476612	1
60741.82885992054	-165702241.90390056	1
60741.828960073115	-165702241.9304844	1
60741.82906028531	-165702241.91951704	1
60741.82916046442	-165702241.94449615	1
60741.82926054762	-165702241.91327202	1
60741.829360677824	-165702241.91031653	1
60741.829460929315	-165702241.88609105	1
60741.82956102302	-165702241.89944428	1
60741.8296612754	-165702241.87140113	1
60741.82976142948	-165702241.85191703	1
60741.829861557235	-165702241.86896437	1
60741.82996177118	-165702241.8798272	1
60741.83006184992	-165702241.91167217	1
60741.83016205855	-165702241.89059526	1
60741.830262214826	-165702241.85878807	1
60741.83036229879	-165702241.8787952	1
60741.830462497004	-165702241.91342103	1
60741.830562743206	-165702241.87494487	1
60741.83066290445	-165702241.92296153	1
60741.830763005724	-165702241.9166398	1
60741.83086322029	-165702241.93226433	1
60741.83096336926	-165702241.9072194	1
60741.831063546844	-165702241.89639872	1
60741.83116369099	-165702241.9257111	1
60741.831263894375	-165702241.8926382	1
60741.83136396991	-165702241.85609186	1
60741.83146423647	-165702241.87908757	1
60741.83156434133	-165702241.87473089	1
60741.83166444732	-165702241.92021763	1
60741.83176466755	-165702241.91900402	1
60741.83186487779	-165702241.91460943	1
60741.83196502956	-165702241.89145875	1
60741.832065225324	-165702241.92023158	1
60741.83216531632	-165702241.87068707	1
60741.83226553191	-165702241.8935485	1
60741.83236566885	-165702241.8801883	1
60741.83246585825	-165702241.90119964	1
60741.832566104735	-165702241.89049178	1
60741.83266617406	-165702241.90768915	1
60741.832766327585	-165702241.89599848	1
60741.83286652676	-165702241.92961568	1
60741.83296660267	-165702241.95628583	1
60741.83306681391	-165702241.93038595	1
60741.8331669928	-165702241.9480043	1
60741.83326716721	-165702241.92324352	1
60741.83336728517	-165702241.8867969	1
60741.83346752995	-165702241.931588	1
60741.833567659334	-165702241.9305842	1
60741.83366778715	-165702241.93973213	1
60741.83376790276	-165702241.96090794	1
60741.833868154645	-165702241.9470309	1
60741.83396834553	-165702241.95284444	1
60741.83406849124	-165702241.91395873	1
60741.834168628804	-165702241.93610734	1
60741.8342687168	-165702241.90575325	1
60741.834368986725	-165702241.87899446	1
60741.8344690984	-165702241.89557284	1
60741.83456925439	-165702241.90819156	1
60741.8346694948	-165702241.89014453	1
60741.83476960539	-165702241.94322318	1
60741.83486984601	-165702241.9493907	1
60741.834970013166	-165702241.95687395	1
60741.835070087014	-165702241.97378975	1
60741.83517026338	-165702241.9724993	1
60741.83527048682	-165702242.01719338	1
60741.83537059806	-165702242.00113744	1
60741.83547081073	-165702241.9487111	1
60741.8355709357	-165702241.95519483	1
60741.83567110087	-165702241.96502757	1
60741.83577126354	-165702241.91575825	1
60741.83587146886	-165702241.9167536	1
60741.8359715331	-165702241.94934422	1
60741.83607175445	-165702241.9482271	1
60741.83617187204	-165702241.92968065	1
60741.83627207966	-165702241.8941692	1
60741.83867600371	-165702241.8940696	1
60741.83877625909	-165702241.86448395	1
60741.838876376634	-165702241.89317137	1
60741.838976495346	-165702241.85414344	1
60741.83907672499	-165702241.83756185	1
60741.83917687429	-165702241.8606032	1
60741.8392770101	-165702241.87106526	1
60741.839377158416	-165702241.88268393	1
60741.83947730654	-165702241.90375245	1
60741.839577468156	-165702241.90979075	1
60741.83967775019	-165702241.8937285	1
60741.839777818364	-165702241.89341354	1
60741.83987796466	-165702241.87196082	1
60741.839978220356	-165702241.89923787	1
60741.8400783278	-165702241.8976134	1
60741.84017848681	-165702241.86881113	1
60741.84027869939	-165702241.85060513	1
60741.840378879075	-165702241.88688588	1
60741.840479005245	-165702241.86106622	1
60741.84057915132	-165702241.90565777	1
60741.8406793218	-165702241.87052494	1
60741.84077946951	-165702241.85151625	1
60741.84087961127	-165702241.83632278	1
60741.840979819455	-165702241.89923203	1
60741.84107992711	-165702241.8741175	1
60741.841180153686	-165702241.90560496	1
60741.84128029001	-165702241.85479027	1
60741.841380488826	-165702241.85942036	1
60741.84148062539	-165702241.9073646	1
60741.84158081425	-165702241.89291424	1
60741.84168092275	-165702241.88689405	1
60741.8417811436	-165702241.88819277	1
60741.84188134413	-165702241.91490382	1
60741.841981389756	-165702241.9109937	1
60741.8420816058	-165702241.8609202	1
60741.842181826025	-165702241.9026587	1
60741.842281997815	-165702241.8896603	1
60741.84238209582	-165702241.866306	1
60741.84248224463	-165702241.89539075	1
60741.842582457284	-165702241.83466905	1
60741.84268258347	-165702241.83386672	1
60741.842782781685	-165702241.8419761	1
60741.84288287637	-165702241.86153722	1
60741.84298306963	-165702241.83169937	1
60741.84308324088	-165702241.85800868	1
60741.843183476165	-165702241.86317074	1
60741.84328350226	-165702241.90443802	1
60741.843383788786	-165702241.8471616	1
60741.843484014826	-165702241.88387966	1
60741.84358417647	-165702241.8359704	1
60741.84368422017	-165702241.82411772	1
60741.8437844078	-165702241.81817675	1
60741.84388457155	-165702241.8539759	1
60741.8439847149	-165702241.84342706	1
60741.84408499845	-165702241.82992572	1
60741.84418511769	-165702241.85774904	1
60741.84428520192	-165702241.83767843	1
60741.84438543857	-165702241.8469618	1
60741.84448558903	-165702241.81434953	1
60741.84458567975	-165702241.81411117	1
60741.844685887	-165702241.86857975	1
60741.84478600295	-165702241.8117664	1
60741.844886220024	-165702241.80676383	1
60741.84498642602	-165702241.8217929	1
60741.84508661692	-165702241.83095342	1
60741.84518673257	-165702241.82175583	1
60741.845286814365	-165702241.8613956	1
60741.845387114896	-165702241.88960832	1
60741.84548720107	-165702241.87590563	1
60741.84558737166	-165702241.85019612	1
60741.84568757642	-165702241.86589962	1
60741.845787674196	-165702241.82062805	1
60741.845887861404	-165702241.83233696	1
60741.845988041474	-165702241.82742095	1
60741.846088204664	-165702241.80308712	1
60741.846188403666	-165702241.81969154	1
60741.8462885852	-165702241.86261445	1
60741.846388683145	-165702241.8367802	1
60741.84648884585	-165702241.82832766	1
60741.84658897577	-165702241.83711112	1
60741.84668922437	-165702241.8093468	1
60741.846789339834	-165702241.7756588	1
60741.846889466644	-165702241.83467227	1
60741.84698967609	-165702241.83432966	1
60741.847089822164	-165702241.79423153	1
60741.84719003367	-165702241.85192508	1
60741.847290177786	-165702241.8325314	1
60741.84739029791	-165702241.83517754	1
60741.847490567874	-165702241.8352173	1
60741.84759066157	-165702241.80834937	1
60741.84769076303	-165702241.80328608	1
60741.84779099836	-165702241.79315317	1
60741.847891110185	-165702241.82083863	1
60741.847991304356	-165702241.80672365	1
60741.84809140862	-165702241.82088876	1
60741.84819166334	-165702241.8148461	1
60741.8482918008	-165702241.81670886	1
60741.8483920073	-165702241.77871984	1
60741.84849221679	-165702241.82244056	1
60741.84859234745	-165702241.784881	1
60741.84869240349	-165702241.78821748	1
60741.848792685196	-165702241.76988178	1
60741.84889276798	-165702241.75093865	1
60741.84899294436	-165702241.80817825	1
60741.849093070596	-165702241.8016119	1
60741.84919330736	-165702241.77108854	1
60741.8492933674	-165702241.75743842	1
60741.84939357117	-165702241.78463942	1
60741.849493753194	-165702241.77436286	1
60741.84959395637	-165702241.79053235	1
60741.84969412209	-165702241.81933564	1
60741.8497942616	-165702241.79045832	1
60741.849894425606	-165702241.77271622	1
60741.84999454111	-165702241.78444386	1
60741.850094805326	-165702241.76807082	1
60741.850194929306	-165702241.81000614	1
60741.85029514322	-165702241.79970056	1
60741.850395227855	-165702241.80779612	1
60741.85049544006	-165702241.7990864	1
60741.85059565102	-165702241.79496777	1
60741.850695684014	-165702241.7582326	1
60741.8507958484	-165702241.7760623	1
60741.85089610519	-165702241.78856468	1
60741.850996225796	-165702241.76154953	1
60741.85109635965	-165702241.77994943	1
60741.85119656336	-165702241.75792223	1
60741.85129682964	-165702241.79943502	1
60741.85139685663	-165702241.83046365	1
60741.851496998046	-165702241.7947604	1
60741.851597245186	-165702241.80026692	1
60741.8516973623	-165702241.80463684	1
60741.85179757972	-165702241.82171416	1
60741.85189770885	-165702241.83484256	1
60741.85199787838	-165702241.7737363	1
60741.85209807853	-165702241.7859357	1
60741.85219827613	-165702241.82507974	1
60741.85229836547	-165702241.8160032	1
60741.85239857953	-165702241.8152761	1
60741.852498696186	-165702241.82484025	1
60741.85259886627	-165702241.84449035	1
60741.852699032475	-165702241.856772	1
60741.85279915829	-165702241.84109217	1
60741.852899380414	-165702241.80992013	1
60741.85299957042	-165702241.85971016	1
60741.85309964483	-165702241.82518315	1
60741.85319981413	-165702241.77754748	1
60741.85329999217	-165702241.80778778	1
60741.85340020018	-165702241.78759122	1
60741.85350035963	-165702241.7983191	1
60741.85360057556	-165702241.74152523	1
60741.85370067115	-165702241.76717383	1
60741.85380089872	-165702241.76665652	1
60741.853901052054	-165702241.8107276	1
60741.85400117482	-165702241.79575318	1
60741.854101295845	-165702241.77102745	1
60741.85420146118	-165702241.79457456	1
60741.854301684514	-165702241.76299268	1
60741.854401786266	-165702241.77944696	1
60741.85450194728	-165702241.7837851	1
60741.85460229671	-165702241.82738978	1
60741.85470231548	-165702241.81959754	1
60741.854802553375	-165702241.80030447	1
60741.8549026421	-165702241.80000597	1
60741.8550028746	-165702241.7390033	1
60741.85510302855	-165702241.7577315	1
60741.85520311814	-165702241.8018561	1
60741.85530335684	-165702241.79003906	1
60741.85540344947	-165702241.79071873	1
60741.855503655905	-165702241.7803887	1
60741.85560386485	-165702241.82277125	1
60741.8557039633	-165702241.76256472	1
60741.85580409667	-165702241.77933127	1
60741.85590425449	-165702241.73680365	1
60741.856004508954	-165702241.777838	1
60741.85610468054	-165702241.79407495	1
60741.856204808195	-165702241.78396922	1
60741.85630495731	-165702241.80720592	1
60741.85640505608	-165702241.80034482	1
60741.85650534002	-165702241.81035936	1
60741.85660544002	-165702241.77484083	1
60741.856705657985	-165702241.77433598	1
60741.85680576275	-165702241.76964164	1
60741.85690593861	-165702241.77344853	1
60741.85700612663	-165702241.77505285	1
60741.85710623591	-165702241.79643863	1
60741.85720646593	-165702241.77226406	1
60741.85730660957	-165702241.80809665	1
60741.85740674363	-165702241.77352428	1
60741.85750690793	-165702241.79948586	1
60741.85760713492	-165702241.77044785	1
60741.857707193565	-165702241.7375785	1
60741.8578074067	-165702241.7491513	1
60741.85790756508	-165702241.76771122	1
60741.8580077938	-165702241.77384734	1
60741.85810791577	-165702241.72846717	1
60741.85820808546	-165702241.7877589	1
60741.85830820138	-165702241.78794938	1
60741.85840838721	-165702241.80316043	1
60741.85850858402	-165702241.77857834	1
60741.85860869976	-165702241.77249956	1
60741.85870887694	-165702241.7866243	1
60741.858809112535	-165702241.76167995	1
60741.8589092228	-165702241.78630263	1
60741.85900940133	-165702241.81961966	1
60741.859109570156	-165702241.82310194	1
60741.85920979141	-165702241.80477726	1
60741.8593099528	-165702241.77416927	1
60741.8594101129	-165702241.76474655	1
60741.85951024555	-165702241.68008065	1
60741.859610384185	-165702241.73186314	1
60741.859710538854	-165702241.75064415	1
60741.85981074214	-165702241.73570436	1
60741.8599109143	-165702241.69614017	1
60741.860011107354	-165702241.71591997	1
60741.860111171336	-165702241.70174032	1
60741.86021133308	-165702241.73107028	1
60741.86031159477	-165702241.71558303	1
60741.86041162747	-165702241.73860192	1
60741.860511932515	-165702241.74817204	1
60741.860611990574	-165702241.77889878	1
60741.86071212679	-165702241.76484913	1
60741.86111279478	-165702241.76303548	1
60741.86121306827	-165702241.7635324	1
60741.86131324464	-165702241.735646	1
60741.861413267216	-165702241.76898408	1
60741.86151347279	-165702241.75976318	1
60741.86161363123	-165702241.76960897	1
60741.86171379697	-165702241.7383414	1
60741.86181403714	-165702241.73425174	1
60741.86191418231	-165702241.75532264	1
60741.86201427533	-165702241.7884097	1
60741.86211448729	-165702241.810292	1
60741.86221468106	-165702241.7760018	1
60741.86231475402	-165702241.72429222	1
60741.86241506063	-165702241.72787404	1
60741.86251510179	-165702241.721847	1
60741.86261528154	-165702241.69894236	1
60741.8627155313	-165702241.74530965	1
60741.86281561439	-165702241.69903564	1
60741.86291575094	-165702241.73190117	1
60741.86301598129	-165702241.77897894	1
60741.86311614166	-165702241.76336002	1
60741.86321634341	-165702241.73225754	1
60741.86331638233	-165702241.77278364	1
60741.863416618944	-165702241.7715109	1
60741.86351679596	-165702241.77686882	1
60741.863616967996	-165702241.80599535	1
60741.863717106506	-165702241.7661994	1
60741.86381735638	-165702241.73587167	1
60741.863917459494	-165702241.75795782	1
60741.864017617576	-165702241.77363503	1
60741.864117804864	-165702241.79290938	1
60741.86421799628	-165702241.79268587	1
60741.86431816536	-165702241.83486634	1
60741.8644182379	-165702241.82153153	1
60741.864518402166	-165702241.76865643	1
60741.864618621235	-165702241.80435503	1
60741.86471872495	-165702241.76219505	1
60741.86481895573	-165702241.76519924	1
60741.86491914048	-165702241.77662522	1
60741.86501926217	-165702241.76943898	1
60741.86511944362	-165702241.7611494	1
60741.86521956155	-165702241.7407822	1
60741.865319720644	-165702241.7578022	1
60741.8654198936	-165702241.78368336	1
60741.86552009452	-165702241.75854152	1
60741.86562032883	-165702241.72461408	1
60741.8657204234	-165702241.72738636	1
60741.865820616615	-165702241.7373227	1
60741.86592071331	-165702241.74502677	1
60741.8660209209	-165702241.7633025	1
60741.86612104986	-165702241.7799533	1
60741.86652171795	-165702241.7575791	1
60741.86662186224	-165702241.76193368	1
60741.86672210371	-165702241.7668938	1
60741.866822193464	-165702241.7500574	1
60741.86692244408	-165702241.7869413	1
60741.86702252294	-165702241.77718985	1
60741.86712273034	-165702241.79578876	1
60741.86722285406	-165702241.82298535	1
60741.867322976956	-165702241.7691098	1
60741.867423133575	-165702241.81228328	1
60741.86752335314	-165702241.8302948	1
60741.867623620514	-165702241.85939544	1
60741.86772369354	-165702241.84884948	1
60741.8678238174	-165702241.8549003	1
60741.867924064056	-165702241.85848486	1
60741.86802423806	-165702241.82131797	1
60741.868124376655	-165702241.83312666	1
60741.868224498765	-165702241.7827654	1
60741.86832462773	-165702241.82380456	1
60741.86842493109	-165702241.8092249	1
60741.8685249461	-165702241.80070508	1
60741.86862516034	-165702241.8723964	1
60741.86872533438	-165702241.79275572	1
60741.868825561425	-165702241.80520117	1
60741.86892567054	-165702241.8160206	1
60741.869025921784	-165702241.80772895	1
60741.86912598221	-165702241.77913624	1
60741.86922617574	-165702241.75909984	1
60741.86932633096	-165702241.7786528	1
60741.86942642386	-165702241.79179543	1
60741.86952663219	-165702241.74873686	1
60741.869626834705	-165702241.76884514	1
60741.869726964724	-165702241.77803516	1
60741.86982712161	-165702241.75722158	1
60741.86992730708	-165702241.7465365	1
60741.870027401616	-165702241.7371996	1
60741.87012764129	-165702241.76333058	1
60741.87022782048	-165702241.77393615	1
60741.87032799418	-165702241.82249492	1
60741.87042803426	-165702241.7645477	1
60741.87052820505	-165702241.8108973	1
60741.8706283829	-165702241.75873762	1
60741.870728678965	-165702241.7529714	1
60741.870828764826	-165702241.78645694	1
60741.87092903021	-165702241.76786602	1
60741.87102912248	-165702241.76202697	1
60741.87112927271	-165702241.78402627	1
60741.87122945676	-165702241.78011602	1
60741.87132960032	-165702241.78740108	1
60741.87142973045	-165702241.80984366	1
60741.87152994858	-165702241.85656112	1
60741.87163010036	-165702241.84460825	1
60741.87173026565	-165702241.7997898	1
60741.87183038806	-165702241.8404606	1
60741.87193057518	-165702241.79719102	1
60741.872030743885	-165702241.82007986	1
60741.872130904856	-165702241.80655253	1
60741.87223106109	-165702241.84832025	1
60741.87233119416	-165702241.80943954	1
60741.87243141075	-165702241.7998963	1
60741.87253160007	-165702241.78558266	1
60741.87263175067	-165702241.7863844	1
60741.872731861695	-165702241.7685753	1
60741.87283208285	-165702241.7465101	1
60741.87293224424	-165702241.7950558	1
60741.87303239995	-165702241.81765044	1
60741.87313256489	-165702241.83706892	1
60741.873232761594	-165702241.81469762	1
60741.87333289446	-165702241.79572958	1
60741.873433056055	-165702241.73610586	1
60741.87353329455	-165702241.79122788	1
60741.87363327877	-165702241.76103735	1
60741.87373352896	-165702241.77380723	1
60741.87383367865	-165702241.7754268	1
60741.87393385849	-165702241.7366755	1
60741.87403405784	-165702241.73130816	1
60741.87413418448	-165702241.7070502	1
60741.87423439698	-165702241.7596383	1
60741.874334512046	-165702241.74584806	1
60741.874434661106	-165702241.7388994	1
60741.87453479458	-165702241.743347	1
60741.874635053944	-165702241.72040635	1
60741.874735230194	-165702241.7443018	1
60741.874835309085	-165702241.75063312	1
60741.874935527085	-165702241.79431427	1
60741.87503569225	-165702241.77149212	1
60741.87513584929	-165702241.76305586	1
60741.87523602582	-165702241.785612	1
60741.87533615143	-165702241.76996362	1
60741.87543639415	-165702241.7530347	1
60741.87553655933	-165702241.69030553	1
60741.875636628676	-165702241.716451	1
60741.875736787675	-165702241.7320611	1
60741.87583703089	-165702241.74748504	1
60741.87593719445	-165702241.7287075	1
60741.87603738384	-165702241.73708254	1
60741.87613749511	-165702241.70253783	1
60741.876237678895	-165702241.6999948	1
60741.87633782742	-165702241.72142994	1
60741.876437970306	-165702241.72371888	1
60741.87653818361	-165702241.70587862	1
60741.87663825718	-165702241.67824262	1
60741.87673850291	-165702241.70613688	1
60741.87683863605	-165702241.69560766	1
60741.87693871223	-165702241.74571204	1
60741.87703894551	-165702241.75203001	1
60741.877139130454	-165702241.74064445	1
60741.87723932377	-165702241.76230723	1
60741.87733948314	-165702241.77066684	1
60741.87743959731	-165702241.7893734	1
60741.87753976399	-165702241.73919797	1
60741.877640041035	-165702241.73696697	1
60741.87774005261	-165702241.7130021	1
60741.87784030923	-165702241.73699898	1
60741.87794049733	-165702241.76319033	1
60741.8780406373	-165702241.75763893	1
60741.87814078045	-165702241.73356533	1
60741.878240934915	-165702241.7185604	1
60741.8783411577	-165702241.70592475	1
60741.87844133189	-165702241.72468954	1
60741.87854140463	-165702241.73205483	1
60741.87864161695	-165702241.73930526	1
60741.878741761575	-165702241.74206537	1
60741.87884194026	-165702241.75105995	1
60741.87894214644	-165702241.75471902	1
60741.87904233105	-165702241.7387436	1
60741.879142451806	-165702241.75484574	1
60741.87924253839	-165702241.7388137	1
60741.87934272843	-165702241.7514928	1
60741.87944289336	-165702241.706618	1
60741.87954310149	-165702241.72330463	1
60741.87964319192	-165702241.72119635	1
60741.879743456695	-165702241.73684412	1
60741.87984359351	-165702241.73107004	1
60741.87994374619	-165702241.73829925	1
60741.88004383334	-165702241.75076473	1
60741.88014407101	-165702241.74202168	1
60741.88024420194	-165702241.7484632	1
60741.880344371435	-165702241.72988057	1
60741.88044453081	-165702241.73856533	1
60741.880544681684	-165702241.74066043	1
60741.8806448982	-165702241.7157212	1
60741.88074508854	-165702241.75968713	1
60741.88084520489	-165702241.71932352	1
60741.88094531262	-165702241.71963882	1
60741.8810455131	-165702241.7024539	1
60741.881145732834	-165702241.74150312	1
60741.88124586257	-165702241.76349247	1
60741.881346040886	-165702241.74882025	1
60741.88144614282	-165702241.73886865	1
60741.88154631719	-165702241.72458613	1
60741.881646500755	-165702241.78975153	1
60741.8818719972	-165702241.7936831	1
60741.881972171665	-165702241.74883342	1
60741.882072400396	-165702241.74038857	1
60741.8821725335	-165702241.75649488	1
60741.882272733026	-165702241.80078918	1
60741.882372848966	-165702241.81448632	1
60741.88247299392	-165702241.75597954	1
60741.88257310019	-165702241.79149657	1
60741.88267334805	-165702241.7812717	1
60741.882773503334	-165702241.78102088	1
60741.88287369276	-165702241.76882887	1
60741.88297383831	-165702241.77024198	1
60741.883073989564	-165702241.77404076	1
60741.883174143746	-165702241.77107584	1
60741.88327431923	-165702241.77180332	1
60741.883374533354	-165702241.80891973	1
60741.883474539776	-165702241.78922272	1
60741.883574741834	-165702241.7794671	1
60741.88367499165	-165702241.73874664	1
60741.883775149894	-165702241.76429135	1
60741.883875315085	-165702241.78177643	1
60741.88397553923	-165702241.78133154	1
60741.884075624235	-165702241.77573854	1
60741.884175722604	-165702241.76257098	1
60741.88427594908	-165702241.7848801	1
60741.88437620951	-165702241.78518707	1
60741.88447626766	-165702241.73810905	1
60741.88457643399	-165702241.764679	1
60741.88467655773	-165702241.7837689	1
60741.88477676699	-165702241.7842158	1
60741.88487696913	-165702241.764503	1
60741.88497711523	-165702241.81853372	1
60741.88507722999	-165702241.78692055	1
60741.88517745065	-165702241.77109402	1
60741.88527765695	-165702241.7944526	1
60741.88537782752	-165702241.81855172	1
60741.885477937554	-165702241.78063774	1
60741.885578140784	-165702241.79272914	1
60741.88567824905	-165702241.80486882	1
60741.88577843385	-165702241.7713266	1
60741.8858785979	-165702241.76789224	1
60741.885978733044	-165702241.767268	1
60741.88607891137	-165702241.80730367	1
60741.88617913358	-165702241.77348214	1
60741.8862792972	-165702241.8095743	1
60741.88637942718	-165702241.80912602	1
60741.88647953625	-165702241.82291436	1
60741.88657978699	-165702241.7851392	1
60741.88667993939	-165702241.81686604	1
60741.88678006681	-165702241.7826237	1
60741.88688025928	-165702241.80303097	1
60741.88698043218	-165702241.77858025	1
60741.88708062915	-165702241.82702744	1
60741.88718078529	-165702241.84994203	1
60741.88728094749	-165702241.79271615	1
60741.88738102145	-165702241.78214848	1
60741.88748124416	-165702241.79402888	1
60741.887581443836	-165702241.82537538	1
60741.887681558874	-165702241.83076274	1
60741.88778169912	-165702241.80738175	1
60741.887881858725	-165702241.77264142	1
60741.88798203161	-165702241.75948846	1
60741.88808221049	-165702241.7840253	1
60741.88818239184	-165702241.74404687	1
60741.88828250676	-165702241.7667421	1
60741.888382642945	-165702241.7742353	1
60741.88848285761	-165702241.7539088	1
60741.8885829473	-165702241.78052014	1
60741.888683130375	-165702241.78537512	1
60741.88878336219	-165702241.81044734	1
60741.88888342471	-165702241.7908002	1
60741.88898371252	-165702241.75531805	1
60741.88908387486	-165702241.7511897	1
60741.88918405533	-165702241.7587182	1
60741.88928421847	-165702241.7319324	1
60741.88938437464	-165702241.68303668	1
60741.889484461375	-165702241.70222944	1
60741.889584630866	-165702241.72683322	1
60741.88968481257	-165702241.7275849	1
60741.88978498385	-165702241.72963613	1
60741.88988516083	-165702241.71397465	1
60741.8899852723	-165702241.72717422	1
60741.890085548504	-165702241.72537923	1
60741.89018563953	-165702241.74889642	1
60741.89028578834	-165702241.77835697	1
60741.89038605018	-165702241.78311223	1
60741.89048619751	-165702241.76764905	1
60741.89058631489	-165702241.77866006	1
60741.89068652101	-165702241.752253	1
60741.8907866056	-165702241.7478276	1
60741.89088684799	-165702241.72699064	1
60741.890987016355	-165702241.74863213	1
60741.89108711752	-165702241.74794996	1
60741.89118729095	-165702241.72898138	1
60741.89128739354	-165702241.7200352	1
60741.891387560696	-165702241.7023629	1
60741.89148782883	-165702241.7391343	1
60741.89158788395	-165702241.7183752	1
60741.89168812148	-165702241.75071645	1
60741.89178824444	-165702241.75231653	1
60741.89188837332	-165702241.76264256	1
60741.89198857926	-165702241.77547276	1
60741.89208883169	-165702241.80351043	1
60741.89218893648	-165702241.80628246	1
60741.89228908261	-165702241.779181	1
60741.89238924723	-165702241.8297469	1
60741.89248945728	-165702241.80192918	1
60741.892589591625	-165702241.77845323	1
60741.892689756896	-165702241.76767015	1
60741.89278992506	-165702241.7754702	1
60741.8928901385	-165702241.7859959	1
60741.892990284716	-165702241.74662906	1
60741.89309043822	-165702241.79074705	1
60741.89319060327	-165702241.7415861	1
60741.89329075553	-165702241.75587577	1
60741.89339092416	-165702241.77087748	1
60741.89349108024	-165702241.75679183	1
60741.893591225926	-165702241.7317571	1
60741.89369138408	-165702241.7428944	1
60741.8937915516	-165702241.78737855	1
60741.89389177177	-165702241.7775342	1
60741.89399189241	-165702241.7477677	1
60741.89409207163	-165702241.74594635	1
60741.894192289175	-165702241.73714542	1
60741.89479321934	-165702241.79972625	1
60741.89489337226	-165702241.72585034	1
60741.89499354392	-165702241.75374764	1
60741.89509375006	-165702241.72584116	1
60741.895193857585	-165702241.7751984	1
60741.89529403243	-165702241.80817515	1
60741.89539427786	-165702241.79366213	1
60741.8954943588	-165702241.77462226	1
60741.89559457739	-165702241.8292712	1
60741.895694691724	-165702241.79584265	1
60741.89579492439	-165702241.77651542	1
60741.89589506874	-165702241.80504227	1
60741.89599517198	-165702241.7602356	1
60741.89609538313	-165702241.78570217	1
60741.89619554194	-165702241.76214153	1
60741.89629573697	-165702241.7599135	1
60741.896395787146	-165702241.75713325	1
60741.89649599044	-165702241.82621157	1
60741.89659617339	-165702241.80743444	1
60741.89669632274	-165702241.80802578	1
60741.89679648919	-165702241.8377831	1
60741.896896687256	-165702241.80962265	1
60741.89699682721	-165702241.79026783	1
60741.89709699472	-165702241.7897011	1
60741.897197155675	-165702241.78497905	1
60741.89729734494	-165702241.7822107	1
60741.89739755038	-165702241.7867422	1
60741.89749760545	-165702241.78576523	1
60741.89759782189	-165702241.8520084	1
60741.897697971595	-165702241.7854579	1
60741.89779817704	-165702241.80734456	1
60741.89789827275	-165702241.82433552	1
60741.8979984501	-165702241.79967892	1
60741.8980985957	-165702241.78525442	1
60741.89819879217	-165702241.7727239	1
60741.898298956774	-165702241.73666608	1
60741.89839914527	-165702241.74180043	1
60741.89849937203	-165702241.77044874	1
60741.89859941409	-165702241.79397058	1
60741.898699674755	-165702241.7960984	1
60741.89879976209	-165702241.8164351	1
60741.89889998693	-165702241.81348526	1
60741.8990000657	-165702241.8556345	1
60741.89910028096	-165702241.81070292	1
60741.89920044833	-165702241.8146112	1
60741.8993006762	-165702241.81403267	1
60741.89940078111	-165702241.8006106	1
60741.89950093371	-165702241.76611692	1
60741.89960111744	-165702241.74441087	1
60741.89970131354	-165702241.77115446	1
60741.89980140818	-165702241.79300636	1
60741.899901546625	-165702241.76909506	1
60741.90000166897	-165702241.77102774	1
60741.90010196321	-165702241.76820898	1
60741.90020206444	-165702241.82008362	1
60741.90030223496	-165702241.82432395	1
60741.90040239003	-165702241.82047802	1
60741.90050258443	-165702241.85633206	1
60741.900602751426	-165702241.7929935	1
60741.900702925304	-165702241.7925954	1
60741.900803051256	-165702241.82921708	1
60741.900903242145	-165702241.80429566	1
60741.901003377636	-165702241.82507497	1
60741.90110361266	-165702241.80510324	1
60741.90120372321	-165702241.79317123	1
60741.90130388632	-165702241.8183974	1
60741.901404060314	-165702241.7995748	1
60741.90150425361	-165702241.81570202	1
60741.901604409475	-165702241.7877378	1
60741.90170455602	-165702241.78728396	1
60741.90180467159	-165702241.7708711	1
60741.90190494496	-165702241.77530342	1
60741.902005109405	-165702241.7601745	1
60741.9021052469	-165702241.809434	1
60741.90220538048	-165702241.80509448	1
60741.90230555586	-165702241.83403426	1
60741.902405708155	-165702241.82635063	1
60741.902505954655	-165702241.8324114	1
60741.902606069096	-165702241.85336953	1
60741.90270615909	-165702241.80511135	1
60741.90280634403	-165702241.8379984	1
60741.90290653307	-165702241.83639503	1
60741.903006623375	-165702241.8109051	1
60741.90310686606	-165702241.81789058	1
60741.903207012525	-165702241.8332039	1
60741.90330717808	-165702241.81219053	1
60741.90340737358	-165702241.82314968	1
60741.9035075719	-165702241.8366778	1
60741.90360765318	-165702241.8175019	1
60741.90370787256	-165702241.82660496	1
60741.90380806501	-165702241.8168096	1
60741.90390820312	-165702241.82880604	1
60741.9040082736	-165702241.8150882	1
60741.904108510935	-165702241.80998766	1
60741.90420865447	-165702241.80378348	1
60741.90430883946	-165702241.80210716	1
60741.90440898578	-165702241.8332883	1
60741.90450920458	-165702241.79531628	1
60741.904609298545	-165702241.792915	1
60741.9047094469	-165702241.8333481	1
60741.904809656946	-165702241.85411865	1
60741.90490982006	-165702241.8289994	1
60741.90500997186	-165702241.8316059	1
60741.905110171196	-165702241.78724074	1
60741.90521031482	-165702241.8158447	1
60741.90531041038	-165702241.79083264	1
60741.905410631865	-165702241.7665043	1
60741.90551085168	-165702241.74928963	1
60741.905610982554	-165702241.7896896	1
60741.90571108497	-165702241.81847697	1
60741.90581137089	-165702241.7720816	1
60741.90591142692	-165702241.79940534	1
60741.90601164996	-165702241.79989278	1
60741.906111778415	-165702241.79110426	1
60741.90621197011	-165702241.79909074	1
60741.906312054816	-165702241.83553034	1
60741.906412317905	-165702241.83864486	1
60741.906512456095	-165702241.82681417	1
60741.906612645624	-165702241.76660532	1
60741.90671280408	-165702241.8014279	1
60741.90741393497	-165702241.81887275	1
60741.90751410226	-165702241.85529768	1
60741.90761418718	-165702241.86862004	1
60741.907714435365	-165702241.82010198	1
60741.90781448594	-165702241.79616177	1
60741.90791476121	-165702241.82098997	1
60741.90801489402	-165702241.83373845	1
60741.90811501421	-165702241.77751184	1
60741.90821515839	-165702241.7695685	1
60741.90831543013	-165702241.75071782	1
60741.90841558215	-165702241.78635943	1
60741.90851566641	-165702241.82634288	1
60741.90861591565	-165702241.8089261	1
60741.908716039456	-165702241.75560164	1
60741.90881623431	-165702241.78420246	1
60741.908916464075	-165702241.76462758	1
60741.90901649947	-165702241.768183	1
60741.909116740964	-165702241.84358853	1
60741.90921689539	-165702241.7772801	1
60741.90931697689	-165702241.80695057	1
60741.90941718183	-165702241.7926786	1
60741.90951735603	-165702241.82076168	1
60741.90961748095	-165702241.8021922	1
60741.90971773793	-165702241.75024676	1
60741.909817845626	-165702241.73058134	1
60741.90991803304	-165702241.79524112	1
60741.91001817293	-165702241.7752791	1
60741.91011836913	-165702241.74741274	1
60741.910218525896	-165702241.74866956	1
60741.91031863424	-165702241.72726703	1
60741.91041887896	-165702241.7651381	1
60741.91051901161	-165702241.7398057	1
60741.9106191733	-165702241.75266135	1
60741.910719364474	-165702241.74593562	1
60741.91081951078	-165702241.7323286	1
60741.91091967429	-165702241.76448452	1
60741.91101982697	-165702241.79501653	1
60741.911119998025	-165702241.7591098	1
60741.91122011411	-165702241.76849526	1
60741.911320309926	-165702241.74368924	1
60741.91142047884	-165702241.76312298	1
60741.9115205886	-165702241.77351075	1
60741.91162089264	-165702241.7977659	1
60741.911721037824	-165702241.7500857	1
60741.91182109598	-165702241.7213664	1
60741.911921324754	-165702241.7405882	1
60741.91202146049	-165702241.72049296	1
60741.912121676185	-165702241.75314808	1
60741.912221797684	-165702241.76602477	1
60741.91232196469	-165702241.78868806	1
60741.91242213261	-165702241.74021977	1
60741.91252225508	-165702241.7485696	1
60741.91262247419	-165702241.7631703	1
60741.91272267038	-165702241.7454449	1
60741.912822773105	-165702241.73101258	1
60741.9129229217	-165702241.75641018	1
60741.913023114445	-165702241.7341466	1
60741.91312331716	-165702241.74663007	1
60741.91322342544	-165702241.74080634	1
60741.91332363458	-165702241.78900307	1
60741.913423830185	-165702241.76349372	1
60741.913523957104	-165702241.7844532	1
60741.913624122826	-165702241.7534911	1
60741.91372432941	-165702241.7620492	1
60741.913824422685	-165702241.7691731	1
60741.91392460211	-165702241.7896325	1
60741.91402474841	-165702241.77995795	1
60741.91412500529	-165702241.7656992	1
60741.9142250785	-165702241.7870295	1
60741.91432526045	-165702241.73038763	1
60741.91442545187	-165702241.787993	1
60741.91452561596	-165702241.79536957	1
60741.91462574984	-165702241.76386672	1
60741.91472588073	-165702241.79105687	1
60741.9148260843	-165702241.7632231	1
60741.914926255486	-165702241.72062218	1
60741.915145462626	-165702241.72474247	1
60741.91525194074	-165702241.69710445	1
60741.91535203047	-165702241.71699572	1
60741.91545229797	-165702241.6752618	1
60741.91555237597	-165702241.73059285	1
60741.91565257048	-165702241.68107367	1
60741.915752666166	-165702241.65794677	1
60741.91585289607	-165702241.6867407	1
60741.91595309622	-165702241.6512307	1
60741.91605318957	-165702241.66971368	1
60741.91615343211	-165702241.711308	1
60741.916253549396	-165702241.7181102	1
60741.91635370158	-165702241.72151822	1
60741.916453844766	-165702241.7324667	1
60741.91655399548	-165702241.69590706	1
60741.9166542809	-165702241.69034195	1
60741.916754337064	-165702241.68501335	1
60741.91685453232	-165702241.7246158	1
60741.916954583525	-165702241.70646566	1
60741.91705487615	-165702241.71616906	1
60741.91715505377	-165702241.69763172	1
60741.91725516063	-165702241.7365722	1
60741.91735533999	-165702241.6996767	1
60741.91745549572	-165702241.68440062	1
60741.91755563582	-165702241.6803062	1
60741.91765580058	-165702241.71186417	1
60741.9177560539	-165702241.65112668	1
60741.91785613309	-165702241.66913712	1
60741.91807535128	-165702241.67465603	1
60741.91818183678	-165702241.69618315	1
60741.918281992075	-165702241.71164554	1
60741.918382175405	-165702241.68594033	1
60741.91848239449	-165702241.67946893	1
60741.91858248582	-165702241.6926766	1
60741.91868265985	-165702241.68822426	1
60741.91878283707	-165702241.70268965	1
60741.9188829768	-165702241.69449723	1
60741.918983167016	-165702241.68849695	1
60741.9190833161	-165702241.6865356	1
60741.91918350838	-165702241.70029163	1
60741.91928368963	-165702241.73371297	1
60741.91938382994	-165702241.71224308	1
60741.91948395977	-165702241.69481856	1
60741.91958414898	-165702241.74174923	1
60741.91968432716	-165702241.76301736	1
60741.91978444874	-165702241.79655814	1
60741.91988462536	-165702241.73173642	1
60741.91998481268	-165702241.724872	1
60741.920084973724	-165702241.70087725	1
60741.92018511545	-165702241.70724952	1
60741.9202853556	-165702241.66903567	1
60741.92038547794	-165702241.6777138	1
60741.92048566322	-165702241.7029639	1
60741.920585812135	-165702241.66328114	1
60741.92068584757	-165702241.6832558	1
60741.920786035116	-165702241.72943842	1
60741.92088627938	-165702241.6937089	1
60741.92098635563	-165702241.6626556	1
60741.92108653496	-165702241.67055	1
60741.92118672001	-165702241.66926885	1
60741.92128693243	-165702241.69281042	1
60741.92138710039	-165702241.68341935	1
60741.92148723626	-165702241.67593557	1
60741.92158746528	-165702241.65940696	1
60741.921687566144	-165702241.68605888	1
60741.92178779246	-165702241.65800655	1
60741.92188798303	-165702241.65562308	1
60741.92198814019	-165702241.66531563	1
60741.92208826811	-165702241.656619	1
60741.92218835784	-165702241.6676948	1
60741.92228862505	-165702241.65409625	1
60741.92238877703	-165702241.6727199	1
60741.92248891472	-165702241.71323317	1
60741.9225890893	-165702241.70388418	1
60741.92268929392	-165702241.74082744	1
60741.92278944705	-165702241.70216542	1
60741.92288949797	-165702241.70499176	1
60741.9229896866	-165702241.65781385	1
60741.92308987848	-165702241.7102126	1
60741.92319004373	-165702241.71517158	1
60741.9232902526	-165702241.67535937	1
60741.92339042552	-165702241.66866058	1
60741.92349054663	-165702241.70219624	1
60741.92359077329	-165702241.66310674	1
60741.92369080905	-165702241.6204337	1
60741.92379107973	-165702241.6145509	1
60741.9238911635	-165702241.62242377	1
60741.923991373274	-165702241.63013476	1
60741.92409159803	-165702241.66089725	1
60741.92419168868	-165702241.64596623	1
60741.92429187086	-165702241.65484214	1
60741.92439201281	-165702241.66590917	1
60741.9244921935	-165702241.67221916	1
60741.92459237865	-165702241.67240453	1
60741.92469248607	-165702241.68020415	1
60741.92479265475	-165702241.70282787	1
60741.9248928382	-165702241.67127728	1
60741.92499307393	-165702241.64033663	1
60741.92509317555	-165702241.6725703	1
60741.92519334687	-165702241.65572655	1
60741.92529352644	-165702241.6742953	1
60741.925393646925	-165702241.64353108	1
60741.925493826406	-165702241.61707783	1
60741.925594058	-165702241.67589957	1
60741.9256941326	-165702241.6827312	1
60741.92591337025	-165702241.64623225	1
60741.92601979484	-165702241.6211182	1
60741.92612005986	-165702241.63100934	1
60741.92622012452	-165702241.6432219	1
60741.926320284	-165702241.63824838	1
60741.9264204213	-165702241.64102674	1
60741.92652068505	-165702241.66372812	1
60741.92662083927	-165702241.64047754	1
60741.92672092275	-165702241.66348547	1
60741.92682111757	-165702241.69603783	1
60741.926921279366	-165702241.649854	1
60741.92702143095	-165702241.68909347	1
60741.92712160688	-165702241.6578871	1
60741.92722179435	-165702241.71694267	1
60741.927321928444	-165702241.73143017	1
60741.92742211136	-165702241.7086239	1
60741.92752223003	-165702241.70893413	1
60741.927622429605	-165702241.67703366	1
60741.927722637374	-165702241.64946085	1
60741.92782271928	-165702241.6787951	1
60741.92792301046	-165702241.69681686	1
60741.928023148044	-165702241.73205823	1
60741.928123288955	-165702241.68573183	1
60741.928223452385	-165702241.6574945	1
60741.92832359487	-165702241.65040052	1
60741.92842379661	-165702241.65737677	1
60741.92852389205	-165702241.6678502	1
60741.92862409151	-165702241.67333996	1
60741.928724248435	-165702241.6879698	1
60741.928824471615	-165702241.73893553	1
60741.92892455541	-165702241.68795252	1
60741.929024813944	-165702241.690934	1
60741.92912493517	-165702241.6977225	1
60741.92922511879	-165702241.7019503	1
60741.92932521547	-165702241.72064155	1
60741.92942545804	-165702241.7281652	1
60741.929525620995	-165702241.675349	1
60741.929625690595	-165702241.68116152	1
60741.929725952796	-165702241.70817733	1
60741.929826057836	-165702241.65521955	1
60741.929926251614	-165702241.67062533	1
60741.930026444636	-165702241.65329945	1
60741.93012655106	-165702241.6555748	1
60741.93022667682	-165702241.6364087	1
60741.930326920745	-165702241.65072107	1
60741.93042712072	-165702241.67300075	1
60741.930527197524	-165702241.65270102	1
60741.9306273333	-165702241.67912316	1
60741.93072758212	-165702241.6381995	1
60741.930827697404	-165702241.629196	1
60741.93092795589	-165702241.70799017	1
60741.9310279834	-165702241.68513203	1
60741.93112820229	-165702241.68410212	1
60741.9312283484	-165702241.6503386	1
60741.93132858452	-165702241.65408385	1
60741.93142868176	-165702241.640404	1
60741.93152886555	-165702241.62684387	1
60741.93162906783	-165702241.64168608	1
60741.93172921501	-165702241.56873715	1
60741.9318293512	-165702241.58512038	1
60741.931929478276	-165702241.6230712	1
60741.932029660966	-165702241.6499328	1
60741.93212978804	-165702241.6780101	1
60741.932230070386	-165702241.6932435	1
60741.93233015737	-165702241.6566869	1
60741.932430404115	-165702241.6280089	1
60741.93253049097	-165702241.65539563	1
60741.93263066682	-165702241.63728517	1
60741.932730794295	-165702241.62958562	1
60741.93283103616	-165702241.6531036	1
60741.932931100986	-165702241.66998887	1
60741.93303133696	-165702241.67553997	1
60741.93313161526	-165702241.61624378	1
60741.93335678752	-165702241.66543752	1
60741.933456936335	-165702241.64449668	1
60741.933557049306	-165702241.66435468	1
60741.93365727097	-165702241.60307956	1
60741.9337573625	-165702241.6375907	1
60741.93385757283	-165702241.65284443	1
60741.93395772402	-165702241.67281032	1
60741.934057915976	-165702241.6296786	1
60741.93415802013	-165702241.64315552	1
60741.93425813562	-165702241.60439664	1
60741.934358351864	-165702241.60386908	1
60741.93445856542	-165702241.5830261	1
60741.93455878083	-165702241.64381278	1
60741.93465881674	-165702241.68486297	1
60741.93475906631	-165702241.68500555	1
60741.934859228706	-165702241.6615339	1
60741.93508468655	-165702241.6472922	1
60741.93528507922	-165702241.6304384	1
60741.93538520733	-165702241.63187134	1
60741.93548538713	-165702241.58466023	1
60741.93558548588	-165702241.64708805	1
60741.935685744786	-165702241.62705827	1
60741.93578582657	-165702241.61449975	1
60741.9358860386	-165702241.59333146	1
60741.93598616634	-165702241.65300685	1
60741.936086449576	-165702241.64099938	1
60741.93618649927	-165702241.63114977	1
60741.93628671252	-165702241.64821076	1
60741.936386866204	-165702241.6400059	1
60741.93648697741	-165702241.60509694	1
60741.936587122174	-165702241.62441337	1
60741.936687313624	-165702241.6171894	1
60741.936787521765	-165702241.57981586	1
60741.93688759115	-165702241.62013137	1
60741.936987834335	-165702241.59422004	1
60741.937087955994	-165702241.61103904	1
60741.93718815954	-165702241.60355818	1
60741.937288311216	-165702241.55958968	1
60741.93738842017	-165702241.6068089	1
60741.93748870025	-165702241.5993296	1
60741.937588802655	-165702241.6217801	1
60741.93768891487	-165702241.6000842	1
60741.937789112344	-165702241.5806266	1
60741.93788936024	-165702241.62109196	1
60741.93798945332	-165702241.67942417	1
60741.93808960798	-165702241.65264094	1
60741.938189713175	-165702241.60569423	1
60741.93828999524	-165702241.63339597	1
60741.93839014137	-165702241.6345197	1
60741.93849029735	-165702241.62911183	1
60741.93859043723	-165702241.59558207	1
60741.93869057314	-165702241.62251312	1
60741.93879073588	-165702241.59168196	1
60741.93889090941	-165702241.58860785	1
60741.93899107524	-165702241.63772273	1
60741.939091261156	-165702241.63714832	1
60741.93919139083	-165702241.64487898	1
60741.93929159152	-165702241.65813744	1
60741.93939177331	-165702241.6342039	1
60741.93949189773	-165702241.63925314	1
60741.93959208631	-165702241.6054293	1
60741.93969235407	-165702241.60049206	1
60741.94019316698	-165702241.61753988	1
60741.940293212	-165702241.63511157	1
60741.94039344617	-165702241.62496537	1
60741.94049356953	-165702241.63399994	1
60741.94059368223	-165702241.62861145	1
60741.94069392568	-165702241.64125305	1
60741.94079405183	-165702241.66431987	1
60741.94089421235	-165702241.65456116	1
60741.94131977872	-165702241.61390913	1
60741.941419909985	-165702241.575041	1
60741.941520070555	-165702241.58655298	1
60741.94162028229	-165702241.6339224	1
60741.941720439885	-165702241.62827396	1
60741.94182056928	-165702241.60893875	1
60741.941920842706	-165702241.6316222	1
60741.94202091954	-165702241.62429976	1
60741.94212115687	-165702241.63000846	1
60741.94222120126	-165702241.6467768	1
60741.9423214817	-165702241.63578814	1
60741.942421643915	-165702241.66418475	1
60741.94252179426	-165702241.6971708	1
60741.94262195504	-165702241.65831214	1
60741.94272212724	-165702241.66624832	1
60741.942822230856	-165702241.6458947	1
60741.942922450755	-165702241.65373814	1
60741.94302258365	-165702241.69414926	1
60741.94312275577	-165702241.65317887	1
60741.943222929396	-165702241.6659857	1
60741.94332309296	-165702241.66530728	1
60741.94342324941	-165702241.64531142	1
60741.94352334867	-165702241.64920664	1
60741.943623622705	-165702241.62273616	1
60741.94372369069	-165702241.59296	1
60741.94382386911	-165702241.61271572	1
60741.94392402852	-165702241.62628233	1
60741.94402419066	-165702241.60906124	1
60741.94412439002	-165702241.588754	1
60741.944224533596	-165702241.61549222	1
60741.944324758704	-165702241.64731485	1
60741.94442490392	-165702241.63050652	1
60741.94452500091	-165702241.62320423	1
60741.944625193944	-165702241.6188264	1
60741.944725348934	-165702241.6489097	1
60741.94482553669	-165702241.6666239	1
60741.944925661235	-165702241.67355663	1
60741.94502587127	-165702241.66609448	1
60741.94512603275	-165702241.65425056	1
60741.94522617132	-165702241.61717874	1
60741.94532629861	-165702241.66645688	1
60741.945426515726	-165702241.6340596	1
60741.945526772666	-165702241.6076774	1
60741.94562684385	-165702241.64063978	1
60741.945727088954	-165702241.61571568	1
60741.94582715687	-165702241.62340546	1
60741.94592743047	-165702241.65488636	1
60741.94602750145	-165702241.63505447	1
60741.94612771867	-165702241.628806	1
60741.94622784006	-165702241.6316259	1
60741.94632806035	-165702241.62859863	1
60741.94642825979	-165702241.6304372	1
60741.94652835144	-165702241.60964137	1
60741.94662848559	-165702241.59105378	1
60741.94672864543	-165702241.60714638	1
60741.946828835135	-165702241.58955377	1
60741.94692897337	-165702241.6025597	1
60741.94702914228	-165702241.63698846	1
60741.94712936694	-165702241.6128732	1
60741.94722947156	-165702241.58091462	1
60741.947329657174	-165702241.63056684	1
60741.94742987059	-165702241.62084067	1
60741.947529961944	-165702241.5920295	1
60741.947755470195	-165702241.63253325	1
60741.94785565339	-165702241.5909174	1
60741.94795574454	-165702241.6047607	1
60741.9480560352	-165702241.5616569	1
60741.948156143975	-165702241.61327934	1
60741.94825628533	-165702241.63543534	1
60741.9483565046	-165702241.5839126	1
60741.948456591635	-165702241.59302634	1
60741.948556794654	-165702241.6201638	1
60741.94865694239	-165702241.59368604	1
60741.94875719505	-165702241.64531028	1
60741.94885730842	-165702241.63585562	1
60741.94895739697	-165702241.59840816	1
60741.9490576984	-165702241.617302	1
60741.949157819465	-165702241.62924743	1
60741.94925798128	-165702241.59497565	1
60741.94935810786	-165702241.6331023	1
60741.949458335264	-165702241.6057577	1
60741.94955838692	-165702241.60596955	1
60741.94965860708	-165702241.59711313	1
60741.949758823255	-165702241.61204028	1
60741.9498589769	-165702241.55118692	1
60741.94995920707	-165702241.55954123	1
60741.95005932207	-165702241.61140257	1
60741.95015944465	-165702241.6201198	1
60741.95025963609	-165702241.6066221	1
60741.95035970618	-165702241.5646894	1
60741.95045992602	-165702241.54193348	1
60741.95056012102	-165702241.56466258	1
60741.95066025847	-165702241.59272343	1
60741.950760452266	-165702241.56438679	1
60741.95086062	-165702241.6131025	1
60741.95096071073	-165702241.5987931	1
60741.951060914675	-165702241.57953858	1
60741.95116109209	-165702241.60284734	1
60741.95126119495	-165702241.59490216	1
60741.951361429565	-165702241.5678544	1
60741.95146156429	-165702241.57079244	1
60741.951561691356	-165702241.5904014	1
60741.95166187961	-165702241.60189962	1
60741.9517620466	-165702241.58781093	1
60741.951862183254	-165702241.5607142	1
60741.95196245846	-165702241.59253186	1
60741.95206257689	-165702241.58431023	1
60741.95216269902	-165702241.57287115	1
60741.952262872124	-165702241.5644852	1
60741.9523630541	-165702241.5697707	1
60741.952463217836	-165702241.57564902	1
60741.95256342847	-165702241.58293432	1
60741.952663509444	-165702241.58472997	1
60741.95276372526	-165702241.60499746	1
60741.95286383316	-165702241.59525728	1
60741.95296399463	-165702241.59253627	1
60741.95306417072	-165702241.6331473	1
60741.95316435405	-165702241.63452494	1
60741.95326450579	-165702241.60886145	1
60741.95336464664	-165702241.5991035	1
60741.95346489423	-165702241.5837068	1
60741.95356507167	-165702241.57884967	1
60741.953665165885	-165702241.57082278	1
60741.95376533308	-165702241.57786304	1
60741.95386551369	-165702241.6297862	1
60741.95396563116	-165702241.58566278	1
60741.95406592714	-165702241.61413848	1
60741.9541659875	-165702241.5798518	1
60741.95426610474	-165702241.59928048	1
60741.95436636246	-165702241.56732094	1
60741.95446654401	-165702241.57207465	1
60741.9545666659	-165702241.57485402	1
60741.95466679306	-165702241.57370275	1
60741.95476701942	-165702241.58890808	1
60741.95486714514	-165702241.6086226	1
60741.95496731439	-165702241.54948205	1
60741.95506752356	-165702241.58719093	1
60741.955167616805	-165702241.56945854	1
60741.95526785574	-165702241.5661025	1
60741.95536797533	-165702241.56898248	1
60741.955468178	-165702241.5615086	1
60741.95556832913	-165702241.59261686	1
60741.955668499875	-165702241.58215368	1
60741.955768629654	-165702241.58798468	1
60741.95586880291	-165702241.59791005	1
60741.955968996146	-165702241.57489675	1
60741.956069039115	-165702241.5771039	1
60741.95616934751	-165702241.55426997	1
60741.95626941869	-165702241.6101913	1
60741.95636961519	-165702241.56614137	1
60741.95646982651	-165702241.5650885	1
60741.95656997286	-165702241.5499909	1
60741.956670163425	-165702241.53307635	1
60741.95677028379	-165702241.54945266	1
60741.95687041559	-165702241.56695056	1
60741.95697057876	-165702241.5947007	1
60741.957070780874	-165702241.57888365	1
60741.957171013535	-165702241.58907884	1
60741.957271070125	-165702241.55550086	1
60741.95737127833	-165702241.54719698	1
60741.957471422626	-165702241.5542615	1
60741.95757159752	-165702241.562679	1
60741.95767179367	-165702241.5634222	1
60741.95777185239	-165702241.5798447	1
60741.957872101215	-165702241.54361743	1
60741.95797227507	-165702241.54704636	1
60741.958072413094	-165702241.48343277	1
60741.95817255469	-165702241.53255552	1
60741.95827269105	-165702241.49624556	1
60741.95837291412	-165702241.51432866	1
60741.95847311564	-165702241.5365379	1
60741.95857318975	-165702241.5434162	1
60741.95867336886	-165702241.52826673	1
60741.95877357398	-165702241.517242	1
60741.95887373587	-165702241.5585338	1
60741.95897385831	-165702241.5325575	1
60741.959074028986	-165702241.50891697	1
60741.959174184274	-165702241.50515085	1
60741.959274403525	-165702241.52867073	1
60741.9593746016	-165702241.4948297	1
60741.95947468104	-165702241.50759244	1
60741.95957492	-165702241.52845562	1
60741.959675019236	-165702241.50860846	1
60741.95977520839	-165702241.506383	1
60741.95987537918	-165702241.4838574	1
60741.95997547635	-165702241.47607595	1
60741.96007568524	-165702241.51525253	1
60741.96017583533	-165702241.5062871	1
60741.9602759503	-165702241.52410477	1
60741.960376198294	-165702241.52651197	1
60741.96047631328	-165702241.50934738	1
60741.96057653515	-165702241.5459593	1
60741.96067670468	-165702241.48019743	1
60741.960776830856	-165702241.52481294	1
60741.96087701196	-165702241.53384018	1
60741.960977148876	-165702241.52564436	1
60741.96107731277	-165702241.52440476	1
60741.96117749775	-165702241.54100764	1
60741.96127765419	-165702241.60338342	1
60741.96137778939	-165702241.5867595	1
60741.96147805423	-165702241.4996398	1
60741.96157818702	-165702241.53149456	1
60741.96167831597	-165702241.52313054	1
60741.96207898841	-165702241.53839928	1
60741.96217914563	-165702241.51481646	1
60741.962279330226	-165702241.48482966	1
60741.96237946372	-165702241.52449238	1
60741.96247959435	-165702241.58742422	1
60741.96257978272	-165702241.53523463	1
60741.962679973585	-165702241.51683468	1
60741.96278010552	-165702241.5274793	1
60741.9628803798	-165702241.58660984	1
60741.96298049567	-165702241.56472844	1
60741.96308066015	-165702241.5433417	1
60741.96318077884	-165702241.52178663	1
60741.96328100298	-165702241.55431682	1
60741.963381133806	-165702241.5878958	1
60741.96348131868	-165702241.58982545	1
60741.96358145085	-165702241.6058041	1
60741.96368165934	-165702241.60334122	1
60741.96378178382	-165702241.55925107	1
60741.96388193607	-165702241.5601753	1
60741.963982143316	-165702241.56444693	1
60741.96408231678	-165702241.55632138	1
60741.96418244219	-165702241.53565663	1
60741.96428265643	-165702241.5155897	1
60741.96438272858	-165702241.5042683	1
60741.96448290562	-165702241.51563448	1
60741.964583031295	-165702241.55857313	1
60741.964683239006	-165702241.5368932	1
60741.964783419804	-165702241.55598342	1
60741.96488364083	-165702241.50825292	1
60741.96498381653	-165702241.53583115	1
60741.96508394142	-165702241.46966976	1
60741.9651841035	-165702241.4988737	1
60741.965284256556	-165702241.51522565	1
60741.965384377094	-165702241.53888142	1
60741.96548453252	-165702241.48591852	1
60741.96558475444	-165702241.46308887	1
60741.96568493911	-165702241.4597497	1
60741.96578514143	-165702241.48342746	1
60741.96588525739	-165702241.4602558	1
60741.96610446495	-165702241.4869817	1
60741.96621089194	-165702241.4680407	1
60741.96631114514	-165702241.53062212	1
60741.96641126893	-165702241.48044246	1
60741.966511348386	-165702241.50456756	1
60741.96661155183	-165702241.51830512	1
60741.96671172393	-165702241.51248574	1
60741.96681181803	-165702241.47848558	1
60741.96691196427	-165702241.4607445	1
60741.9670122012	-165702241.47850567	1
60741.9672377289	-165702241.5120768	1
60741.96733794714	-165702241.50779992	1
60741.967437985804	-165702241.48252362	1
60741.967538161785	-165702241.48862642	1
60741.967638375856	-165702241.46541482	1
60741.967738501095	-165702241.45839185	1
60741.967838647404	-165702241.4495731	1
60741.96793888651	-165702241.4563604	1
60741.968038991465	-165702241.5123012	1
60741.9681391612	-165702241.5159803	1
60741.96823940497	-165702241.52843386	1
60741.96833951485	-165702241.50076985	1
60741.96843959982	-165702241.49696922	1
60741.9685398796	-165702241.49197084	1
60741.968639995444	-165702241.51592463	1
60741.96874012024	-165702241.5045445	1
60741.9688403275	-165702241.4950307	1
60741.96894052328	-165702241.53520143	1
60741.969040676624	-165702241.47815728	1
60741.969140816436	-165702241.4635222	1
60741.9692409655	-165702241.53719866	1
60741.969341117016	-165702241.4809835	1
60741.96944136255	-165702241.52962923	1
60741.969541428385	-165702241.51064378	1
60741.96964158115	-165702241.53897047	1
60741.96974181594	-165702241.55774063	1
60741.96984190902	-165702241.5024284	1
60741.96994212503	-165702241.50610405	1
60741.97004230027	-165702241.51150858	1
60741.97014242903	-165702241.51796228	1
60741.97024262791	-165702241.49765033	1
60741.970342750996	-165702241.49983048	1
60741.97056830713	-165702241.46255064	1
60741.9706684937	-165702241.48130578	1
60741.97076858876	-165702241.48272663	1
60741.97086882932	-165702241.496503	1
60741.97096898313	-165702241.52642995	1
60741.97106908582	-165702241.5094012	1
60741.97116931955	-165702241.50903976	1
60741.97126947837	-165702241.5225355	1
60741.971369537154	-165702241.49940497	1
60741.97146976239	-165702241.51936054	1
60741.97156995097	-165702241.50273454	1
60741.97167008143	-165702241.502469	1
60741.97177021135	-165702241.52294403	1
60741.971870434376	-165702241.48843586	1
60741.971970516206	-165702241.48728794	1
60741.97207068117	-165702241.51554096	1
60741.97217093015	-165702241.47847515	1
60741.97227109925	-165702241.5553193	1
60741.97237125585	-165702241.51973838	1
60741.97247136779	-165702241.5239117	1
60741.97257165798	-165702241.53164566	1
60741.972671759875	-165702241.5509938	1
60741.972771856206	-165702241.50929016	1
60741.97287207211	-165702241.49781007	1
60741.97297226226	-165702241.49712372	1
60741.97307233118	-165702241.51848066	1
60741.97317253216	-165702241.52448595	1
60741.973272721734	-165702241.49598396	1
60741.973372927525	-165702241.50944364	1
60741.97347303589	-165702241.55898708	1
60741.97357322315	-165702241.5308591	1
60741.97367336655	-165702241.50226766	1
60741.97377353811	-165702241.49323535	1
60741.973873751835	-165702241.5262407	1
60741.97397383399	-165702241.52409536	1
60741.974074014324	-165702241.5333776	1
60741.97417419049	-165702241.53369284	1
60741.97427441901	-165702241.5575285	1
60741.97437456607	-165702241.52823442	1
60741.974474655624	-165702241.54730773	1
60741.97457485098	-165702241.54218268	1
60741.974675019505	-165702241.51260567	1
60741.97477519191	-165702241.5532462	1
60741.97487534047	-165702241.52580106	1
60741.97509455121	-165702241.53078043	1
60741.97520096768	-165702241.53487486	1
60741.97530119459	-165702241.51988286	1
60741.975401348725	-165702241.53452712	1
60741.97550154756	-165702241.54880452	1
60741.975601627746	-165702241.54456604	1
60741.975701851654	-165702241.52347785	1
60741.97580203243	-165702241.54920018	1
60741.975902160244	-165702241.48011672	1
60741.97600229635	-165702241.496329	1
60741.97610255769	-165702241.50763088	1
60741.9763277853	-165702241.55972993	1
60741.976427913505	-165702241.53491867	1
60741.97652814032	-165702241.51149595	1
60741.97662818378	-165702241.5439033	1
60741.97672845555	-165702241.56193632	1
60741.976828533465	-165702241.5759123	1
60741.97692868945	-165702241.56986886	1
60741.97702889214	-165702241.5839184	1
60741.977129047875	-165702241.60262328	1
60741.97722932001	-165702241.61287242	1
60741.97732936564	-165702241.61066324	1
60741.977554636025	-165702241.57365394	1
60741.97765482888	-165702241.57113713	1
60741.97775498404	-165702241.5887975	1
60741.977855192265	-165702241.59632933	1
60741.97795528498	-165702241.56695837	1
60741.97805549069	-165702241.59794885	1
60741.978155584984	-165702241.5398398	1
60741.97825579855	-165702241.55648392	1
60741.97835597789	-165702241.53859937	1
60741.97845609694	-165702241.58630258	1
60741.97855632243	-165702241.552207	1
60741.97865643267	-165702241.54581589	1
60741.978756600576	-165702241.54617977	1
60741.978856711714	-165702241.53679675	1
60741.97895694182	-165702241.59446114	1
60741.97905707472	-165702241.61001927	1
60741.9791572708	-165702241.6052429	1
60741.97925739984	-165702241.59071165	1
60741.979357530676	-165702241.56571513	1
60741.97945777051	-165702241.5650413	1
60741.97955786935	-165702241.5567763	1
60741.97965815316	-165702241.560404	1
60741.979758260706	-165702241.5658924	1
60741.97985843259	-165702241.54317355	1
60741.979958575794	-165702241.54391462	1
60741.98005878838	-165702241.57502115	1
60741.98015886048	-165702241.51598674	1
60741.980259031734	-165702241.55524248	1
60741.98035927199	-165702241.5556137	1
60741.98045945669	-165702241.5267703	1
60741.98055956881	-165702241.50953943	1
60741.98065966728	-165702241.52270758	1
60741.98075985306	-165702241.5195369	1
60741.98086012578	-165702241.6057285	1
60741.9809602033	-165702241.6232499	1
60741.98106034846	-165702241.5731737	1
60741.98116053278	-165702241.58862448	1
60741.981260695546	-165702241.55168915	1
60741.981360916536	-165702241.50768656	1
60741.98146103846	-165702241.54005027	1
60741.981561196524	-165702241.4994129	1
60741.98166137668	-165702241.5293864	1
60741.98176156614	-165702241.52889615	1
60741.98186173978	-165702241.52062255	1
60741.98196176524	-165702241.51333833	1
60741.98206204607	-165702241.50785124	1
60741.98216218196	-165702241.52317733	1
60741.98226233482	-165702241.51350456	1
60741.982362476854	-165702241.47053474	1
60741.98246273815	-165702241.51284182	1
60741.98256287307	-165702241.4804188	1
60741.98266303078	-165702241.4995507	1
60741.982763194086	-165702241.54132873	1
60741.982863309924	-165702241.51367462	1
60741.982963516886	-165702241.4982525	1
60741.98306367525	-165702241.5318033	1
60741.98316378392	-165702241.50690252	1
60741.98326401846	-165702241.53774112	1
60741.98336417444	-165702241.52796406	1
60741.98346435167	-165702241.53486818	1
60741.98356443641	-165702241.52995938	1
60741.98366467099	-165702241.48165756	1
60741.98376485466	-165702241.5123827	1
60741.98386494686	-165702241.52981263	1
60741.983965197825	-165702241.51165783	1
60741.984065370176	-165702241.54181486	1
60741.9841654538	-165702241.5081203	1
60741.98426562754	-165702241.5100717	1
60741.984365789285	-165702241.52626717	1
60741.984465987334	-165702241.51508987	1
60741.98456613163	-165702241.5626769	1
60741.984666262724	-165702241.53469163	1
60741.98476646604	-165702241.53257942	1
60741.984866640756	-165702241.49776196	1
60741.98496676519	-165702241.47133535	1
60741.98506694912	-165702241.46965933	1
60741.9851671794	-165702241.54629523	1
60741.985267265016	-165702241.49748844	1
60741.985367488116	-165702241.53217292	1
60741.98546761681	-165702241.55244076	1
60741.985567724216	-165702241.52147758	1
60741.98566788373	-165702241.55976474	1
60741.98576812267	-165702241.55925024	1
60741.985868296775	-165702241.535721	1
60741.9859683765	-165702241.55086726	1
60741.98606855278	-165702241.54878265	1
60741.9861687132	-165702241.51442844	1
60741.98626892641	-165702241.50846386	1
60741.98636909145	-165702241.5026033	1
60741.98646923736	-165702241.51088363	1
60741.98656939769	-165702241.50860935	1
60741.98666957093	-165702241.54216248	1
60741.986769726645	-165702241.52568662	1
60741.98686987654	-165702241.48142213	1
60741.9869700083	-165702241.4961694	1
60741.98707022948	-165702241.52986503	1
60741.98717039526	-165702241.46808523	1
60741.987270609716	-165702241.50754416	1
60741.987370733965	-165702241.52901357	1
60741.98747088599	-165702241.5143103	1
60741.9875710942	-165702241.52264726	1
60741.9876712605	-165702241.53144968	1
60741.98777139287	-165702241.50505054	1
60741.98787159612	-165702241.52628738	1
60741.98797168686	-165702241.5455076	1
60741.98807185884	-165702241.56619656	1
60741.98817206027	-165702241.57803285	1
60741.988272229355	-165702241.50382662	1
60741.98837247605	-165702241.4541961	1
60741.98847256193	-165702241.45500863	1
60741.9885726668	-165702241.4842289	1
60741.988672814725	-165702241.45671666	1
60741.9887729476	-165702241.47439182	1
60741.98887323125	-165702241.4788795	1
60741.98897336055	-165702241.49974287	1
60741.98907355601	-165702241.47961998	1
60741.98917377019	-165702241.44500846	1
60741.98927386058	-165702241.48286957	1
60741.98937399581	-165702241.4789002	1
60741.9894742453	-165702241.4749341	1
60741.98957438301	-165702241.48390526	1
60741.989674467346	-165702241.5181185	1
60741.98977464135	-165702241.5066496	1
60741.98987478982	-165702241.49964213	1
60741.98997509235	-165702241.5161875	1
60741.9900751473	-165702241.4861589	1
60741.99017527947	-165702241.4772905	1
60741.99027550856	-165702241.51215988	1
60741.990375663365	-165702241.48638326	1
60741.990475902814	-165702241.48518366	1
60741.99057594269	-165702241.53414434	1
60741.99067622176	-165702241.49069506	1
60741.99077628563	-165702241.48057544	1
60741.99087645575	-165702241.4822539	1
60741.99097666773	-165702241.5146954	1
60741.99107682295	-165702241.49063075	1
60741.99117692404	-165702241.5463245	1
60741.99127710054	-165702241.52203155	1
60741.99137734361	-165702241.5011996	1
60741.991477476826	-165702241.53070742	1
60741.99157761322	-165702241.53843135	1
60741.99167781979	-165702241.54928726	1
60741.991777885254	-165702241.55061638	1
60741.99187816888	-165702241.60684878	1
60741.99197825166	-165702241.57797992	1
60741.99207845483	-165702241.5789665	1
60741.99217858377	-165702241.57528657	1
60741.99227874424	-165702241.51568258	1
60741.99237890175	-165702241.54617774	1
60741.992479071065	-165702241.56690925	1
60741.99257928942	-165702241.4963727	1
60741.99267950536	-165702241.54845548	1
60741.99277965285	-165702241.51612103	1
60741.99287977876	-165702241.56071544	1
60741.99297991292	-165702241.5446515	1
60741.99308015193	-165702241.50287032	1
60741.99318023468	-165702241.49481648	1
60741.993280399365	-165702241.55018038	1
60741.99338060874	-165702241.4976291	1
60741.993480686884	-165702241.49824518	1
60741.99358088205	-165702241.47993433	1
60741.99368106157	-165702241.44915348	1
60741.99378130477	-165702241.51282692	1
60741.99388140154	-165702241.48561066	1
60741.9939816307	-165702241.51000792	1
60741.99408169958	-165702241.52244872	1
60741.994181889546	-165702241.52459425	1
60741.99428203196	-165702241.51970166	1
60741.994382191944	-165702241.53367227	1
60741.99448242325	-165702241.5472471	1
60741.99458253402	-165702241.54616404	1
60741.994682766854	-165702241.55205083	1
60741.99478291985	-165702241.53948325	1
60741.9948830499	-165702241.5149716	1
60741.994983207005	-165702241.52527237	1
60741.995083371854	-165702241.50903368	1
60741.995183565065	-165702241.5283959	1
60741.99528374504	-165702241.47809625	1
60741.995383872025	-165702241.46769315	1
60741.99548400591	-165702241.49896657	1
60741.99558417501	-165702241.49947786	1
60741.9956843879	-165702241.48704028	1
60741.9957845214	-165702241.4451936	1
60741.99588472595	-165702241.45761222	1
60741.99598484365	-165702241.50733542	1
60741.99608507613	-165702241.49280292	1
60741.99618517176	-165702241.4857474	1
60741.9962853456	-165702241.5416007	1
60741.99638549769	-165702241.50674993	1
60741.99648567315	-165702241.53814715	1
60741.99658582268	-165702241.52767545	1
60741.99668605644	-165702241.5068404	1
60741.996786174146	-165702241.54726356	1
60741.99688631303	-165702241.55276197	1
60741.996986515514	-165702241.56391346	1
60741.9970866778	-165702241.5554248	1
60741.99718684097	-165702241.50179803	1
60741.997286947306	-165702241.4983951	1
60741.99738721738	-165702241.4893387	1
60741.99748733863	-165702241.50616455	1
60741.99758747087	-165702241.5268739	1
60741.997687638	-165702241.50289786	1
60741.997787780754	-165702241.4441555	1
60741.997887979014	-165702241.49209148	1
60741.997988095965	-165702241.49995846	1
60741.99808837939	-165702241.53011626	1
60741.998188435915	-165702241.5275597	1
60741.99828867951	-165702241.51969004	1
60741.99838888135	-165702241.50184846	1
60741.99848893614	-165702241.52874207	1
60741.99858918922	-165702241.52809048	1
60741.99868936392	-165702241.52335912	1
60741.998789433645	-165702241.54416198	1
60741.99888963609	-165702241.54711705	1
60741.99898974867	-165702241.48496157	1
60741.99908992331	-165702241.47958702	1
60741.99919015536	-165702241.47121084	1
60741.9992902749	-165702241.46461207	1
60741.99939042182	-165702241.48016292	1
60741.99949063153	-165702241.4879287	1
60741.99959078444	-165702241.4310621	1
60741.99969097041	-165702241.42595905	1
60741.99979114581	-165702241.4932378	1
60741.99989134782	-165702241.44526875	1
60741.999991523735	-165702241.47922844	1
60742.00009159013	-165702241.44881845	1
60742.000191767394	-165702241.49981487	1
60742.00029202374	-165702241.48835176	1
60742.00039209221	-165702241.45163816	1
60742.000492245905	-165702241.435261	1
60742.000592485376	-165702241.45670432	1
60742.00069257963	-165702241.45533454	1
60742.0007927565	-165702241.45061296	1
60742.000892898905	-165702241.43983972	1
60742.000993071306	-165702241.44261962	1
60742.001093236206	-165702241.49183178	1
60742.00119342596	-165702241.49131417	1
60742.00129365154	-165702241.50765282	1
60742.00139379036	-165702241.49480748	1
60742.001493852265	-165702241.54442704	1
60742.00159403978	-165702241.487841	1
60742.00169433381	-165702241.48997766	1
60742.00179435006	-165702241.49726033	1
60742.001894539986	-165702241.50248253	1
60742.00199467488	-165702241.4528122	1
60742.00209488684	-165702241.4692977	1
60742.00219501426	-165702241.47907138	1
60742.00229527449	-165702241.46994847	1
60742.00239539187	-165702241.4672144	1
60742.00249551166	-165702241.48115647	1
60742.00259573022	-165702241.51198906	1
60742.00269587812	-165702241.46611023	1
60742.00279599526	-165702241.46850473	1
60742.00289621801	-165702241.42972594	1
60742.00299629886	-165702241.49503762	1
60742.00309655438	-165702241.44156438	1
60742.00319668711	-165702241.4455558	1
60742.003296872914	-165702241.44132513	1
60742.003397064065	-165702241.49654615	1
60742.00349719286	-165702241.46592146	1
60742.00359740996	-165702241.43726283	1
60742.00369745974	-165702241.48663795	1
60742.0037976934	-165702241.49088645	1
60742.003897872586	-165702241.46352005	1
60742.00399803883	-165702241.50309002	1
60742.00409811163	-165702241.4846694	1
60742.004198338625	-165702241.4878387	1
60742.00429854213	-165702241.50062197	1
60742.00439865876	-165702241.4802838	1
60742.00449877303	-165702241.4998957	1
60742.00459895113	-165702241.50351608	1
60742.00469916243	-165702241.52310723	1
60742.00479930396	-165702241.48541445	1
60742.004899398715	-165702241.52688468	1
60742.004999629215	-165702241.5275616	1
60742.00509985572	-165702241.5241785	1
60742.00519994903	-165702241.49250352	1
60742.00530022179	-165702241.53556758	1
60742.00540037715	-165702241.50455588	1
60742.00550045513	-165702241.50880468	1
60742.00560063741	-165702241.4496045	1
60742.00570079023	-165702241.4666127	1
60742.00580100392	-165702241.45342362	1
60742.00590115905	-165702241.48188782	1
60742.006001244285	-165702241.48585618	1
60742.00610145244	-165702241.47346157	1
60742.00620163532	-165702241.4591449	1
60742.00630178368	-165702241.46701753	1
60742.00640188022	-165702241.48948932	1
60742.00650215159	-165702241.45416188	1
60742.00660233933	-165702241.48463243	1
60742.00670242179	-165702241.5115096	1
60742.006802677766	-165702241.48658454	1
60742.006902754314	-165702241.4533394	1
60742.00700295037	-165702241.48762137	1
60742.007103152275	-165702241.45141047	1
60742.00720322611	-165702241.45202345	1
60742.007303476756	-165702241.42889178	1
60742.00740364611	-165702241.4579243	1
60742.00750374776	-165702241.46603608	1
60742.00760395208	-165702241.44292384	1
60742.007704060146	-165702241.44589108	1
60742.00780424863	-165702241.43865037	1
60742.007904502534	-165702241.46386606	1
60742.0080046321	-165702241.44255024	1
60742.00810475072	-165702241.39851612	1
60742.008204933074	-165702241.42599106	1
60742.008305097384	-165702241.4239819	1
60742.00840525832	-165702241.42782605	1
60742.008505456506	-165702241.45264834	1
60742.00860557954	-165702241.42905527	1
60742.008705761444	-165702241.46466273	1
60742.00880593975	-165702241.44250596	1
60742.00890599341	-165702241.44387156	1
60742.00900628796	-165702241.47101182	1
60742.009106399055	-165702241.46490365	1
60742.00920651248	-165702241.47806662	1
60742.009306813845	-165702241.45661014	1
60742.009406841236	-165702241.50417584	1
60742.00950708788	-165702241.48396283	1
60742.00960721637	-165702241.44121426	1
60742.00970740746	-165702241.47274953	1
60742.009807571994	-165702241.45712185	1
60742.00990772581	-165702241.4694401	1
60742.010007859724	-165702241.49730957	1
60742.010108045324	-165702241.49633217	1
60742.0102083052	-165702241.49590933	1
60742.010308383055	-165702241.4460311	1
60742.010408543465	-165702241.48180014	1
60742.01050874798	-165702241.47812164	1
60742.01060883374	-165702241.43621808	1
60742.0107090808	-165702241.44840854	1
60742.01080920193	-165702241.3733375	1
60742.01090929003	-165702241.38954264	1
60742.01100956179	-165702241.4360569	1
60742.011109681865	-165702241.44754815	1
60742.011210078796	-165702241.4147563	1
60742.01130999687	-165702241.4323489	1
60742.01141018605	-165702241.46172392	1
60742.0115103317	-165702241.47035402	1
60742.01161043139	-165702241.4321742	1
60742.01171057835	-165702241.45733953	1
60742.01181083118	-165702241.37718648	1
60742.01191102038	-165702241.37742704	1
60742.012011161954	-165702241.39503598	1
60742.0121113316	-165702241.48845494	1
60742.01221157401	-165702241.4744413	1
60742.01231169439	-165702241.451329	1
60742.01241182743	-165702241.44142383	1
60742.0125119753	-165702241.4544645	1
60742.01261211825	-165702241.47075343	1
60742.0127122533	-165702241.43002647	1
60742.01281251726	-165702241.46887642	1
60742.01291272618	-165702241.46351606	1
60742.01301285644	-165702241.42548507	1
60742.01311299739	-165702241.4251657	1
60742.01321317065	-165702241.42011732	1
60742.013313293115	-165702241.4232582	1
60742.01341346627	-165702241.40477324	1
60742.013513607955	-165702241.44430345	1
60742.013613842624	-165702241.485084	1
60742.013713943066	-165702241.43917608	1
60742.013814145415	-165702241.458291	1
60742.01391425699	-165702241.46351022	1
60742.01401447772	-165702241.45308065	1
60742.01411460951	-165702241.4528979	1
60742.014214778064	-165702241.45241922	1
60742.01431488399	-165702241.50477612	1
60742.01441515373	-165702241.4178375	1
60742.01451532594	-165702241.39721572	1
60742.01461539281	-165702241.46109885	1
60742.01471558484	-165702241.44107413	1
60742.014815846785	-165702241.45949185	1
60742.01491588405	-165702241.45189822	1
60742.01501611283	-165702241.43922943	1
60742.01511625005	-165702241.4586364	1
60742.01521635298	-165702241.45668292	1
60742.01531658765	-165702241.45544446	1
60742.01541680755	-165702241.41854602	1
60742.015516958214	-165702241.45242524	1
60742.01561710308	-165702241.43742603	1
60742.015717239694	-165702241.47077686	1
60742.015817421016	-165702241.4595517	1
60742.01591768501	-165702241.48612815	1
60742.016017688984	-165702241.4768458	1
60742.016117946434	-165702241.4808315	1
60742.016218061086	-165702241.4576568	1
60742.01631824025	-165702241.45884043	1
60742.01641833756	-165702241.49609524	1
60742.01651861207	-165702241.4753163	1
60742.01661875268	-165702241.4675526	1
60742.01671883949	-165702241.47222412	1
60742.01681912076	-165702241.42744207	1
60742.016919292575	-165702241.4658957	1
60742.01701938578	-165702241.48288047	1
60742.01711952379	-165702241.41141713	1
60742.01721970612	-165702241.47689003	1
60742.017319819955	-165702241.43705767	1
60742.01742005571	-165702241.4692937	1
60742.01752024365	-165702241.45439172	1
60742.0176203588	-165702241.43247634	1
60742.017720550284	-165702241.41424882	1
60742.01782075664	-165702241.40764505	1
60742.017920806196	-165702241.43474734	1
60742.0180210424	-165702241.43028235	1
60742.01812122326	-165702241.46481967	1
60742.01822136512	-165702241.4858666	1
60742.01832156809	-165702241.50460315	1
60742.0184216323	-165702241.52205884	1
60742.018521850514	-165702241.5179193	1
60742.01862203355	-165702241.5420997	1
60742.01872215786	-165702241.5373435	1
60742.01882238229	-165702241.4891731	1
60742.01892249194	-165702241.45990378	1
60742.019022677734	-165702241.42974418	1
60742.0191228229	-165702241.4987418	1
60742.01922306222	-165702241.51547205	1
60742.01932315583	-165702241.54046637	1
60742.019423335645	-165702241.4762823	1
60742.01952348812	-165702241.47045404	1
60742.01962367029	-165702241.4743985	1
60742.01972379798	-165702241.47728795	1
60742.01982390967	-165702241.48140383	1
60742.019924221284	-165702241.4784462	1
60742.020024292746	-165702241.50556934	1
60742.020124502946	-165702241.46097273	1
60742.020224616215	-165702241.48690504	1
60742.020324818455	-165702241.46271122	1
60742.02042498116	-165702241.5066306	1
60742.02052515945	-165702241.4557606	1
60742.02062524755	-165702241.42474854	1
60742.020725447874	-165702241.42350066	1
