# Frequency shift file for JILA Sr1 
# for 20240426_clock_lock#0.
# Processed Fri Apr 26 15:17:38 2024 (MT) 
# by Alexander Aeppli(alexander.aeppli@colorado.edu)
# ******Applied Corrections******
# point by point corrections: 
#  - servo 
#  - second order zeeman 
#  - density shift 
# DC corrections: 
#  - lattice light 
#  - DC Stark 
#  - BBR 
#  - background gas 
#  - redshift to S1B60V1 
# Total sytematic error (frac.) = ~1e-17
# No MASER corrections have been applied
# To calculate the strontium frequency: 
# f_sr = (N/M)*f_light + f_shift[Hz] 
# where N = 1716682, M = 777577, 
# and f_light is the frequency of the light leaving JILA. 
t_mjd	f_shift [Hz]	IS_GOOD
60426.6804259005	-165703313.03863543	1
60426.68058901186	-165703313.0539992	1
60426.680752162945	-165703313.00836802	1
60426.680915292105	-165703313.0381301	1
60426.68107845409	-165703313.08734447	1
60426.6812415527	-165703313.04149592	1
60426.68140471177	-165703313.01202452	1
60426.68156786339	-165703313.06377703	1
60426.68173101787	-165703313.09034836	1
60426.68189418897	-165703313.1053781	1
60426.68205732258	-165703313.1278628	1
60426.682220441966	-165703313.10505038	1
60426.68238352934	-165703313.03726763	1
60426.68254666998	-165703312.9588831	1
60426.68270982258	-165703312.93872732	1
60426.68287298726	-165703313.0435111	1
60426.68303615831	-165703313.11153358	1
60426.68336236836	-165703312.9815048	1
60426.68352550625	-165703312.9955179	1
60426.68368869379	-165703312.98852396	1
60426.68385183956	-165703313.00513083	1
60426.68401498119	-165703313.017717	1
60426.6841780738	-165703313.03316396	1
60426.684341200875	-165703313.0748768	1
60426.68450437932	-165703313.0793469	1
60426.684667552785	-165703313.03358877	1
60426.68483067201	-165703313.02606517	1
60426.6849938172	-165703312.99846548	1
60426.68515693441	-165703313.04146105	1
60426.685320109544	-165703313.07228434	1
60426.685483230125	-165703313.0648414	1
60426.68564638278	-165703313.01614052	1
60426.685809467905	-165703313.03971088	1
60426.68597261097	-165703313.0776949	1
60426.68613580012	-165703313.09507078	1
60426.68629890123	-165703313.0106517	1
60426.6864620152	-165703313.0023991	1
60426.686625222144	-165703312.98088038	1
60426.686788338084	-165703312.98099476	1
60426.6869514988	-165703312.97988272	1
60426.68711458935	-165703313.01332867	1
60426.68727780548	-165703313.0590353	1
60426.68744087303	-165703313.04977703	1
60426.68760400937	-165703313.0104332	1
60426.68776717066	-165703312.9885435	1
60426.68793025769	-165703312.96339154	1
60426.68809341708	-165703312.99926782	1
60426.6882566103	-165703313.01443285	1
60426.688419729915	-165703312.98161107	1
60426.68858284431	-165703313.01135164	1
60426.68874602531	-165703313.0578243	1
60426.68890917747	-165703313.09673744	1
60426.68907226424	-165703313.09756863	1
60426.689235407284	-165703313.00789398	1
60426.68939854608	-165703312.97315633	1
60426.68956166284	-165703313.01532972	1
60426.689724847485	-165703313.02349788	1
60426.68988797808	-165703313.04807454	1
60426.69005112562	-165703313.0717231	1
60426.69021425116	-165703313.08117664	1
60426.69037741907	-165703313.06017387	1
60426.69054054051	-165703313.06077355	1
60426.69070371228	-165703313.09017038	1
60426.69086677453	-165703313.07080883	1
60426.691029991205	-165703313.08239877	1
60426.691193084655	-165703313.10028106	1
60426.69135620092	-165703313.03689665	1
60426.691519350454	-165703313.01543164	1
60426.69168251498	-165703313.04173893	1
60426.69184561712	-165703313.08937514	1
60426.692008802806	-165703313.1180808	1
60426.69217194505	-165703313.0866831	1
60426.69233506712	-165703313.06878507	1
60426.692498189135	-165703313.05192822	1
60426.692661292924	-165703313.06251287	1
60426.69282445812	-165703313.05206984	1
60426.69298759254	-165703313.04704452	1
60426.69315072197	-165703313.04715466	1
60426.69331387661	-165703313.06782228	1
60426.69347700255	-165703313.0096119	1
60426.693640188285	-165703312.9876899	1
60426.693803280716	-165703313.02061218	1
60426.69396645979	-165703313.08959198	1
60426.694129633965	-165703313.07432032	1
60426.69429273089	-165703313.05955893	1
60426.694782164384	-165703313.0507716	1
60426.694945313175	-165703313.04997313	1
60426.695108428445	-165703313.09587938	1
60426.69527155292	-165703313.11137652	1
60426.695434673944	-165703313.024638	1
60426.695597905884	-165703313.03517854	1
60426.69576100048	-165703313.07501185	1
60426.695924142085	-165703313.05292386	1
60426.696087287	-165703313.0560544	1
60426.69625040913	-165703313.0289756	1
60426.696413539685	-165703313.06528896	1
60426.69657669087	-165703313.0760209	1
60426.696739813124	-165703313.04171652	1
60426.696902975345	-165703313.045268	1
60426.697066090965	-165703313.03579038	1
60426.697229251986	-165703313.07630605	1
60426.69739233377	-165703313.0292728	1
60426.697555540755	-165703312.97385025	1
60426.69771862393	-165703313.09605306	1
60426.69788181678	-165703313.03999645	1
60426.69804493187	-165703313.00455076	1
60426.698208054695	-165703313.0255444	1
60426.698371210565	-165703313.05844736	1
60426.69853438676	-165703313.02444166	1
60426.698697507934	-165703312.99647802	1
60426.69886062301	-165703312.9018671	1
60426.699023706795	-165703312.97014755	1
60426.69918698378	-165703313.00665444	1
60426.69935009312	-165703313.011427	1
60426.69951329376	-165703312.94284874	1
60426.69967631993	-165703313.02959973	1
60426.69983945611	-165703313.03993845	1
60426.70000260766	-165703313.0276398	1
60426.70016571594	-165703313.00952524	1
60426.7003288781	-165703312.98827654	1
60426.70049206066	-165703313.02059215	1
60426.700655106644	-165703313.01315355	1
60426.700818340425	-165703313.02345222	1
60426.70098148825	-165703313.0343284	1
60426.701307742806	-165703313.04653543	1
60426.70147084418	-165703313.0218864	1
60426.701634033074	-165703313.06052142	1
60426.701797214286	-165703312.99984735	1
60426.70196030579	-165703312.90710473	1
60426.70212346032	-165703312.954749	1
60426.702286533604	-165703312.99937063	1
60426.70244967862	-165703313.03229707	1
60426.70261287432	-165703313.10428035	1
60426.70277595492	-165703313.02652764	1
60426.702939155344	-165703312.9925831	1
60426.70310219537	-165703313.083753	1
60426.703265427066	-165703313.08184582	1
60426.703428542605	-165703313.04155928	1
60426.70359174188	-165703313.01860917	1
60426.70375483511	-165703313.052993	1
60426.70391799838	-165703313.06909144	1
60426.70408105413	-165703313.07877064	1
60426.704244264714	-165703313.07529706	1
60426.70440743862	-165703313.13389164	1
60426.70457053908	-165703313.0501811	1
60426.70473368148	-165703313.11231136	1
60426.704896785755	-165703313.08635938	1
60426.70505992226	-165703313.0704584	1
60426.705223106466	-165703313.0351107	1
60426.70538621482	-165703313.06605256	1
60426.70554934357	-165703313.04500484	1
60426.70571250073	-165703313.07125098	1
60426.70587560552	-165703313.05595112	1
60426.7060387855	-165703313.086659	1
60426.7062019278	-165703313.07746303	1
60426.70636504355	-165703313.0112843	1
60426.706528167546	-165703312.9905045	1
60426.706691351545	-165703313.0229686	1
60426.70685450803	-165703312.9929971	1
60426.70701760786	-165703313.00806952	1
60426.70718074889	-165703312.9920584	1
60426.70734388109	-165703313.0367825	1
60426.70767021184	-165703312.9869476	1
60426.70815954008	-165703313.02339256	1
60426.708322704464	-165703313.01054925	1
60426.70848578166	-165703313.05211067	1
60426.708648968895	-165703313.01968718	1
60426.70881207731	-165703313.04248476	1
60426.70897530454	-165703313.02637208	1
60426.709138414095	-165703313.0317731	1
60426.70930157323	-165703313.02626783	1
60426.709464775086	-165703312.99657208	1
60426.70962790618	-165703313.02023572	1
60426.70979101374	-165703312.98379415	1
60426.70995416569	-165703312.98084146	1
60426.710117311166	-165703313.01706177	1
60426.71028040508	-165703313.00737536	1
60426.710443547614	-165703312.95765775	1
60426.71060665296	-165703312.98238212	1
60426.710769830526	-165703313.03719115	1
60426.71093293606	-165703313.01358712	1
60426.711096134066	-165703312.96074528	1
60426.711259194664	-165703312.9267159	1
60426.71142238719	-165703313.01503342	1
60426.71158554647	-165703313.05169123	1
60426.7117486864	-165703312.9443289	1
60426.7119118015	-165703312.89813787	1
60426.71223806529	-165703312.95946425	1
60426.71240124316	-165703313.00859505	1
60426.712564393354	-165703313.00302178	1
60426.71272754832	-165703313.03193712	1
60426.71289062165	-165703313.0581628	1
60426.71305373592	-165703312.9974475	1
60426.71321697671	-165703312.98291594	1
60426.71338008418	-165703313.02736259	1
60426.7135432165	-165703312.96824205	1
60426.71370632624	-165703312.9127648	1
60426.713869509644	-165703312.9744299	1
60426.714032563636	-165703313.00562012	1
60426.7141957631	-165703313.0454821	1
60426.71435888372	-165703313.10084665	1
60426.71452206355	-165703313.003107	1
60426.71468519145	-165703312.97724217	1
60426.71501148717	-165703312.9109969	1
60426.71517456419	-165703312.97156107	1
60426.715337744296	-165703313.0392695	1
60426.7155009032	-165703313.01242262	1
60426.7156640018	-165703313.0606047	1
60426.71599030747	-165703312.91732717	1
60426.7161534331	-165703312.95438564	1
60426.716316647144	-165703312.97583646	1
60426.71647973505	-165703312.98441142	1
60426.716642864325	-165703312.96611834	1
60426.71680603609	-165703312.99070692	1
60426.71696913998	-165703312.99353665	1
60426.71713223477	-165703312.9865927	1
60426.71729542282	-165703313.01578367	1
60426.71745849628	-165703312.94503862	1
60426.71762167299	-165703312.9651444	1
60426.71778483202	-165703312.93039185	1
60426.717947987876	-165703312.9082107	1
60426.71811109069	-165703312.97945362	1
60426.718274225546	-165703312.9506896	1
60426.718437409676	-165703312.98157626	1
60426.71860046972	-165703312.9464804	1
60426.718763674675	-165703312.9266283	1
60426.71892684656	-165703312.88968068	1
60426.71908998316	-165703312.89886457	1
60426.71925307461	-165703312.900827	1
60426.71941626234	-165703312.93784106	1
60426.719579384204	-165703312.94602603	1
60426.71974251876	-165703312.9174636	1
60426.71990567436	-165703312.89152628	1
60426.720068800896	-165703312.91893017	1
60426.720231937914	-165703312.94178915	1
60426.720395031356	-165703312.97589374	1
60426.72055823988	-165703312.92630142	1
60426.72072139222	-165703312.9268474	1
60426.720884476024	-165703312.92682862	1
60426.72104764699	-165703312.92294103	1
60426.72121075791	-165703312.96047795	1
60426.721373903645	-165703312.98423606	1
60426.7215370108	-165703312.95844072	1
60426.72170022424	-165703312.93189812	1
60426.72186334335	-165703312.87742507	1
60426.7220264867	-165703312.89909464	1
60426.72218959854	-165703312.9244169	1
60426.722352817196	-165703312.91309577	1
60426.72251592845	-165703312.91704822	1
60426.7226790712	-165703312.95391208	1
60426.722842201205	-165703312.91773593	1
60426.72300535496	-165703312.89917934	1
60426.7231685475	-165703312.9244424	1
60426.723331573776	-165703312.9092325	1
60426.72349474109	-165703312.94877946	1
60426.723657901675	-165703312.947469	1
60426.72382103133	-165703312.96370435	1
60426.723984160664	-165703312.99406958	1
60426.72414724309	-165703313.02152646	1
60426.72431045844	-165703312.92139822	1
60426.72447362829	-165703312.89784294	1
60426.72463671083	-165703312.91844106	1
60426.72479993286	-165703312.95812583	1
60426.72496296537	-165703313.0123204	1
60426.72528930502	-165703312.90329438	1
60426.72545243278	-165703312.85496348	1
60426.72561552406	-165703312.9072851	1
60426.72577870712	-165703312.9145286	1
60426.72594183661	-165703312.87613714	1
60426.72610493594	-165703312.8651685	1
60426.72626810666	-165703312.969325	1
60426.72643129773	-165703312.93346816	1
60426.72659438375	-165703312.9515913	1
60426.72675757975	-165703312.87745607	1
60426.726920682275	-165703312.89793044	1
60426.72708382823	-165703312.9468699	1
60426.72724697623	-165703312.94763845	1
60426.72741005348	-165703312.93650424	1
60426.728715232726	-165703312.91470557	1
60426.72887838208	-165703312.91225785	1
60426.729041512655	-165703312.91933537	1
60426.72920466239	-165703312.92234552	1
60426.729367780266	-165703312.88504	1
60426.72953088891	-165703312.8907063	1
60426.7296940177	-165703312.94311893	1
60426.72985721071	-165703312.9494242	1
60426.730020358125	-165703312.9172442	1
60426.73018351839	-165703312.92124748	1
60426.73034663131	-165703312.92054766	1
60426.73050971218	-165703312.89508086	1
60426.73067284585	-165703312.905891	1
60426.730836018556	-165703312.91257662	1
60426.7309992412	-165703313.01773155	1
60426.73116232436	-165703313.0044744	1
60426.731325434106	-165703312.94991857	1
60426.73148860331	-165703312.9102726	1
60426.731651732625	-165703312.9354654	1
60426.73181485134	-165703312.89655852	1
60426.73197808334	-165703312.91873193	1
60426.732141108754	-165703312.91463327	1
60426.73230428016	-165703312.94182795	1
60426.732467419635	-165703312.9474432	1
60426.73263060716	-165703312.98212928	1
60426.73295683985	-165703312.95213008	1
60426.733120035584	-165703312.93308467	1
60426.73328313753	-165703312.91878372	1
60426.73344625308	-165703312.93857187	1
60426.73360941535	-165703312.9524433	1
60426.7337725126	-165703312.9895001	1
60426.73393568091	-165703312.91258878	1
60426.73409885352	-165703312.8442312	1
60426.734261974336	-165703312.88293988	1
60426.73442511133	-165703312.91237617	1
60426.73458826809	-165703312.9100238	1
60426.734751347394	-165703312.93256426	1
60426.73491446843	-165703312.93935204	1
60426.73507767913	-165703312.87651867	1
60426.73524080463	-165703312.8728004	1
60426.735403961036	-165703312.8442471	1
60426.735567121126	-165703312.82696682	1
60426.735730239	-165703312.87192243	1
60426.73589341406	-165703312.9261158	1
60426.73605652101	-165703312.9059056	1
60426.73621964117	-165703312.9924888	1
60426.73638274429	-165703312.92934424	1
60426.73654593338	-165703312.92938966	1
60426.73670906982	-165703312.90747947	1
60426.73687224075	-165703312.90512437	1
60426.737035343416	-165703312.90534067	1
60426.73719850557	-165703312.8918233	1
60426.73736160349	-165703312.9159934	1
60426.73752472883	-165703312.86553216	1
60426.73768789614	-165703312.9019075	1
60426.73785110038	-165703313.0278641	1
60426.738177335756	-165703312.89089137	1
60426.738340476644	-165703312.89880645	1
60426.73850361017	-165703312.88847566	1
60426.73866669316	-165703312.86244065	1
60426.73882986355	-165703312.90246487	1
60426.73899300095	-165703312.83757037	1
60426.739156154596	-165703312.88063812	1
60426.73931932583	-165703312.9028353	1
60426.7394824692	-165703312.9196887	1
60426.73964559585	-165703312.85871232	1
60426.739808785554	-165703312.85417867	1
60426.73997184887	-165703312.86925352	1
60426.740134960106	-165703312.8492576	1
60426.74029813443	-165703312.84065312	1
60426.74046124151	-165703312.92858374	1
60426.740624487386	-165703312.8995384	1
60426.74078752126	-165703312.89974487	1
60426.740950646454	-165703312.90656704	1
60426.741113892924	-165703312.91916412	1
60426.741276970875	-165703312.92633963	1
60426.74144007363	-165703312.87817502	1
60426.74160321033	-165703312.82348585	1
60426.741929546995	-165703312.93453282	1
60426.742092610206	-165703312.973561	1
60426.74225579999	-165703312.93073553	1
60426.74241897428	-165703312.96989232	1
60426.74258212407	-165703312.95985097	1
60426.742745234966	-165703312.9737081	1
60426.742908415516	-165703313.00327528	1
60426.74307150596	-165703312.9474793	1
60426.743234647394	-165703312.8932792	1
60426.74339782397	-165703312.90485805	1
60426.74356088247	-165703312.89326513	1
60426.7437240819	-165703312.88918543	1
60426.74388721189	-165703312.88267022	1
60426.744050366244	-165703312.87081957	1
60426.74421351091	-165703312.95679295	1
60426.74453975458	-165703312.96293432	1
60426.7447028868	-165703312.90233064	1
60426.74486604151	-165703312.91853428	1
60426.74502921383	-165703312.89551914	1
60426.74519238873	-165703312.86792785	1
60426.745355486426	-165703312.91347802	1
60426.745518624404	-165703312.9385661	1
60426.74568168731	-165703312.92736185	1
60426.74584487677	-165703312.91931808	1
60426.74600802082	-165703312.9057144	1
60426.746171166866	-165703312.91956306	1
60426.74633429426	-165703312.92391443	1
60426.74649745726	-165703312.90744668	1
60426.74666057157	-165703312.9308926	1
60426.74682372093	-165703312.8905732	1
60426.74698683234	-165703312.93209803	1
60426.747150034666	-165703312.94755304	1
60426.747313170534	-165703312.88663095	1
60426.74747632142	-165703312.91770667	1
60426.74763941752	-165703312.9535088	1
60426.74780249651	-165703312.97379535	1
60426.74796565901	-165703312.8812148	1
60426.74812881851	-165703312.85550368	1
60426.74829197167	-165703312.90891016	1
60426.74845513881	-165703312.96136814	1
60426.748781397364	-165703312.89498353	1
60426.74910764776	-165703312.93072623	1
60426.74927080084	-165703312.91848302	1
60426.74943392645	-165703312.88233268	1
60426.74959707985	-165703312.92994064	1
60426.74976020329	-165703312.9783497	1
60426.74992332675	-165703312.92616582	1
60426.75008653544	-165703313.02206033	1
60426.750249679855	-165703313.01664126	1
60426.7504127438	-165703312.94384122	1
60426.75057597128	-165703312.9395631	1
60426.750739068026	-165703312.94993925	1
60426.75090215738	-165703312.93379945	1
60426.751065358985	-165703312.88768613	1
60426.7512285362	-165703312.93477768	1
60426.751391592945	-165703312.98215324	1
60426.7517178629	-165703312.91025734	1
60426.751881047356	-165703312.910653	1
60426.7520442581	-165703312.95801884	1
60426.75220730131	-165703312.95758045	1
60426.75237041027	-165703312.86654395	1
60426.752533562576	-165703312.91511112	1
60426.752696756565	-165703312.95822257	1
60426.75285990019	-165703312.91225213	1
60426.75302295797	-165703312.92166287	1
60426.75318614195	-165703312.96855742	1
60426.75334932928	-165703312.99496365	1
60426.753512453295	-165703312.96651703	1
60426.753675556305	-165703312.9366482	1
60426.75383871992	-165703312.93245232	1
60426.75400193892	-165703312.91196078	1
60426.75416494605	-165703312.8874895	1
60426.75432817267	-165703312.92433578	1
60426.75449125855	-165703312.9389876	1
60426.754654432974	-165703312.93620896	1
60426.754817490575	-165703312.92915004	1
60426.754980665355	-165703312.9074266	1
60426.75514381677	-165703312.9237303	1
60426.75530698598	-165703312.94415724	1
60426.75563321575	-165703312.92142928	1
60426.75579634673	-165703312.82797647	1
60426.75595956644	-165703312.8930179	1
60426.75612267904	-165703312.9241482	1
60426.75628585231	-165703312.90775877	1
60426.75644900137	-165703312.88240463	1
60426.75661212933	-165703312.88026404	1
60426.756775282076	-165703312.95173	1
60426.75693839516	-165703312.9812752	1
60426.75710155833	-165703312.952466	1
60426.75726468368	-165703312.93076205	1
60426.75742785164	-165703312.94270933	1
60426.757590978006	-165703312.94361496	1
60426.757754049955	-165703312.96888304	1
60426.75791723234	-165703312.9823324	1
60426.758080322536	-165703312.9252441	1
60426.758243482625	-165703312.90391403	1
60426.7584066757	-165703312.91504824	1
60426.75856976013	-165703312.87736404	1
60426.75873294801	-165703312.87697875	1
60426.75889606409	-165703312.91164	1
60426.75905917389	-165703312.92956388	1
60426.75922229828	-165703312.8955202	1
60426.75938543077	-165703312.85565877	1
60426.75954858549	-165703312.90403318	1
60426.75971174331	-165703312.91630554	1
60426.759874864736	-165703312.9316873	1
60426.76003802234	-165703312.96743083	1
60426.76020120451	-165703312.9920287	1
60426.760364347865	-165703312.9946249	1
60426.76052746093	-165703312.99586207	1
60426.760690601965	-165703312.93414247	1
60426.76085368465	-165703312.8545758	1
60426.761016894554	-165703312.9140253	1
60426.76117995612	-165703312.89903963	1
60426.76134316289	-165703312.86798537	1
60426.761506295035	-165703312.83688414	1
60426.76166938468	-165703312.9179501	1
60426.76183254786	-165703312.88452846	1
60426.761995694775	-165703312.8350736	1
60426.76215882878	-165703312.82365847	1
60426.76232201551	-165703312.82533097	1
60426.76248514658	-165703312.825949	1
60426.76264828692	-165703312.91522068	1
60426.76281141767	-165703312.89846134	1
60426.76297453465	-165703312.8921376	1
60426.76313770909	-165703312.911694	1
60426.76330078165	-165703312.90561086	1
60426.7634639868	-165703312.85202986	1
60426.76362706784	-165703312.85097098	1
60426.7637902466	-165703312.87131786	1
60426.76395342505	-165703312.85284656	1
60426.76411650066	-165703312.88748968	1
60426.764279717674	-165703312.87961286	1
60426.76444278275	-165703312.88184083	1
60426.76460592805	-165703312.89009517	1
60426.76476907428	-165703312.83617878	1
60426.764932197846	-165703312.85365462	1
60426.76509533373	-165703312.9079374	1
60426.76525849949	-165703312.87577623	1
60426.765421638986	-165703312.8595271	1
60426.76558478383	-165703312.9674182	1
60426.76574785133	-165703312.9438057	1
60426.765911107395	-165703312.85748446	1
60426.7660741235	-165703312.81320018	1
60426.7662373768	-165703312.7996956	1
60426.76640049038	-165703312.8024214	1
60426.766563614176	-165703312.83161068	1
60426.76672673775	-165703312.8718515	1
60426.76688984403	-165703312.8791458	1
60426.76705300837	-165703312.8064431	1
60426.76721622109	-165703312.83250183	1
60426.767379363824	-165703312.89649838	1
60426.76754247325	-165703312.92025477	1
60426.767705581304	-165703312.83399147	1
60426.76786876876	-165703312.84298706	1
60426.76803190907	-165703312.90862858	1
60426.76835813361	-165703312.84088653	1
60426.76852129492	-165703312.8004653	1
60426.768684385774	-165703312.82294923	1
60426.768847525294	-165703312.78912938	1
60426.76901070339	-165703312.87471837	1
60426.769173831926	-165703312.90245175	1
60426.76933697234	-165703312.8993348	1
60426.771947175366	-165703312.91181445	1
60426.77211033972	-165703312.84060532	1
60426.772273466246	-165703312.86917347	1
60426.77243665646	-165703312.95469922	1
60426.77259974408	-165703312.92522985	1
60426.77276290527	-165703312.84048647	1
60426.7729260265	-165703312.85343152	1
60426.77308917783	-165703312.88337797	1
60426.77325236051	-165703312.93998927	1
60426.77341540943	-165703312.86953956	1
60426.77357860338	-165703312.8195762	1
60426.77374174767	-165703312.8732922	1
60426.77390491716	-165703312.8643486	1
60426.774068090686	-165703312.8542483	1
60426.77423118747	-165703312.8444264	1
60426.77439429342	-165703312.84312224	1
60426.7745574949	-165703312.84051675	1
60426.774720528294	-165703312.89824152	1
60426.77488372632	-165703312.8598798	1
60426.775046850824	-165703312.7979347	1
60426.77520997752	-165703312.81321526	1
60426.77537313364	-165703312.7692747	1
60426.7755363069	-165703312.8203901	1
60426.775699471335	-165703312.8580011	1
60426.77586255679	-165703312.8831274	1
60426.776025676445	-165703312.92307365	1
60426.77618885655	-165703312.81246048	1
60426.77635203047	-165703312.82127088	1
60426.7765151283	-165703312.85099423	1
60426.77667829672	-165703312.93496543	1
60426.7768413902	-165703312.92899847	1
60426.77700453789	-165703312.8938585	1
60426.777167711574	-165703312.89501125	1
60426.7773307908	-165703312.8376313	1
60426.77749399177	-165703312.82766277	1
60426.77765704499	-165703312.86261106	1
60426.7778202901	-165703312.87366706	1
60426.77798333148	-165703312.9215412	1
60426.778146513505	-165703312.9459505	1
60426.778309646994	-165703312.8970713	1
60426.77863591171	-165703312.8458591	1
60426.77879903096	-165703312.79330558	1
60426.7789622053	-165703312.80424958	1
60426.77912539543	-165703312.84546453	1
60426.77928850389	-165703312.92484093	1
60426.779451639326	-165703312.96416318	1
60426.779614776664	-165703312.93321592	1
60426.77977794226	-165703312.89070672	1
60426.77994109971	-165703312.79644978	1
60426.78010418503	-165703312.8405143	1
60426.780267307855	-165703312.85259724	1
60426.78043048843	-165703312.92313033	1
60426.780593555726	-165703312.93996924	1
60426.780756763445	-165703312.8766052	1
60426.78091987044	-165703312.81526554	1
60426.7810830088	-165703312.857387	1
60426.781246198865	-165703312.84061283	1
60426.78140931855	-165703312.8701585	1
60426.78157242441	-165703312.90612155	1
60426.78173556585	-165703312.95342463	1
60426.78189867947	-165703312.91515553	1
60426.78206187664	-165703312.83526093	1
60426.78222497467	-165703312.9020893	1
60426.78238813191	-165703312.8895318	1
60426.78255129493	-165703312.88658667	1
60426.782714401605	-165703312.96199548	1
60426.782877557984	-165703312.9671532	1
60426.783040739865	-165703312.90111178	1
60426.78320387236	-165703312.86873877	1
60426.78336702541	-165703312.89513218	1
60426.78353011809	-165703312.93597013	1
60426.78369331836	-165703312.9182765	1
60426.783856377646	-165703312.90585643	1
60426.78401955611	-165703312.91215593	1
60426.78418267394	-165703312.92856032	1
60426.78434581964	-165703312.91481858	1
60426.78450899345	-165703312.87186056	1
60426.784672122354	-165703312.83981645	1
60426.784835192	-165703312.83019954	1
60426.784998368275	-165703312.85566628	1
60426.7851615217	-165703312.9088933	1
60426.785324667755	-165703312.8510813	1
60426.78548780023	-165703312.82860255	1
60426.78565093937	-165703312.80872405	1
60426.7858140274	-165703312.8347574	1
60426.78597719013	-165703312.83401436	1
60426.78614034782	-165703312.80465108	1
60426.78630351307	-165703312.76450294	1
60426.78646660922	-165703312.76702398	1
60426.78662981384	-165703312.79734504	1
60426.786792893065	-165703312.79678488	1
60426.78695603796	-165703312.85892826	1
60426.787119209104	-165703312.7956248	1
60426.78728230203	-165703312.75947845	1
60426.78744545423	-165703312.8412103	1
60426.787608627106	-165703312.86634892	1
60426.787771735195	-165703312.8986364	1
60426.787934923304	-165703312.8872828	1
60426.7880980485	-165703312.7830863	1
60426.78826114283	-165703312.8794772	1
60426.7884243218	-165703312.87599087	1
60426.78858747385	-165703312.86628693	1
60426.78875061191	-165703312.882451	1
60426.7889137563	-165703312.8719142	1
60426.78907679292	-165703312.85294604	1
60426.789240010374	-165703312.8581109	1
60426.78940317732	-165703312.84795588	1
60426.789566306856	-165703312.83143026	1
60426.789729451026	-165703312.85682482	1
60426.78989261544	-165703312.87376374	1
60426.79005575324	-165703312.89774472	1
60426.79021885995	-165703312.86990082	1
60426.7903819284	-165703312.83272707	1
60426.79054509257	-165703312.8271091	1
60426.79070833178	-165703312.8715726	1
60426.79087139136	-165703312.8901459	1
60426.79103455333	-165703312.7978196	1
60426.79119769578	-165703312.7890929	1
60426.79136081126	-165703312.83329946	1
60426.79152393284	-165703312.8746462	1
60426.791687157405	-165703312.8255328	1
60426.79185020397	-165703312.78456146	1
60426.79201331935	-165703312.81197333	1
60426.79217647565	-165703312.90870172	1
60426.79233963836	-165703312.83050716	1
60426.79250278113	-165703312.76300633	1
60426.79266596092	-165703312.82360047	1
60426.79282904976	-165703312.87315655	1
60426.79299223499	-165703312.86086798	1
60426.793155321066	-165703312.82868856	1
60426.79331847219	-165703312.81493545	1
60426.793481619294	-165703312.8904028	1
60426.79364479297	-165703312.90096998	1
60426.793807908994	-165703312.85346615	1
60426.79397108601	-165703312.83426422	1
60426.794134198266	-165703312.85092348	1
60426.79429737625	-165703312.9169067	1
60426.79446045227	-165703312.88986957	1
60426.794623621776	-165703312.86320895	1
60426.7947867768	-165703312.91641963	1
60426.794949871444	-165703312.89855778	1
60426.79511304229	-165703312.89541382	1
60426.795276170065	-165703312.87854284	1
60426.79543929301	-165703312.8626055	1
60426.795602431754	-165703312.9015543	1
60426.79576557871	-165703312.8580538	1
60426.79592872761	-165703312.805804	1
60426.796091937176	-165703312.8135041	1
60426.796255046596	-165703312.8239218	1
60426.79641814603	-165703312.81496733	1
60426.79658129296	-165703312.74728745	1
60426.7967444284	-165703312.78558922	1
60426.79690751893	-165703312.84708726	1
60426.79707071671	-165703312.85047197	1
60426.79723383631	-165703312.7701252	1
60426.79739704555	-165703312.74519002	1
60426.79756012478	-165703312.84838253	1
60426.79772323866	-165703312.88976675	1
60426.79788643813	-165703312.82374227	1
60426.79804952769	-165703312.82659626	1
60426.798212667076	-165703312.871386	1
60426.79837584968	-165703312.89866173	1
60426.79853897465	-165703312.8376261	1
60426.798702084154	-165703312.8643604	1
60426.79886523714	-165703312.956977	1
60426.799028398375	-165703312.90673864	1
60426.7991915215	-165703312.85063785	1
60426.79935464119	-165703312.81321234	1
60426.79951778968	-165703312.79466307	1
60426.79968096049	-165703312.89484853	1
60426.799844010005	-165703312.90427303	1
60426.80000722932	-165703312.83068866	1
60426.800170350485	-165703312.7860096	1
60426.80033346324	-165703312.80200016	1
60426.800496635755	-165703312.72177523	1
60426.800822865174	-165703312.85283202	1
60426.800986053684	-165703312.85279864	1
60426.801149177845	-165703312.85584188	1
60426.8013123191	-165703312.80992192	1
60426.801475425316	-165703312.80725497	1
60426.80163866067	-165703312.82685244	1
60426.801801739755	-165703312.83416384	1
60426.80196488891	-165703312.80205393	1
60426.802127967836	-165703312.75300854	1
60426.80245426588	-165703312.75778365	1
60426.80261745359	-165703312.7972867	1
60426.80278064271	-165703312.80009818	1
60426.802943695046	-165703312.86123055	1
60426.80310688419	-165703312.86406064	1
60426.80327004933	-165703312.85156834	1
60426.803433146066	-165703312.76423264	1
60426.80359634106	-165703312.83811486	1
60426.80375942318	-165703312.8301748	1
60426.80392257828	-165703312.82825327	1
60426.80408577023	-165703312.7966739	1
60426.80424883588	-165703312.79757035	1
60426.80441200589	-165703312.81075042	1
60426.80457511674	-165703312.749915	1
60426.804738287494	-165703312.8184694	1
60426.80490146297	-165703312.86341655	1
60426.805064522	-165703312.83079618	1
60426.80522768059	-165703312.7323138	1
60426.805390766414	-165703312.72823364	1
60426.805553921746	-165703312.76112205	1
60426.80571709155	-165703312.7463929	1
60426.80588024566	-165703312.87313443	1
60426.80604339019	-165703312.87765235	1
60426.80620653173	-165703312.7978381	1
60426.8063696361	-165703312.74148983	1
60426.80653278098	-165703312.77094793	1
60426.80685904255	-165703312.73694915	1
60426.80702218858	-165703312.77022737	1
60426.80718534759	-165703312.85125953	1
60426.80734849656	-165703312.86177337	1
60426.807511670515	-165703312.81463015	1
60426.807674793454	-165703312.8305301	1
60426.80783786565	-165703312.76493806	1
60426.8080010448	-165703312.7660482	1
60426.808164215654	-165703312.83892226	1
60426.80832728567	-165703312.82877535	1
60426.80849048497	-165703312.81856954	1
60426.80865359516	-165703312.73512465	1
60426.80881675831	-165703312.7254969	1
60426.80897988928	-165703312.81777424	1
60426.809143022554	-165703312.81027478	1
60426.80930618197	-165703312.79356372	1
60426.80946927235	-165703312.82689375	1
60426.80963243868	-165703312.81699622	1
60426.8097955244	-165703312.77230316	1
60426.8099587474	-165703312.7841336	1
60426.810121916096	-165703312.8548445	1
60426.81028503104	-165703312.8346402	1
60426.81044812867	-165703312.7371387	1
60426.810611298664	-165703312.74489647	1
60426.81093758518	-165703312.81462336	1
60426.81110070368	-165703312.7481202	1
60426.81126378505	-165703312.78204346	1
60426.8114270058	-165703312.7888564	1
60426.81159011448	-165703312.8300196	1
60426.81175328383	-165703312.8242988	1
60426.81191643835	-165703312.83372474	1
60426.81207954389	-165703312.7273466	1
60426.81240578821	-165703312.6858521	1
60426.812568955684	-165703312.83325964	1
60426.81273211862	-165703312.85965544	1
60426.812895258365	-165703312.80058467	1
60426.813058392676	-165703312.77627033	1
60426.81322148312	-165703312.7040726	1
60426.81338464331	-165703312.68591446	1
60426.81354785174	-165703312.76964295	1
60426.81371096119	-165703312.83167046	1
60426.81387404536	-165703312.880458	1
60426.814037208256	-165703312.76548386	1
60426.814200378714	-165703312.73516285	1
60426.8143635289	-165703312.82182783	1
60426.814526640424	-165703312.76939553	1
60426.81468974046	-165703312.7352708	1
60426.81485293438	-165703312.76531678	1
60426.815016047534	-165703312.72104228	1
60426.81517916739	-165703312.7534585	1
60426.815342327005	-165703312.7907809	1
60426.81550547524	-165703312.7245456	1
60426.815668605646	-165703312.68592787	1
60426.81583177392	-165703312.67196894	1
60426.81599486956	-165703312.76802796	1
60426.81615806792	-165703312.82354861	1
60426.81632116678	-165703312.78308004	1
60426.81648436294	-165703312.70570952	1
60426.816647464126	-165703312.70855165	1
60426.81681063638	-165703312.6864006	1
60426.816973794164	-165703312.6829635	1
60426.81713688626	-165703312.7110353	1
60426.81730003517	-165703312.7161603	1
60426.817463170686	-165703312.697856	1
60426.8176263124	-165703312.6799358	1
60426.81778946181	-165703312.73963064	1
60426.81795256253	-165703312.78516215	1
60426.81811570089	-165703312.79309958	1
60426.81827883813	-165703312.7058884	1
60426.81844198228	-165703312.69757473	1
60426.8186051306	-165703312.73968714	1
60426.81876830268	-165703312.78078586	1
60426.81893147126	-165703312.7434103	1
60426.81909455368	-165703312.80380523	1
60426.81925764876	-165703312.74480152	1
60426.81942087943	-165703312.74460632	1
60426.819583997894	-165703312.78265423	1
60426.81974711222	-165703312.76050544	1
60426.81991025912	-165703312.80044484	1
60426.82007340977	-165703312.70225668	1
60426.82023649522	-165703312.75124562	1
60426.82039968744	-165703312.78073567	1
60426.82056286873	-165703312.78516942	1
60426.82072597265	-165703312.79525483	1
60426.82088904239	-165703312.79416877	1
60426.82105222048	-165703312.78578806	1
60426.82121536507	-165703312.81118417	1
60426.82137847775	-165703312.84356457	1
60426.82154166668	-165703312.83066028	1
60426.821704756076	-165703312.86206412	1
60426.82186797476	-165703312.858119	1
60426.822031080985	-165703312.75593245	1
60426.82219421389	-165703312.7671759	1
60426.8223573404	-165703312.7289257	1
60426.82252046947	-165703312.68455684	1
60426.82268354397	-165703312.77522528	1
60426.822846754156	-165703312.76160556	1
60426.823009922264	-165703312.7893873	1
60426.823173057644	-165703312.77305996	1
60426.82333619434	-165703312.82138896	1
60426.82349935501	-165703312.8277846	1
60426.823662494025	-165703312.7372905	1
60426.823825617124	-165703312.75831974	1
60426.82398872009	-165703312.76578325	1
60426.82415185902	-165703312.7629732	1
60426.82431501887	-165703312.7999118	1
60426.82447813277	-165703312.810175	1
60426.82464129862	-165703312.8957497	1
60426.82480444449	-165703312.86391848	1
60426.82496758456	-165703312.78672218	1
60426.82513067512	-165703312.82101387	1
60426.8252938306	-165703312.8020506	1
60426.82545700576	-165703312.85080862	1
60426.82562015945	-165703312.8009414	1
60426.82578324044	-165703312.80026823	1
60426.82594640907	-165703312.7699473	1
60426.826109556205	-165703312.82993257	1
60426.8262727285	-165703312.71458578	1
60426.826435835435	-165703312.74039173	1
60426.826598966334	-165703312.72144234	1
60426.826762165714	-165703312.7034248	1
60426.82692526045	-165703312.76512235	1
60426.82708839568	-165703312.8047406	1
60426.82725151274	-165703312.83749008	1
60426.82741470819	-165703312.8230418	1
60426.82757777659	-165703312.85653752	1
60426.827740940396	-165703312.80823523	1
60426.827904074	-165703312.81539136	1
60426.828067207054	-165703312.7887345	1
60426.828230394145	-165703312.80809265	1
60426.8283935072	-165703312.74392205	1
60426.82855663019	-165703312.698004	1
60426.82871979267	-165703312.71961558	1
60426.82888290816	-165703312.7591657	1
60426.82904603363	-165703312.7838707	1
60426.82920917504	-165703312.7769795	1
60426.82937233638	-165703312.76687008	1
60426.82953545844	-165703312.7737124	1
60426.8296986294	-165703312.74248344	1
60426.82986183902	-165703312.7616238	1
60426.8300248595	-165703312.7687021	1
60426.83018805218	-165703312.71204728	1
60426.830351173434	-165703312.63880736	1
60426.830514311514	-165703312.67440653	1
60426.830677426246	-165703312.73455876	1
60426.83084062642	-165703312.77652788	1
60426.8310037449	-165703312.73419636	1
60426.83116686255	-165703312.68990386	1
60426.8313299766	-165703312.71310413	1
60426.83149315631	-165703312.72928298	1
60426.83165626751	-165703312.75716352	1
60426.83181944825	-165703312.7123903	1
60426.831982540505	-165703312.77547807	1
60426.83214575141	-165703312.8351171	1
60426.83230882629	-165703312.76284653	1
60426.83247199449	-165703312.75625813	1
60426.83263512287	-165703312.75401688	1
60426.83279828422	-165703312.65489084	1
60426.83296138343	-165703312.6824544	1
60426.8331246531	-165703312.73074144	1
60426.833287693655	-165703312.74186814	1
60426.83345078008	-165703312.706774	1
60426.83361399364	-165703312.75176215	1
60426.83377719057	-165703312.74708396	1
60426.83394025455	-165703312.6875341	1
60426.83410342868	-165703312.70279187	1
60426.8342665256	-165703312.78036404	1
60426.83442966499	-165703312.74828058	1
60426.8345927956	-165703312.66823053	1
60426.834755975906	-165703312.65650177	1
60426.83540852916	-165703312.77219838	1
60426.835571615564	-165703312.7191493	1
60426.835734768836	-165703312.6929108	1
60426.83589787865	-165703312.6696127	1
60426.83606108974	-165703312.6544453	1
60426.836224231985	-165703312.6074069	1
60426.836387364136	-165703312.71162224	1
60426.83655047387	-165703312.6957224	1
60426.83671366816	-165703312.58888692	1
60426.83687676591	-165703312.59144312	1
60426.83703988271	-165703312.73089117	1
60426.837203039926	-165703312.71451545	1
60426.837366160784	-165703312.6070522	1
60426.83752928012	-165703312.66089243	1
60426.83769252692	-165703312.685318	1
60426.8378555785	-165703312.6587991	1
60426.83801873913	-165703312.67198414	1
60426.83818189276	-165703312.65708154	1
60426.838344967626	-165703312.64188457	1
60426.83850817665	-165703312.69615716	1
60426.83867133604	-165703312.74937886	1
60426.838834445945	-165703312.71420366	1
60426.838997570514	-165703312.65860647	1
60426.839160754236	-165703312.59521896	1
60426.83932385069	-165703312.66472346	1
60426.83948697865	-165703312.62710047	1
60426.83965014259	-165703312.68277985	1
60426.839813271356	-165703312.7258491	1
60426.83997642461	-165703312.71032745	1
60426.84013955605	-165703312.72884566	1
60426.84030267597	-165703312.69542146	1
60426.84046592042	-165703312.6842562	1
60426.84062897575	-165703312.74706072	1
60426.84079212166	-165703312.78550875	1
60426.84095526143	-165703312.72633594	1
60426.84111845051	-165703312.74578816	1
60426.841281519926	-165703312.74390835	1
60426.841444654274	-165703312.7459162	1
60426.84160784235	-165703312.71399677	1
60426.84177099054	-165703312.7030542	1
60426.84193410028	-165703312.64312226	1
60426.842097242596	-165703312.70540667	1
60426.84226040398	-165703312.77095515	1
60426.84242352369	-165703312.758577	1
60426.84258669433	-165703312.6873721	1
60426.8427497795	-165703312.65626574	1
60426.842912915454	-165703312.71803945	1
60426.84307605531	-165703312.72738683	1
60426.843565466836	-165703312.78771675	1
60426.84372865078	-165703312.8333962	1
60426.843891769146	-165703312.76642478	1
60426.84405489643	-165703312.7409848	1
60426.844218072096	-165703312.72396034	1
60426.8443811702	-165703312.69545335	1
60426.84454432234	-165703312.70559096	1
60426.844707497934	-165703312.63427144	1
60426.84487061042	-165703312.63994896	1
60426.84503376638	-165703312.7057833	1
60426.84519690956	-165703312.65444916	1
60426.8453599861	-165703312.616471	1
60426.84552316648	-165703312.6525631	1
60426.8456863268	-165703312.72773743	1
60426.84584941514	-165703312.7507366	1
60426.846012610884	-165703312.67679423	1
60426.84617574264	-165703312.74166226	1
60426.84633879481	-165703312.67405123	1
60426.84650199343	-165703312.58659834	1
60426.846665152705	-165703312.66780514	1
60426.84682827011	-165703312.69058353	1
60426.846991436054	-165703312.69591653	1
60426.847154577845	-165703312.70019668	1
60426.84731767204	-165703312.64237714	1
60426.84748088103	-165703312.6561327	1
60426.84764395134	-165703312.6384822	1
60426.84780714233	-165703312.62141228	1
60426.84797024318	-165703312.68045872	1
60426.848133416766	-165703312.64657396	1
60426.8482965107	-165703312.56711656	1
60426.848459631794	-165703312.61062497	1
60426.84862281798	-165703312.7049514	1
60426.84878592123	-165703312.78390735	1
60426.84894905202	-165703312.74192202	1
60426.849112224874	-165703312.63570637	1
60426.849275379194	-165703312.68706197	1
60426.84943849864	-165703312.7557426	1
60426.84960160617	-165703312.72739792	1
60426.84976475329	-165703312.73826158	1
60426.84992787882	-165703312.75350457	1
60426.85009102927	-165703312.75365663	1
60426.850254229175	-165703312.70922315	1
60426.850417380956	-165703312.75309837	1
60426.85058047494	-165703312.70145488	1
60426.85074359123	-165703312.64722002	1
60426.850906746455	-165703312.67457557	1
60426.85106985254	-165703312.68464947	1
60426.851232974426	-165703312.75245863	1
60426.85139616286	-165703312.80026186	1
60426.85155927127	-165703312.7273655	1
60426.851722446154	-165703312.7056166	1
60426.85188558494	-165703312.63160664	1
60426.8531906895	-165703312.6830017	1
60426.853353830054	-165703312.65580428	1
60426.8535170249	-165703312.64325982	1
60426.8536801259	-165703312.62291193	1
60426.85384336572	-165703312.59695464	1
60426.85400642097	-165703312.59537166	1
60426.8541695245	-165703312.5969615	1
60426.85433268589	-165703312.64336646	1
60426.85449580985	-165703312.61467886	1
60426.85465897501	-165703312.65918446	1
60426.854822122375	-165703312.60580546	1
60426.85498527595	-165703312.65154082	1
60426.85514835721	-165703312.6921112	1
60426.85531155286	-165703312.70442188	1
60426.85547464716	-165703312.63633192	1
60426.8556378355	-165703312.605111	1
60426.85580096969	-165703312.60830963	1
60426.85596410753	-165703312.59251648	1
60426.85612718608	-165703312.67137498	1
60426.85629033864	-165703312.72658986	1
60426.856453497385	-165703312.65625548	1
60426.856616639976	-165703312.6500566	1
60426.85677979412	-165703312.57431662	1
60426.85694294773	-165703312.52250654	1
60426.8572692288	-165703312.53136742	1
60426.85743231707	-165703312.6346174	1
60426.85759544431	-165703312.62460387	1
60426.857758580554	-165703312.62868744	1
60426.857921766	-165703312.54315037	1
60426.85808489824	-165703312.51551193	1
60426.858248052704	-165703312.58566976	1
60426.8584112375	-165703312.57291436	1
60426.85873746729	-165703312.64152253	1
60426.8589006239	-165703312.68375564	1
60426.85906376342	-165703312.62626255	1
60426.85922687203	-165703312.6409632	1
60426.859389988305	-165703312.60625827	1
60426.859553237555	-165703312.5966295	1
60426.85971631792	-165703312.6829282	1
60426.85987942243	-165703312.67168838	1
60426.86004254036	-165703312.66228604	1
60426.86020572872	-165703312.7102763	1
60426.86036883759	-165703312.64375526	1
60426.86053197521	-165703312.63411403	1
60426.860695153795	-165703312.60593873	1
60426.86085823545	-165703312.55847365	1
60426.861021386016	-165703312.56545454	1
60426.86118458288	-165703312.61456537	1
60426.86134763398	-165703312.61730617	1
60426.861510767136	-165703312.62556183	1
60426.861673882304	-165703312.65729362	1
60426.861837145756	-165703312.6278894	1
60426.862000246234	-165703312.66148448	1
60426.862163361184	-165703312.64955282	1
60426.86232651973	-165703312.62217236	1
60426.862489708394	-165703312.63811862	1
60426.862652800904	-165703312.6139596	1
60426.86281597738	-165703312.63243574	1
60426.86297904724	-165703312.57374007	1
60426.863142172144	-165703312.6033888	1
60426.863305358056	-165703312.6836161	1
60426.86346851157	-165703312.66083097	1
60426.86363159265	-165703312.59490424	1
60426.86379481465	-165703312.57643396	1
60426.86395789517	-165703312.6045575	1
60426.86412099962	-165703312.59628808	1
60426.86428423489	-165703312.58485448	1
60426.86444729299	-165703312.55502158	1
60426.864610459255	-165703312.56183487	1
60426.86477360481	-165703312.60004175	1
60426.864936747545	-165703312.61335617	1
60426.86509987304	-165703312.6987362	1
60426.86526300605	-165703312.71077645	1
60426.86542619406	-165703312.68952298	1
60426.8655894003	-165703312.67827958	1
60426.86575247559	-165703312.66899276	1
60426.86591558629	-165703312.68123126	1
60426.86607873193	-165703312.59042823	1
60426.86624184369	-165703312.58381093	1
60426.86640499556	-165703312.6303193	1
60426.866568145175	-165703312.65887332	1
60426.866731276416	-165703312.64681023	1
60426.866894458064	-165703312.6763032	1
60426.86705755915	-165703312.69947588	1
60426.867220720036	-165703312.66667968	1
60426.86738383648	-165703312.5874681	1
60426.86771006775	-165703312.67394054	1
60426.86787322902	-165703312.68872094	1
60426.86803646074	-165703312.67398036	1
60426.868199607015	-165703312.63151163	1
60426.868362741996	-165703312.6316766	1
60426.86852587344	-165703312.77040952	1
60426.868688984265	-165703312.75033873	1
60426.86885217539	-165703312.665878	1
60426.86901520637	-165703312.6866632	1
60426.86917840736	-165703312.74710608	1
60426.8693415438	-165703312.6957013	1
60426.86950471331	-165703312.72295594	1
60426.869667792154	-165703312.77332544	1
60426.86983094588	-165703312.68757027	1
60426.86999406194	-165703312.62113512	1
60426.87015721122	-165703312.6583053	1
60426.87032037925	-165703312.64542925	1
60426.87048351484	-165703312.6443872	1
60426.870646593	-165703312.68409383	1
60426.87080978772	-165703312.63806736	1
60426.87097292308	-165703312.58471513	1
60426.871136053654	-165703312.61608154	1
60426.871299180566	-165703312.62947255	1
60426.87146236671	-165703312.5986042	1
60426.871625462045	-165703312.60247183	1
60426.87178858112	-165703312.65066123	1
60426.87195171715	-165703312.62615043	1
60426.87211491462	-165703312.5868516	1
60426.87227801382	-165703312.6633672	1
60426.87244116177	-165703312.6505931	1
60426.87260430298	-165703312.58595496	1
60426.87276742839	-165703312.5742014	1
60426.87293059394	-165703312.59595913	1
60426.87309372738	-165703312.55996895	1
60426.87325689092	-165703312.5510049	1
60426.87342002613	-165703312.64421326	1
60426.873583137785	-165703312.643745	1
60426.87374631578	-165703312.63373506	1
60426.87390940348	-165703312.6620735	1
60426.87407257672	-165703312.6407041	1
60426.874235684125	-165703312.69645864	1
60426.874398825305	-165703312.64884287	1
60426.87456198913	-165703312.60037935	1
60426.87472508232	-165703312.57129955	1
60426.874888228376	-165703312.60590565	1
60426.875051376526	-165703312.65188688	1
60426.87521450929	-165703312.69418883	1
60426.87537773727	-165703312.73296577	1
60426.87554081629	-165703312.68843138	1
60426.87570396552	-165703312.65053558	1
60426.87586710977	-165703312.6355428	1
60426.876030223146	-165703312.6515758	1
60426.876193362754	-165703312.60019112	1
60426.8763564948	-165703312.64450037	1
60426.876519748934	-165703312.62586123	1
60426.8766828092	-165703312.6878271	1
60426.87684594047	-165703312.62075424	1
60426.877009135635	-165703312.64122963	1
60426.877172195665	-165703312.63051742	1
60426.87733532976	-165703312.5580234	1
60426.87749852197	-165703312.58365256	1
60426.877661633735	-165703312.58488297	1
60426.87782473754	-165703312.58735532	1
60426.877987948545	-165703312.6556514	1
60426.878151055986	-165703312.58666468	1
60426.878314193964	-165703312.59341878	1
60426.87847737952	-165703312.5875492	1
60426.87864049124	-165703312.6311891	1
60426.87880362784	-165703312.61237663	1
60426.87961934298	-165703312.5849833	1
60426.87978245964	-165703312.5476303	1
60426.879945601104	-165703312.60567445	1
60426.88010873684	-165703312.63310307	1
60426.88027185443	-165703312.57045352	1
60426.8804349959	-165703312.52727097	1
60426.88059819821	-165703312.57182932	1
60426.8807612995	-165703312.5197444	1
60426.8809244375	-165703312.5011583	1
60426.881087529284	-165703312.5070998	1
60426.88125068119	-165703312.5275957	1
60426.881413825395	-165703312.51916134	1
60426.88157697797	-165703312.5622567	1
60426.88174007756	-165703312.59257	1
60426.881903284906	-165703312.49128997	1
60426.88206635442	-165703312.47105175	1
60426.882229537565	-165703312.46644092	1
60426.882392684915	-165703312.51630384	1
60426.88255578257	-165703312.574203	1
60426.8827190074	-165703312.60612583	1
60426.8828821158	-165703312.58556932	1
60426.88304518995	-165703312.5575859	1
60426.883208389765	-165703312.52197903	1
