# Frequency shift file for JILA Sr1 
# for 20250227_clock_lock#0.
# Processed Thu Feb 27 17:03:36 2025 (MT) 
# by Alexander Aeppli(alexander.aeppli@colorado.edu), William Warfield(william.warfield@colorado.edu) 
# ******Applied Corrections******
# point by point corrections: 
#  - servo 
#  - second order zeeman 
#  - density shift 
# DC corrections: 
#  - lattice light 
#  - DC Stark 
#  - BBR 
#  - background gas 
#  - redshift to S1B60V1 
# Total sytematic error (frac.) = ~1e-17
# No MASER corrections have been applied
# To calculate the strontium frequency: 
# f_sr = (N/M)*f_light + f_shift[Hz] 
# where N = 1716882, M = 777577, 
# and f_light is the frequency of the light leaving JILA. 
#### Additional Notes #### 
# nan
t_mjd	f_shift [Hz]	IS_GOOD
60733.773922698514	-165702263.78052545	1
60733.774048382315	-165702263.75118244	1
60733.77417397017	-165702263.782416	1
60733.77429972476	-165702263.81675953	1
60733.774425329	-165702263.77334684	1
60733.77455096716	-165702263.71731257	1
60733.77467670778	-165702263.76049626	1
60733.774802329965	-165702263.7282942	1
60733.77492799527	-165702263.73808402	1
60733.775053705824	-165702263.72878343	1
60733.775179291464	-165702263.74789268	1
60733.775305007526	-165702263.67469847	1
60733.77543071159	-165702263.74217248	1
60733.77555639312	-165702263.80915672	1
60733.77568199492	-165702263.74482763	1
60733.775807666985	-165702263.73440343	1
60733.77593342293	-165702263.71886444	1
60733.77605892712	-165702263.7525959	1
60733.776184623675	-165702263.73148984	1
60733.77631033396	-165702263.72839153	1
60733.77643601355	-165702263.75786805	1
60733.77656165865	-165702263.73124164	1
60733.77668733728	-165702263.74316657	1
60733.776813034136	-165702263.73025948	1
60733.77693865315	-165702263.76431894	1
60733.77706437732	-165702263.7375545	1
60733.777190077235	-165702263.7176987	1
60733.77731558275	-165702263.74979532	1
60733.777441365804	-165702263.73904067	1
60733.777567076395	-165702263.7236231	1
60733.77769270307	-165702263.7108783	1
60733.7778183906	-165702263.6880358	1
60733.77794400727	-165702263.71502906	1
60733.778069702035	-165702263.69589067	1
60733.778195289495	-165702263.7112717	1
60733.778321046804	-165702263.71786523	1
60733.77844666974	-165702263.75462663	1
60733.778572345145	-165702263.70148355	1
60733.77869799794	-165702263.710962	1
60733.778823662826	-165702263.72845817	1
60733.7789493669	-165702263.7385006	1
60733.77907495884	-165702263.69951653	1
60733.77919894315	-165702263.77479988	1
60733.77931999007	-165702263.78166664	1
60733.77944089232	-165702263.7991283	1
60733.77956191606	-165702263.7621261	1
60733.77968295758	-165702263.72558504	1
60733.77980385517	-165702263.73084283	1
60733.77992488347	-165702263.75159335	1
60733.780045916494	-165702263.72180212	1
60733.78016699117	-165702263.70420003	1
60733.780287856396	-165702263.62940937	1
60733.78040890374	-165702263.65010756	1
60733.780529949145	-165702263.70522553	1
60733.78065087958	-165702263.70586413	1
60733.78077185271	-165702263.69498062	1
60733.78089287733	-165702263.70238543	1
60733.78101378481	-165702263.7165032	1
60733.781134843484	-165702263.67259783	1
60733.78125589185	-165702263.730379	1
60733.78137677345	-165702263.6671955	1
60733.78149790784	-165702263.65910774	1
60733.78161885075	-165702263.6083728	1
60733.78186081106	-165702263.70628393	1
60733.781981779466	-165702263.70513612	1
60733.78210284698	-165702263.70772457	1
60733.78222384468	-165702263.64496988	1
60733.7823447846	-165702263.68094784	1
60733.78246586454	-165702263.67883134	1
60733.78258686841	-165702263.69807386	1
60733.782707785635	-165702263.65792722	1
60733.78282882944	-165702263.71621692	1
60733.78294980511	-165702263.7014622	1
60733.783070844045	-165702263.69015086	1
60733.78319182067	-165702263.7329011	1
60733.78331278202	-165702263.77823174	1
60733.78343373361	-165702263.7196679	1
60733.78355476467	-165702263.69666672	1
60733.78367582328	-165702263.7018435	1
60733.78379675179	-165702263.67043114	1
60733.78391775002	-165702263.66350144	1
60733.7840387103	-165702263.6675989	1
60733.78415977722	-165702263.68111026	1
60733.78428082476	-165702263.69118834	1
60733.784401841556	-165702263.68124908	1
60733.78452281209	-165702263.64208293	1
60733.784643821666	-165702263.6166196	1
60733.784764780736	-165702263.65294462	1
60733.78488577723	-165702263.69508123	1
60733.785006753715	-165702263.71386957	1
60733.78512772676	-165702263.69641715	1
60733.7852487211	-165702263.70487952	1
60733.785369761994	-165702263.6806479	1
60733.78549060717	-165702263.68873304	1
60733.78561176587	-165702263.65139925	1
60733.785732712335	-165702263.69899493	1
60733.78585372276	-165702263.6776927	1
60733.785974725906	-165702263.68516994	1
60733.78609563916	-165702263.6630044	1
60733.7862167753	-165702263.68723464	1
60733.78633764025	-165702263.66617352	1
60733.78645871591	-165702263.70707166	1
60733.786579678715	-165702263.67365748	1
60733.78670065512	-165702263.64813375	1
60733.78682165893	-165702263.63108408	1
60733.78694263838	-165702263.60710186	1
60733.78706364758	-165702263.65526074	1
60733.78718463712	-165702263.64817584	1
60733.78730564604	-165702263.66386914	1
60733.787426701216	-165702263.6815248	1
60733.78754758946	-165702263.68601084	1
60733.78766865374	-165702263.66248864	1
60733.78778968308	-165702263.70501828	1
60733.78791067589	-165702263.67824042	1
60733.788031649296	-165702263.6830703	1
60733.788152613975	-165702263.6763715	1
60733.788273595404	-165702263.7253424	1
60733.788394657	-165702263.70539582	1
60733.78851563588	-165702263.63886964	1
60733.78863659674	-165702263.69116306	1
60733.78875763086	-165702263.67704827	1
60733.78887856551	-165702263.71451163	1
60733.788999605335	-165702263.7070799	1
60733.78912057733	-165702263.7581486	1
60733.789241593746	-165702263.70718938	1
60733.78936256732	-165702263.7186886	1
60733.789483611974	-165702263.7325033	1
60733.789604546386	-165702263.7067914	1
60733.789725610644	-165702263.73929566	1
60733.789846547115	-165702263.71233696	1
60733.78996750991	-165702263.70380056	1
60733.7900885824	-165702263.70126355	1
60733.790209485654	-165702263.68410832	1
60733.79033058064	-165702263.68634868	1
60733.79045150447	-165702263.71727318	1
60733.79057246994	-165702263.7309059	1
60733.79081453315	-165702263.6931976	1
60733.790935562196	-165702263.73173463	1
60733.791056539325	-165702263.71962982	1
60733.79117747887	-165702263.64951473	1
60733.79129846959	-165702263.68241012	1
60733.79141957397	-165702263.72037786	1
60733.79154058433	-165702263.71102667	1
60733.79166146403	-165702263.70533347	1
60733.79178246452	-165702263.69934982	1
60733.791903483565	-165702263.6642726	1
60733.79202446258	-165702263.72208422	1
60733.79214546457	-165702263.72076207	1
60733.792266447614	-165702263.72221017	1
60733.792387441696	-165702263.6830451	1
60733.79250849398	-165702263.70098895	1
60733.79262950798	-165702263.68391025	1
60733.792750438275	-165702263.73863602	1
60733.792871479105	-165702263.71129888	1
60733.79299244813	-165702263.69555616	1
60733.79311349694	-165702263.7259996	1
60733.79323442971	-165702263.75347567	1
60733.793355424015	-165702263.76592427	1
60733.7934764756	-165702263.69627255	1
60733.79359745834	-165702263.74908143	1
60733.793839437494	-165702263.7255128	1
60733.793960459334	-165702263.77586615	1
60733.794081351116	-165702263.73055327	1
60733.794202383804	-165702263.73942697	1
60733.79480739933	-165702263.7132392	1
60733.79492840029	-165702263.67047638	1
60733.79504942366	-165702263.72841376	1
60733.79517033035	-165702263.7618286	1
60733.795291355535	-165702263.70521516	1
60733.795533394245	-165702263.65035015	1
60733.7956543301	-165702263.6785829	1
60733.795775317354	-165702263.69940484	1
60733.795896332325	-165702263.7152866	1
60733.796017345885	-165702263.6660055	1
60733.796138304024	-165702263.6938172	1
60733.796259376686	-165702263.68413204	1
60733.796380310974	-165702263.6956815	1
60733.79650133031	-165702263.7443511	1
60733.796622359485	-165702263.71429396	1
60733.79674338622	-165702263.69311887	1
60733.796864387135	-165702263.6597985	1
60733.79698527585	-165702263.68315923	1
60733.797348349945	-165702263.67304534	1
60733.79746923174	-165702263.6243778	1
60733.79771130253	-165702263.62610883	1
60733.797953266716	-165702263.65609252	1
60733.798074232596	-165702263.6505924	1
60733.79831625075	-165702263.67076993	1
60733.79843726625	-165702263.65758187	1
60733.798558302005	-165702263.6537742	1
60733.799405265476	-165702263.60053563	1
60733.799647255524	-165702263.6277104	1
60733.799768292716	-165702263.62486196	1
60733.80001030008	-165702263.63411868	1
60733.80013118053	-165702263.63195568	1
60733.80025220287	-165702263.6561048	1
60733.80037323752	-165702263.65204412	1
60733.800494232564	-165702263.62715048	1
60733.80061516996	-165702263.6271631	1
60733.800736161225	-165702263.6267209	1
60733.80085718194	-165702263.59222043	1
60733.800978129795	-165702263.60425448	1
60733.801099137425	-165702263.68157244	1
60733.801220153946	-165702263.6609825	1
60733.80134117121	-165702263.64118356	1
60733.80146218223	-165702263.6324879	1
60733.80158315639	-165702263.64690787	1
60733.80170415335	-165702263.6456347	1
60733.801825150345	-165702263.63701057	1
60733.80194620364	-165702263.59815627	1
60733.802067045806	-165702263.60630447	1
60733.802188146554	-165702263.6109438	1
60733.80230915117	-165702263.62062472	1
60733.80243018451	-165702263.5922377	1
60733.80255117946	-165702263.5979361	1
60733.802672061785	-165702263.5523635	1
60733.802793100804	-165702263.5888034	1
60733.80291419749	-165702263.59647292	1
60733.803035091594	-165702263.60153145	1
60733.80315612389	-165702263.64029408	1
60733.80327708845	-165702263.63492846	1
60733.803398133576	-165702263.56985766	1
60733.80364010677	-165702263.58570123	1
60733.80376105052	-165702263.6251955	1
60733.80388210658	-165702263.67865467	1
60733.804003042984	-165702263.64524853	1
60733.804124096496	-165702263.61482304	1
60733.804366051394	-165702263.59403467	1
60733.80448704656	-165702263.6310836	1
60733.80460808662	-165702263.6467402	1
60733.80472904398	-165702263.64720452	1
60733.8048500861	-165702263.6423276	1
60733.80497103196	-165702263.6118201	1
60733.80509203617	-165702263.6164078	1
60733.80521303314	-165702263.64558375	1
60733.8053340641	-165702263.65573692	1
60733.80545503655	-165702263.5810331	1
60733.80557601244	-165702263.61590838	1
60733.80569708318	-165702263.6358856	1
60733.805818053566	-165702263.63778812	1
60733.80593893838	-165702263.5913664	1
60733.80606003275	-165702263.60181916	1
60733.806181022665	-165702263.61216074	1
60733.806302029094	-165702263.5792783	1
60733.806422985625	-165702263.5808556	1
60733.80654397829	-165702263.588745	1
60733.80666498228	-165702263.6011914	1
60733.80678605123	-165702263.59688318	1
60733.80690697526	-165702263.58768308	1
60733.807028019284	-165702263.61396044	1
60733.80714897678	-165702263.6053444	1
60733.807270053185	-165702263.6212263	1
60733.8073909992	-165702263.5822699	1
60733.807511941355	-165702263.5588562	1
60733.80763301246	-165702263.59454846	1
60733.807753949055	-165702263.57801872	1
60733.80787496609	-165702263.59487987	1
60733.807995995805	-165702263.6229869	1
60733.808116884	-165702263.61797643	1
60733.80823789434	-165702263.57025683	1
60733.808358995455	-165702263.5549155	1
60733.80847992092	-165702263.59311032	1
60733.80860094716	-165702263.57226348	1
60733.80872188425	-165702263.64188445	1
60733.808842936574	-165702263.61806476	1
60733.80896388364	-165702263.62663305	1
60733.80908491382	-165702263.63831466	1
60733.80920585547	-165702263.61556405	1
60733.80932693631	-165702263.6095423	1
60733.80944791962	-165702263.57489938	1
60733.80956900019	-165702263.584409	1
60733.80968993984	-165702263.63571584	1
60733.809810869294	-165702263.620399	1
60733.80993190901	-165702263.60651702	1
60733.810052900655	-165702263.6337759	1
60733.810173953054	-165702263.62637252	1
60733.81029486907	-165702263.64148128	1
60733.81041581993	-165702263.65663052	1
60733.81053688376	-165702263.6788274	1
60733.81065787518	-165702263.69965786	1
60733.81077887814	-165702263.6832493	1
60733.810899834585	-165702263.68646848	1
60733.81102090339	-165702263.71178496	1
60733.811141828446	-165702263.65995628	1
60733.81126287862	-165702263.65907812	1
60733.81138385038	-165702263.66484362	1
60733.811504950354	-165702263.6608382	1
60733.811625888564	-165702263.69686747	1
60733.81174686735	-165702263.76401103	1
60733.81186785711	-165702263.69043583	1
60733.811988896276	-165702263.6535974	1
60733.8121098366	-165702263.63079602	1
60733.81223083087	-165702263.6605382	1
60733.81235177176	-165702263.64128602	1
60733.81247278413	-165702263.6520841	1
60733.8125937552	-165702263.64026827	1
60733.81271473909	-165702263.6376143	1
60733.81283585725	-165702263.62639368	1
60733.812956770314	-165702263.5935219	1
60733.81307776578	-165702263.60367948	1
60733.81319880433	-165702263.65014625	1
60733.81331979691	-165702263.62232816	1
60733.813440798476	-165702263.6666746	1
60733.813561773226	-165702263.68260616	1
60733.813682786014	-165702263.64158428	1
60733.81380372088	-165702263.62349248	1
60733.813924786264	-165702263.63605624	1
60733.81404572493	-165702263.70253462	1
60733.81416673775	-165702263.73096043	1
60733.814287713736	-165702263.71455926	1
60733.81440874346	-165702263.66361797	1
60733.81452966888	-165702263.65861487	1
60733.81465071183	-165702263.6456089	1
60733.81477167025	-165702263.6267045	1
60733.814892728	-165702263.6231376	1
60733.815013713946	-165702263.61047912	1
60733.81513469123	-165702263.60108066	1
60733.81525565218	-165702263.6395682	1
60733.815376763705	-165702263.64302963	1
60733.81549766483	-165702263.67801392	1
60733.81561865509	-165702263.68032002	1
60733.815739695645	-165702263.66654044	1
60733.815860677496	-165702263.64719522	1
60733.815981671476	-165702263.65218598	1
60733.81610277603	-165702263.62053537	1
60733.81622370203	-165702263.62343335	1
60733.816344683066	-165702263.5833804	1
60733.81646563329	-165702263.60513908	1
60733.81658661649	-165702263.57896304	1
60733.81670763974	-165702263.59210145	1
60733.81682865492	-165702263.61243707	1
60733.81694963983	-165702263.6102298	1
60733.81707064962	-165702263.61934733	1
60733.81719161605	-165702263.61689526	1
60733.81731260489	-165702263.58766997	1
60733.81743361659	-165702263.57667667	1
60733.81755457891	-165702263.62856716	1
60733.817675623744	-165702263.63948596	1
60733.817796675394	-165702263.63975978	1
60733.81791758132	-165702263.55722278	1
60733.818038630874	-165702263.60161346	1
60733.81815959745	-165702263.5774935	1
60733.81840162339	-165702263.5592643	1
60733.81852255877	-165702263.63323343	1
60733.818643638966	-165702263.58525175	1
60733.81876460258	-165702263.61375493	1
60733.81888560152	-165702263.58604234	1
60733.81900654428	-165702263.59227258	1
60733.81912753957	-165702263.57493943	1
60733.81924856336	-165702263.59942037	1
60733.81936953109	-165702263.64110798	1
60733.81949059193	-165702263.63691103	1
60733.81961153984	-165702263.6622225	1
60733.81973256662	-165702263.64406836	1
60733.81985349298	-165702263.62170064	1
60733.8199745097	-165702263.59042925	1
60733.82009550772	-165702263.62923175	1
60733.82021654954	-165702263.63365763	1
60733.82033748286	-165702263.66326898	1
60733.82045851855	-165702263.65030944	1
60733.820579483465	-165702263.622962	1
60733.82070045292	-165702263.6341536	1
60733.82082145485	-165702263.64292413	1
60733.820942602746	-165702263.6332587	1
60733.82106351713	-165702263.60078746	1
60733.821184530214	-165702263.6067695	1
60733.82130547427	-165702263.59765488	1
60733.82142646804	-165702263.61313343	1
60733.821547493564	-165702263.6410107	1
60733.821668508914	-165702263.62037098	1
60733.82178940301	-165702263.60058188	1
60733.82191048555	-165702263.62982613	1
60733.82203150073	-165702263.6462742	1
60733.822152452645	-165702263.6371405	1
60733.822273437785	-165702263.63558537	1
60733.8223944428	-165702263.61447567	1
60733.82251546785	-165702263.61083055	1
60733.8226365109	-165702263.59461486	1
60733.82275744096	-165702263.6046335	1
60733.8228783975	-165702263.64141357	1
60733.822999437645	-165702263.65524316	1
60733.82312044499	-165702263.59144104	1
60733.823483378925	-165702263.58296198	1
60733.82360439819	-165702263.60622615	1
60733.82372543338	-165702263.5279026	1
60733.82384635391	-165702263.60557586	1
60733.82396734831	-165702263.62877965	1
60733.82408844487	-165702263.63157034	1
60733.8242093847	-165702263.57328427	1
60733.82433039971	-165702263.57603115	1
60733.82445136099	-165702263.63009238	1
60733.82469335722	-165702263.5856279	1
60733.824814359206	-165702263.63855273	1
60733.82493535655	-165702263.61279202	1
60733.82505638845	-165702263.6108001	1
60733.82517742353	-165702263.61446548	1
60733.82529834955	-165702263.57821536	1
60733.82554031843	-165702263.5669824	1
60733.825661343944	-165702263.58758396	1
60733.8257823438	-165702263.59871572	1
60733.82590334543	-165702263.54809278	1
60733.826145313215	-165702263.57995272	1
60733.82626633462	-165702263.5716563	1
60733.82638732911	-165702263.56677103	1
60733.82650834321	-165702263.55493522	1
60733.82662933638	-165702263.6268866	1
60733.82675037477	-165702263.60362107	1
60733.826871313686	-165702263.60863614	1
60733.82699232683	-165702263.60222894	1
60733.827113322324	-165702263.59185773	1
60733.82723433493	-165702263.56088954	1
60733.82735525927	-165702263.57968497	1
60733.8274762384	-165702263.61026973	1
60733.82759726808	-165702263.59361333	1
60733.827718325854	-165702263.5416677	1
60733.82783925786	-165702263.5701332	1
60733.82796025753	-165702263.5588122	1
60733.82808124754	-165702263.58357215	1
60733.8282022277	-165702263.5619291	1
60733.82832329838	-165702263.5746125	1
60733.82844430576	-165702263.59927768	1
60733.828565235715	-165702263.61308217	1
60733.828686210196	-165702263.56585503	1
60733.82880718032	-165702263.59805024	1
60733.82892824217	-165702263.57788223	1
60733.82904927463	-165702263.57118046	1
60733.82917022066	-165702263.59335327	1
60733.82929121262	-165702263.55454504	1
60733.82941220325	-165702263.586066	1
60733.829533227945	-165702263.58823168	1
60733.82965417738	-165702263.53831172	1
60733.82977526721	-165702263.54138166	1
60733.829896208474	-165702263.59088022	1
60733.83001722762	-165702263.58017683	1
60733.83013821818	-165702263.58371413	1
60733.83025917078	-165702263.54739553	1
60733.83038023493	-165702263.5702262	1
60733.83050110149	-165702263.593229	1
60733.830622191526	-165702263.54285234	1
60733.83074323167	-165702263.5566123	1
60733.830864174466	-165702263.54468352	1
60733.83098515758	-165702263.56340075	1
60733.831106121506	-165702263.60989445	1
60733.831227144336	-165702263.5983441	1
60733.831348110034	-165702263.60959888	1
60733.83146918645	-165702263.58180547	1
60733.831590180765	-165702263.56172603	1
60733.83171114521	-165702263.53601253	1
60733.83183210111	-165702263.51960713	1
60733.831953147135	-165702263.5485096	1
60733.83207414099	-165702263.54708838	1
60733.832195185976	-165702263.55652934	1
60733.83231613609	-165702263.52901632	1
60733.832437138255	-165702263.5406524	1
60733.832558126065	-165702263.5569616	1
60733.832679103296	-165702263.56911707	1
60733.83280001762	-165702263.5439307	1
60733.83292112614	-165702263.58458585	1
60733.833042068756	-165702263.5843752	1
60733.83328413484	-165702263.58800936	1
60733.833405086414	-165702263.5577497	1
60733.83352605897	-165702263.54658574	1
60733.83364709883	-165702263.60426646	1
60733.833768087934	-165702263.56614935	1
60733.8338890292	-165702263.4987712	1
60733.83400998269	-165702263.49270523	1
60733.83413100453	-165702263.51206827	1
60733.83425208929	-165702263.54294783	1
60733.83437302995	-165702263.52677912	1
60733.83449402948	-165702263.53658408	1
60733.8346150644	-165702263.53491247	1
60733.8347360625	-165702263.532129	1
60733.83485706431	-165702263.5300038	1
60733.83497800596	-165702263.50855178	1
60733.8350990533	-165702263.5150861	1
60733.83522008334	-165702263.5043277	1
60733.83534106751	-165702263.5025463	1
60733.83546201339	-165702263.4886647	1
60733.835582985215	-165702263.53128153	1
60733.835704000114	-165702263.48122525	1
60733.8358250279	-165702263.50725794	1
60733.83594601298	-165702263.5260539	1
60733.83606697067	-165702263.529688	1
60733.836187962974	-165702263.59504688	1
60733.8363089858	-165702263.57997024	1
60733.836429976145	-165702263.52687204	1
60733.83655101011	-165702263.55918545	1
60733.836671960686	-165702263.55165893	1
60733.83679291053	-165702263.51722312	1
60733.83703498729	-165702263.5398087	1
60733.83715594522	-165702263.57692885	1
60733.837276941806	-165702263.53938127	1
60733.83739793599	-165702263.60504955	1
60733.83751896097	-165702263.5635975	1
60733.83763989019	-165702263.60264307	1
60733.837881985484	-165702263.58551425	1
60733.838003020246	-165702263.53396237	1
60733.838123929876	-165702263.51456285	1
60733.83824493632	-165702263.5300495	1
60733.83836584906	-165702263.5415783	1
60733.83848689971	-165702263.51815677	1
60733.838607905695	-165702263.47394282	1
60733.83872896158	-165702263.52712345	1
60733.83884996775	-165702263.510365	1
60733.838970889796	-165702263.46586502	1
60733.83909188991	-165702263.51994753	1
60733.83921282845	-165702263.53704125	1
60733.83933386874	-165702263.49826652	1
60733.83945487515	-165702263.47100383	1
60733.83957591642	-165702263.46162158	1
60733.839696889314	-165702263.45669657	1
60733.83981787964	-165702263.40850627	1
60733.83993888438	-165702263.44837284	1
60733.840059871116	-165702263.44618112	1
60733.8401808106	-165702263.4517601	1
60733.84030189478	-165702263.44918847	1
60733.84042288129	-165702263.4044003	1
60733.840543867176	-165702263.48220533	1
60733.84066478851	-165702263.43950087	1
60733.84078588226	-165702263.50684816	1
60733.84090683799	-165702263.50676966	1
60733.84102778197	-165702263.5029019	1
60733.841148906715	-165702263.47468454	1
60733.84126979895	-165702263.471166	1
60733.84139082498	-165702263.45127952	1
60733.8415118705	-165702263.44734126	1
60733.84163276527	-165702263.45894396	1
60733.84175379819	-165702263.46685505	1
60733.841874807615	-165702263.49326426	1
60733.841995755734	-165702263.5104941	1
60733.84211676078	-165702263.46543014	1
60733.84223782675	-165702263.4677714	1
60733.84235877584	-165702263.46990585	1
60733.84247976065	-165702263.46909124	1
60733.842600775286	-165702263.4710927	1
60733.84272173766	-165702263.4692183	1
60733.842842800805	-165702263.48541665	1
60733.84296374103	-165702263.44234067	1
60733.84308479696	-165702263.45017135	1
60733.843205726516	-165702263.5271073	1
60733.84332675863	-165702263.52255327	1
60733.843447689724	-165702263.4781633	1
60733.84356874117	-165702263.46058857	1
60733.84368975251	-165702263.47293591	1
60733.84381070351	-165702263.46324927	1
60733.84393175209	-165702263.50930232	1
60733.844052727494	-165702263.50921726	1
60733.844173680016	-165702263.51559222	1
60733.84429462256	-165702263.48956144	1
60733.84441574661	-165702263.4641899	1
60733.84453672317	-165702263.47522688	1
60733.844657706075	-165702263.47382158	1
60733.8447786691	-165702263.45937866	1
60733.844899702555	-165702263.47199643	1
60733.845020662455	-165702263.43999487	1
60733.845141680365	-165702263.4846747	1
60733.84526272316	-165702263.4207343	1
60733.84538366576	-165702263.4774962	1
60733.84550467459	-165702263.45273978	1
60733.845625608636	-165702263.4589969	1
60733.84574672631	-165702263.48217946	1
60733.84586756354	-165702263.4441976	1
60733.84598860425	-165702263.4541155	1
60733.84610967171	-165702263.49350154	1
60733.84623063031	-165702263.4717772	1
60733.84635161092	-165702263.47739947	1
60733.84647257824	-165702263.52220094	1
60733.84659369921	-165702263.44040227	1
60733.84671464438	-165702263.45936042	1
60733.84683557854	-165702263.47375137	1
60733.84695658955	-165702263.4712705	1
60733.84707759414	-165702263.43536967	1
60733.847198667994	-165702263.45091766	1
60733.84731957667	-165702263.464288	1
60733.84744065968	-165702263.46474147	1
60733.84756155466	-165702263.47246832	1
60733.84768258227	-165702263.46864164	1
60733.84780357391	-165702263.44994205	1
60733.84792452845	-165702263.43175828	1
60733.848045634375	-165702263.46541935	1
60733.848166573305	-165702263.43252963	1
60733.848287578796	-165702263.4503373	1
60733.848408566686	-165702263.4835509	1
60733.848529482966	-165702263.4937902	1
60733.848650620166	-165702263.451428	1
60733.84877151054	-165702263.42912084	1
60733.8488926153	-165702263.45603418	1
60733.84901351404	-165702263.46487647	1
60733.84913454988	-165702263.46663964	1
60733.849255557296	-165702263.46858424	1
60733.849376505124	-165702263.43181407	1
60733.84949752275	-165702263.39580297	1
60733.84961852534	-165702263.44518197	1
60733.849739505466	-165702263.5214548	1
60733.84986050986	-165702263.44734728	1
60733.84998155532	-165702263.46326667	1
60733.850102531804	-165702263.4361149	1
60733.850223564375	-165702263.42712456	1
60733.85034455413	-165702263.44156992	1
60733.8504656084	-165702263.4372837	1
60733.85058648681	-165702263.42210752	1
60733.850707492405	-165702263.40087616	1
60733.850828485694	-165702263.45202392	1
60733.85094949056	-165702263.4572212	1
60733.8510705097	-165702263.39869255	1
60733.851191478345	-165702263.4376008	1
60733.85131249191	-165702263.4292298	1
60733.85143346042	-165702263.4344952	1
60733.85155446437	-165702263.44679284	1
60733.85167539501	-165702263.4647811	1
60733.851796420444	-165702263.45865905	1
60733.85191738988	-165702263.44435972	1
60733.85203842043	-165702263.45761317	1
60733.85215940435	-165702263.44195628	1
60733.852280447165	-165702263.43501395	1
60733.852401444805	-165702263.4500224	1
60733.852522410874	-165702263.4149084	1
60733.85264338042	-165702263.48319346	1
60733.852764432646	-165702263.4759292	1
60733.85288537562	-165702263.4779898	1
60733.853006361554	-165702263.52294385	1
60733.85312741093	-165702263.47507715	1
60733.85324845063	-165702263.4877134	1
60733.85336943767	-165702263.45368809	1
60733.85349039767	-165702263.43425262	1
60733.85361135034	-165702263.4808979	1
60733.85373233651	-165702263.44173843	1
60733.85385335534	-165702263.46379304	1
60733.85397434095	-165702263.5037138	1
60733.8540953195	-165702263.50258213	1
60733.85421640468	-165702263.48654127	1
60733.85433746758	-165702263.43815517	1
60733.85445828131	-165702263.47978735	1
60733.85457929608	-165702263.49207824	1
60733.8547003107	-165702263.4852358	1
60733.85482139942	-165702263.5057196	1
60733.854942319755	-165702263.47109896	1
60733.85506333503	-165702263.5133869	1
60733.855184387125	-165702263.49897158	1
60733.8553053584	-165702263.5103351	1
60733.855426264316	-165702263.49654895	1
60733.85554731177	-165702263.50019974	1
60733.85566824648	-165702263.462641	1
60733.85578926837	-165702263.44616055	1
60733.85591036061	-165702263.4721036	1
60733.856031401054	-165702263.47348988	1
60733.85615227123	-165702263.46530634	1
60733.85627319425	-165702263.51634628	1
60733.85639432245	-165702263.43395847	1
60733.85651531947	-165702263.47674263	1
60733.85663623833	-165702263.4692412	1
60733.85675719996	-165702263.47758186	1
60733.85687831339	-165702263.44835746	1
60733.85712029025	-165702263.47441536	1
60733.85724125316	-165702263.45540518	1
60733.85736223821	-165702263.40688217	1
60733.857483323976	-165702263.4067356	1
60733.85760429077	-165702263.39063102	1
60733.85784629435	-165702263.37259942	1
60733.858088199646	-165702263.38317275	1
60733.85820917295	-165702263.41753054	1
60733.85833020781	-165702263.4219718	1
60733.85845125316	-165702263.3779325	1
60733.858572255536	-165702263.40196264	1
60733.85869315693	-165702263.3689754	1
60733.85881417613	-165702263.41772097	1
60733.85893529211	-165702263.3968454	1
60733.859056145404	-165702263.44659346	1
60733.859177193786	-165702263.4136173	1
60733.85941917601	-165702263.44662285	1
60733.859540125384	-165702263.40647805	1
60733.859661167786	-165702263.37339765	1
60733.85978217357	-165702263.41540653	1
60733.85990318556	-165702263.4114489	1
60733.86002421861	-165702263.4651348	1
60733.86014516137	-165702263.43346518	1
60733.86038723167	-165702263.45205492	1
60733.8605082184	-165702263.4775973	1
60733.86062914747	-165702263.4536695	1
60733.860750125685	-165702263.4548021	1
60733.86099211062	-165702263.4574846	1
60733.86111315066	-165702263.46978164	1
60733.86135507265	-165702263.43164265	1
60733.86147604193	-165702263.43531173	1
60733.86159714137	-165702263.4353267	1
60733.861718067645	-165702263.44050694	1
60733.86196007927	-165702263.42855638	1
60733.86208109328	-165702263.41681123	1
60733.86220213849	-165702263.45380884	1
60733.86232306899	-165702263.47115368	1
60733.86244409689	-165702263.4266169	1
60733.862565115676	-165702263.43681675	1
60733.862686082735	-165702263.46021414	1
60733.86280705183	-165702263.4710806	1
60733.86292810566	-165702263.47268862	1
60733.86304906378	-165702263.41361707	1
60733.86317002251	-165702263.401393	1
60733.86329121007	-165702263.39419496	1
60733.863412110775	-165702263.4251364	1
60733.86353302631	-165702263.3872255	1
60733.86365401397	-165702263.3964287	1
60733.86377504833	-165702263.41847324	1
60733.863896023424	-165702263.4226418	1
60733.864017102496	-165702263.41392905	1
60733.86413800072	-165702263.4387201	1
60733.8642590001	-165702263.4216469	1
60733.864380013336	-165702263.43959612	1
60733.86450101331	-165702263.44003463	1
60733.86462192793	-165702263.42792386	1
60733.86474298169	-165702263.42629677	1
60733.86486395601	-165702263.39290512	1
60733.864984942746	-165702263.41194427	1
60733.865106040954	-165702263.41537255	1
60733.86522698449	-165702263.43468016	1
60733.86534806686	-165702263.4100358	1
60733.86546896278	-165702263.41311872	1
60733.86558992271	-165702263.43264526	1
60733.86583201207	-165702263.50486863	1
60733.8659529848	-165702263.47659546	1
60733.86607391104	-165702263.4782524	1
60733.866194962866	-165702263.44245064	1
60733.86631598352	-165702263.39208525	1
60733.866436892924	-165702263.37554795	1
60733.86655800048	-165702263.44467622	1
60733.86667892639	-165702263.34905642	1
60733.866799831834	-165702263.33773643	1
60733.86692092073	-165702263.37347203	1
60733.86704193246	-165702263.34668928	1
60733.86716290592	-165702263.37406212	1
60733.86728390193	-165702263.375068	1
60733.86740490233	-165702263.41022748	1
60733.86752587391	-165702263.442649	1
60733.86764696177	-165702263.44861597	1
60733.86776790754	-165702263.4449541	1
60733.8678888521	-165702263.4421178	1
60733.868009903235	-165702263.40917224	1
60733.86813091304	-165702263.3705821	1
60733.868251854736	-165702263.39125538	1
60733.86837288869	-165702263.34631103	1
60733.86849391255	-165702263.384376	1
60733.86861492333	-165702263.4211343	1
60733.86873586457	-165702263.40339	1
60733.86885685415	-165702263.3605181	1
60733.86897785406	-165702263.36305714	1
60733.86909879123	-165702263.33813334	1
60733.86921976476	-165702263.29671782	1
60733.869340808975	-165702263.3630728	1
60733.86946181324	-165702263.29392427	1
60733.86958282026	-165702263.364334	1
60733.86970382202	-165702263.32560402	1
60733.86982476442	-165702263.36217082	1
60733.86994583284	-165702263.40447998	1
60733.87006684717	-165702263.38236934	1
60733.87018780892	-165702263.38610935	1
60733.870308841615	-165702263.39993256	1
60733.87042982498	-165702263.38165188	1
60733.87055080558	-165702263.37567812	1
60733.87067178861	-165702263.31048262	1
60733.87079274694	-165702263.33622557	1
60733.87091380795	-165702263.35240662	1
60733.87103486635	-165702263.37009913	1
60733.87115573797	-165702263.35492015	1
60733.87127676707	-165702263.33348644	1
60733.87139778769	-165702263.37294036	1
60733.87151880528	-165702263.35261792	1
60733.87163980909	-165702263.38723564	1
60733.87176075787	-165702263.3535987	1
60733.8718817351	-165702263.39263487	1
60733.87200276232	-165702263.38891333	1
60733.872123806075	-165702263.35289323	1
60733.87224477307	-165702263.358059	1
60733.87236574935	-165702263.38872033	1
60733.87248674453	-165702263.4268993	1
60733.87260778596	-165702263.38380665	1
60733.872728659066	-165702263.40957922	1
60733.872849713145	-165702263.32080323	1
60733.87297073224	-165702263.34693038	1
60733.87309173191	-165702263.34966236	1
60733.87321270123	-165702263.3820727	1
60733.87333367017	-165702263.386302	1
60733.8734546782	-165702263.43280578	1
60733.87357570753	-165702263.42574722	1
60733.873696637995	-165702263.39265764	1
60733.87381766769	-165702263.3817286	1
60733.87393863601	-165702263.40388894	1
60733.874059708054	-165702263.4541577	1
60733.874180624676	-165702263.38371032	1
60733.8743016783	-165702263.39551258	1
60733.87442267107	-165702263.3765353	1
60733.87454365633	-165702263.35605633	1
60733.87466462491	-165702263.37197328	1
60733.87478565887	-165702263.40258557	1
60733.87490663119	-165702263.39204144	1
60733.875027686794	-165702263.39312983	1
60733.8751486495	-165702263.41047627	1
60733.87526972017	-165702263.41424066	1
60733.8753906775	-165702263.3870569	1
60733.87551168445	-165702263.37702036	1
60733.875632685886	-165702263.38717824	1
60733.875753681576	-165702263.37191284	1
60733.875874623365	-165702263.37919116	1
60733.87599557906	-165702263.38482648	1
60733.87611664203	-165702263.33472788	1
60733.87623760873	-165702263.36300635	1
60733.87635857812	-165702263.350909	1
60733.87647966105	-165702263.3878265	1
60733.876600557756	-165702263.39628106	1
60733.87672158104	-165702263.38223404	1
60733.87684268352	-165702263.3970164	1
60733.876963657174	-165702263.38686132	1
60733.87708455417	-165702263.3796584	1
60733.87720564192	-165702263.37333304	1
60733.87732657899	-165702263.38591707	1
60733.87744759926	-165702263.42169797	1
60733.8775685569	-165702263.42327613	1
60733.87768949444	-165702263.4504475	1
60733.877810511294	-165702263.433286	1
60733.877931553296	-165702263.3867072	1
60733.878052545486	-165702263.4025123	1
60733.87817356435	-165702263.40904856	1
60733.87829455059	-165702263.39029348	1
60733.87841549753	-165702263.3616268	1
60733.87853648049	-165702263.3735087	1
60733.87865755155	-165702263.40314293	1
60733.878778538754	-165702263.4148029	1
60733.878899522846	-165702263.40798038	1
60733.87902056426	-165702263.38137543	1
60733.879141602425	-165702263.3536693	1
60733.879262463466	-165702263.33978826	1
60733.87938351184	-165702263.3798281	1
60733.87950452664	-165702263.38795042	1
60733.8796254314	-165702263.35741252	1
60733.87974654749	-165702263.36007947	1
60733.8798674252	-165702263.38169354	1
60733.879988452994	-165702263.3815474	1
60733.88010952809	-165702263.40283924	1
60733.880230473194	-165702263.36972952	1
60733.880351442574	-165702263.42668635	1
60733.880472493685	-165702263.41666615	1
60733.880593440525	-165702263.39227968	1
60733.88071442049	-165702263.36763924	1
60733.88083551996	-165702263.4370886	1
60733.880956430046	-165702263.43133265	1
60733.88107742638	-165702263.3920406	1
60733.881198426236	-165702263.3669926	1
60733.88131941144	-165702263.3469584	1
60733.88144045799	-165702263.35252768	1
60733.88156136187	-165702263.3685223	1
60733.881682389125	-165702263.37744647	1
60733.88180343278	-165702263.37490147	1
60733.881924432615	-165702263.36907703	1
60733.882045434315	-165702263.35032797	1
60733.882166408854	-165702263.38507926	1
60733.882287502674	-165702263.3311149	1
60733.88240839394	-165702263.38650268	1
60733.88252941809	-165702263.36723393	1
60733.882650375235	-165702263.3770935	1
60733.88277142652	-165702263.40363777	1
60733.88289235903	-165702263.39689612	1
60733.88301342515	-165702263.40175784	1
60733.88313433026	-165702263.4019453	1
60733.88325531062	-165702263.38839793	1
60733.8833763994	-165702263.38454443	1
60733.88349735703	-165702263.35869378	1
60733.8836183992	-165702263.3416931	1
60733.88373929715	-165702263.35862488	1
60733.88386034375	-165702263.3609149	1
60733.88398130752	-165702263.3589273	1
60733.884102387405	-165702263.351237	1
60733.884223328445	-165702263.3618552	1
60733.88434435107	-165702263.38683158	1
60733.8844654179	-165702263.3524546	1
60733.884586326196	-165702263.32237548	1
60733.88470729359	-165702263.36601335	1
60733.88482825395	-165702263.33379722	1
60733.88494929548	-165702263.33314437	1
60733.88507039118	-165702263.32147098	1
60733.88519128659	-165702263.3547384	1
60733.88531228375	-165702263.39535558	1
60733.88543333481	-165702263.37728196	1
60733.885554258355	-165702263.3424393	1
60733.88567524235	-165702263.33319092	1
60733.88579627251	-165702263.33540058	1
60733.885917325635	-165702263.32008368	1
60733.886038238335	-165702263.3303907	1
60733.88615922533	-165702263.3519554	1
60733.88628035107	-165702263.41292477	1
60733.88640129309	-165702263.38102055	1
60733.886522194436	-165702263.36309648	1
60733.886643278376	-165702263.35137594	1
60733.886764247785	-165702263.30772293	1
60733.88688527237	-165702263.31428874	1
60733.88700626122	-165702263.32195568	1
60733.88712721299	-165702263.31213862	1
60733.88724823728	-165702263.35648167	1
60733.88736924901	-165702263.3579166	1
60733.887490226014	-165702263.36533588	1
60733.887611224	-165702263.41965234	1
60733.88773218916	-165702263.37545776	1
60733.88785325425	-165702263.3470528	1
60733.88797417166	-165702263.36020565	1
60733.88809521553	-165702263.3749634	1
60733.88821608673	-165702263.39821863	1
60733.88833714229	-165702263.37520307	1
60733.888458148474	-165702263.3869114	1
60733.88857920116	-165702263.39750355	1
60733.888700162344	-165702263.35170507	1
60733.88882119306	-165702263.32417876	1
60733.888942095364	-165702263.34829503	1
60733.88906316009	-165702263.36482507	1
60733.889184217805	-165702263.36355722	1
60733.88930514851	-165702263.360959	1
60733.88942615577	-165702263.38338494	1
60733.889547139726	-165702263.3630932	1
60733.8896681701	-165702263.40326643	1
60733.88978914144	-165702263.33434188	1
60733.88991019119	-165702263.3813148	1
60733.89003108365	-165702263.32217836	1
60733.89015214389	-165702263.33414292	1
60733.89027310798	-165702263.3015681	1
60733.89039406424	-165702263.3381241	1
60733.89051510519	-165702263.37266046	1
60733.89063611405	-165702263.34853697	1
60733.890757117115	-165702263.34875613	1
60733.89087805761	-165702263.3291052	1
60733.8909991303	-165702263.37919796	1
60733.891120066495	-165702263.4091738	1
60733.89124105338	-165702263.3762511	1
60733.891362106086	-165702263.37298006	1
60733.891483019455	-165702263.38618225	1
60733.891604035656	-165702263.34148467	1
60733.89172508827	-165702263.34556025	1
60733.89184609331	-165702263.34267312	1
60733.891967079246	-165702263.39560133	1
60733.892088042	-165702263.36185998	1
60733.89220904511	-165702263.3972069	1
60733.892330056355	-165702263.3875296	1
60733.892451064254	-165702263.3874756	1
60733.89257203211	-165702263.3903898	1
60733.89269305184	-165702263.37108117	1
60733.89281404729	-165702263.3608299	1
60733.89293498523	-165702263.3546604	1
60733.89305603322	-165702263.3593567	1
60733.893177019105	-165702263.36684358	1
60733.89329806352	-165702263.3873158	1
60733.893418983265	-165702263.3683763	1
60733.89354000074	-165702263.3669749	1
60733.89366103434	-165702263.35906106	1
60733.89378200789	-165702263.362938	1
60733.89390302615	-165702263.37305713	1
60733.89402401781	-165702263.37368566	1
60733.89414496636	-165702263.40656227	1
60733.894265992276	-165702263.39473325	1
60733.8943869575	-165702263.3573925	1
60733.894507934354	-165702263.39562917	1
60733.89462898992	-165702263.3647189	1
60733.894749913576	-165702263.3484583	1
60733.89487094453	-165702263.3548032	1
60733.89499199581	-165702263.34242046	1
60733.89511292228	-165702263.3927372	1
60733.89523393088	-165702263.37053454	1
60733.89535495557	-165702263.3250867	1
60733.89547599444	-165702263.37310094	1
60733.89559700298	-165702263.3768289	1
60733.89571791869	-165702263.38305676	1
60733.89583890903	-165702263.36667508	1
60733.89595990444	-165702263.33223188	1
60733.89608094935	-165702263.2908182	1
60733.89620190379	-165702263.2843194	1
60733.89632285963	-165702263.33593965	1
60733.89644394732	-165702263.37142164	1
60733.89656494598	-165702263.38278985	1
60733.8966860078	-165702263.36336505	1
60733.896806877834	-165702263.4084888	1
60733.89692784536	-165702263.42438948	1
60733.89704881926	-165702263.32590848	1
60733.89716991299	-165702263.32650018	1
60733.89729089372	-165702263.32190531	1
60733.89741192558	-165702263.38250577	1
60733.89753283708	-165702263.36563063	1
60733.897653841224	-165702263.35122907	1
60733.897774895144	-165702263.39012814	1
60733.89789592967	-165702263.3737163	1
60733.89801693503	-165702263.36518246	1
60733.89813786538	-165702263.38798332	1
60733.89825884419	-165702263.3369037	1
60733.89837983028	-165702263.35640633	1
60733.89850084918	-165702263.36131328	1
60733.89862189523	-165702263.3283924	1
60733.8987428845	-165702263.35735476	1
60733.89886382533	-165702263.33978277	1
60733.89898483745	-165702263.35269964	1
60733.89910581549	-165702263.30515635	1
60733.899226813155	-165702263.27587676	1
60733.89934782404	-165702263.3540808	1
60733.89946887665	-165702263.36980492	1
60733.89977133216	-165702263.32995552	1
60733.899892268324	-165702263.3413878	1
60733.900013237115	-165702263.29292172	1
60733.90013428151	-165702263.33266515	1
60733.90025534072	-165702263.3331566	1
60733.9003763259	-165702263.34634286	1
60733.90049734004	-165702263.3592139	1
60733.90061830446	-165702263.34695494	1
60733.90073927516	-165702263.3754623	1
60733.90086031548	-165702263.37330735	1
60733.900981271734	-165702263.325732	1
60733.90110222125	-165702263.3134687	1
60733.901223253306	-165702263.33189595	1
60733.90134426188	-165702263.374793	1
60733.90146521353	-165702263.39398342	1
60733.90158621525	-165702263.4006098	1
60733.90170727675	-165702263.37470818	1
60733.90182821394	-165702263.31298614	1
60733.90194915065	-165702263.33152747	1
60733.90207019407	-165702263.3804273	1
60733.90219122104	-165702263.31183296	1
60733.90231226075	-165702263.33300287	1
60733.90243325469	-165702263.381172	1
60733.90255426341	-165702263.35194325	1
60733.90267517508	-165702263.39754146	1
60733.90279626833	-165702263.36537302	1
60733.90291720014	-165702263.3802215	1
60733.90303811207	-165702263.37011695	1
60733.90315921528	-165702263.39700824	1
60733.903280258375	-165702263.33632243	1
60733.90340120011	-165702263.31682533	1
60733.90352218286	-165702263.31066835	1
60733.90364319915	-165702263.31782752	1
60733.903764129376	-165702263.29891497	1
60733.90388514747	-165702263.30281913	1
60733.904006127945	-165702263.32730716	1
60733.90412715579	-165702263.3106292	1
60733.90424811466	-165702263.33077097	1
60733.90436919425	-165702263.34913445	1
60733.904490138724	-165702263.2890988	1
60733.90461114782	-165702263.3342005	1
60733.9047321771	-165702263.33933985	1
60733.9048531089	-165702263.35101074	1
60733.904974129684	-165702263.31521648	1
60733.90509511465	-165702263.32683122	1
60733.905216134495	-165702263.3301431	1
60733.905337078926	-165702263.33302546	1
60733.905458184316	-165702263.3294155	1
60733.905579051636	-165702263.32491326	1
60733.9057000802	-165702263.33637953	1
60733.90582100379	-165702263.32455474	1
60733.90594210483	-165702263.325545	1
60733.906063049355	-165702263.36765194	1
60733.906184028114	-165702263.32878208	1
60733.906305094766	-165702263.28815788	1
60733.90642602732	-165702263.30883992	1
60733.90654700987	-165702263.27979732	1
60733.90666804	-165702263.33975983	1
60733.90678909521	-165702263.3664496	1
60733.90691006888	-165702263.37074417	1
60733.90703104547	-165702263.33247793	1
60733.907152035885	-165702263.3653862	1
60733.90727306889	-165702263.31585878	1
60733.90739406697	-165702263.34722817	1
60733.907515020896	-165702263.3443619	1
60733.90763608269	-165702263.39152008	1
60733.907757002555	-165702263.35414845	1
60733.90787793725	-165702263.33777463	1
60733.9079989674	-165702263.37087923	1
60733.90812001735	-165702263.38992864	1
60733.90824103302	-165702263.33012122	1
60733.90836201685	-165702263.3548146	1
60733.908482970044	-165702263.3138975	1
60733.90860404512	-165702263.3124115	1
60733.9087250275	-165702263.31214517	1
60733.90884597728	-165702263.31395322	1
60733.90896700893	-165702263.37455177	1
60733.90908795002	-165702263.3400343	1
60733.90920896023	-165702263.2975812	1
60733.90932994005	-165702263.3075289	1
60733.90945093258	-165702263.29186398	1
60733.9095719327	-165702263.2557959	1
60733.9096930535	-165702263.2790535	1
60733.90981401039	-165702263.32509613	1
60733.9099349325	-165702263.31319952	1
60733.91005592793	-165702263.2966174	1
60733.91017693678	-165702263.29554927	1
60733.91029791556	-165702263.34154826	1
60733.91041893527	-165702263.3591838	1
60733.91053996879	-165702263.35172242	1
60733.91066087992	-165702263.33412832	1
60733.91078187949	-165702263.3879183	1
60733.910902970165	-165702263.356654	1
60733.91102385401	-165702263.34988618	1
60733.91114489648	-165702263.34130412	1
60733.91126588428	-165702263.2854886	1
60733.91138691553	-165702263.29017067	1
60733.9115079515	-165702263.28846377	1
60733.911628842456	-165702263.30943274	1
60733.91174984808	-165702263.31953996	1
60733.9118708229	-165702263.3108064	1
60733.911991865636	-165702263.28447425	1
60733.912112892205	-165702263.29697257	1
60733.91223383132	-165702263.29055226	1
60733.91235493893	-165702263.2616943	1
60733.912475864905	-165702263.29341835	1
60733.912596869675	-165702263.30667204	1
60733.912717827116	-165702263.3018707	1
60733.91283884303	-165702263.3163978	1
60733.912959853464	-165702263.3270527	1
60733.91308084527	-165702263.3383605	1
60733.913201864874	-165702263.3738315	1
60733.913322766035	-165702263.3043843	1
60733.913443858146	-165702263.34068143	1
60733.9135648322	-165702263.36235917	1
60733.91368579404	-165702263.31125408	1
60733.91380685738	-165702263.30408978	1
60733.913927893074	-165702263.30386883	1
60733.91404883572	-165702263.2802748	1
60733.914169783675	-165702263.23569846	1
60733.914290813766	-165702263.22374058	1
60733.91441183364	-165702263.32847506	1
60733.91453275481	-165702263.30878735	1
60733.91465373983	-165702263.32139975	1
60733.914774854886	-165702263.3334049	1
60733.91489577498	-165702263.35263777	1
60733.9150167594	-165702263.31994325	1
60733.91513774668	-165702263.30854994	1
60733.91525878202	-165702263.28876197	1
60733.915379764316	-165702263.30993223	1
60733.91550070638	-165702263.3072952	1
60733.915621723	-165702263.3858465	1
60733.91574277908	-165702263.349939	1
60733.915863691065	-165702263.32609898	1
60733.91598477711	-165702263.34887004	1
60733.91610571169	-165702263.32796752	1
60733.91622676949	-165702263.3308149	1
60733.916347732724	-165702263.32163793	1
60733.91646875773	-165702263.31193978	1
60733.916589718196	-165702263.30387026	1
60733.91671070742	-165702263.33333528	1
60733.91683170035	-165702263.32523674	1
60733.916952699496	-165702263.30549526	1
60733.91707365331	-165702263.31449538	1
60733.917194706904	-165702263.32989913	1
60733.917315676845	-165702263.36035633	1
60733.91743671098	-165702263.33368504	1
60733.91755767634	-165702263.35285485	1
60733.91767863004	-165702263.32846534	1
60733.91779972646	-165702263.3316852	1
60733.917920697386	-165702263.30842423	1
60733.91804156451	-165702263.28334832	1
60733.918162801965	-165702263.3383559	1
60733.91828367451	-165702263.30820507	1
60733.918404668046	-165702263.33176857	1
60733.918525643196	-165702263.3353325	1
60733.91864666884	-165702263.31947356	1
60733.918767603696	-165702263.28425127	1
60733.91888866852	-165702263.32923597	1
60733.919009643316	-165702263.28128046	1
60733.91913059844	-165702263.28012776	1
60733.919251605854	-165702263.26206183	1
60733.91937264433	-165702263.31012368	1
60733.91949364007	-165702263.26157516	1
60733.91961463971	-165702263.26202464	1
60733.91973557508	-165702263.28431505	1
60733.919856612294	-165702263.28240597	1
60733.91997754082	-165702263.2473356	1
60733.920098679206	-165702263.21020758	1
60733.92021963991	-165702263.26751995	1
60733.92034062439	-165702263.26498616	1
60733.920461600464	-165702263.26277006	1
60733.92058260912	-165702263.26881564	1
60733.920703625896	-165702263.2900871	1
60733.920824611174	-165702263.37569517	1
60733.92094557383	-165702263.34136218	1
60733.921066516974	-165702263.35977387	1
60733.921187516135	-165702263.28548902	1
60733.92130850182	-165702263.31182742	1
60733.92142950115	-165702263.34333026	1
60733.9215505497	-165702263.286214	1
60733.921671531774	-165702263.27896947	1
60733.92179252159	-165702263.26617914	1
60733.921913547005	-165702263.27222043	1
60733.92203457468	-165702263.27039814	1
60733.9221555441	-165702263.30429566	1
60733.92227653923	-165702263.30150592	1
60733.92239758716	-165702263.29186064	1
60733.9225185383	-165702263.32413864	1
60733.922639550736	-165702263.3400718	1
60733.92276053223	-165702263.26927805	1
60733.92288155483	-165702263.30280113	1
60733.92300250123	-165702263.34651273	1
60733.923123493965	-165702263.31096745	1
60733.92324444736	-165702263.28095698	1
60733.9233654515	-165702263.29036242	1
60733.92348647387	-165702263.3192327	1
60733.92360749641	-165702263.3170159	1
60733.923728520705	-165702263.31450105	1
60733.9238495093	-165702263.26981992	1
60733.9239703938	-165702263.29586202	1
60733.9240914431	-165702263.33063984	1
60733.92421239694	-165702263.32209563	1
60733.92433349487	-165702263.29780537	1
60733.9244544226	-165702263.35866624	1
60733.9245754718	-165702263.37632632	1
60733.924696496164	-165702263.36705595	1
60733.92481747031	-165702263.304416	1
60733.924938500364	-165702263.3221169	1
60733.92505934116	-165702263.2690137	1
60733.92518041565	-165702263.30469173	1
60733.92530138598	-165702263.29985148	1
60733.92542239057	-165702263.29051507	1
60733.925543423626	-165702263.26648062	1
60733.92566435974	-165702263.29344767	1
60733.92578541308	-165702263.2594571	1
60733.925906430355	-165702263.2689358	1
60733.92602733794	-165702263.25902838	1
60733.92614836037	-165702263.25349903	1
60733.92626937482	-165702263.2726704	1
60733.92639043443	-165702263.29377043	1
60733.926511416474	-165702263.29917896	1
60733.92663232957	-165702263.28177148	1
60733.926753392785	-165702263.2496525	1
60733.92687439809	-165702263.2053402	1
60733.926995362664	-165702263.23914242	1
60733.927116293424	-165702263.2443105	1
60733.92723739932	-165702263.27856523	1
60733.92735838907	-165702263.27386928	1
60733.92747933717	-165702263.28637677	1
60733.927600351744	-165702263.2972561	1
60733.92772131345	-165702263.33962083	1
60733.927842371966	-165702263.32742375	1
60733.92796327334	-165702263.28657728	1
60733.92808426008	-165702263.33192545	1
60733.92820529832	-165702263.32431436	1
60733.928326377056	-165702263.3160078	1
60733.928447325474	-165702263.32047683	1
60733.92856832916	-165702263.32744956	1
60733.92868934212	-165702263.34944594	1
60733.928810349855	-165702263.35788608	1
60733.9289313247	-165702263.28361154	1
60733.92905228389	-165702263.30616742	1
60733.929173331366	-165702263.32250398	1
60733.92929427537	-165702263.3069678	1
60733.92941531896	-165702263.32032877	1
60733.92953632631	-165702263.28350896	1
60733.92965717794	-165702263.2722155	1
60733.92977823037	-165702263.26093882	1
60733.92989927967	-165702263.28141314	1
60733.930020211614	-165702263.26187986	1
60733.930141234654	-165702263.2744708	1
60733.93026221968	-165702263.23515987	1
60733.930383235864	-165702263.2574501	1
60733.93050418773	-165702263.2304089	1
60733.93062517511	-165702263.2314186	1
60733.9307462051	-165702263.2095585	1
60733.93086723136	-165702263.29990894	1
60733.93098826588	-165702263.30080426	1
60733.93110919721	-165702263.2476158	1
60733.93123022629	-165702263.309542	1
60733.931351243424	-165702263.32538557	1
60733.93147224815	-165702263.29650944	1
60733.9315932131	-165702263.28845686	1
60733.93171417795	-165702263.28493243	1
60733.93183520628	-165702263.29521614	1
60733.93195626259	-165702263.31300467	1
60733.932077167156	-165702263.30245012	1
60733.93219817073	-165702263.28354633	1
60733.932319214066	-165702263.32681644	1
60733.93244021429	-165702263.30183578	1
60733.932561208494	-165702263.30873835	1
60733.93268218787	-165702263.36206812	1
60733.93280315279	-165702263.3688267	1
60733.93292413717	-165702263.3317845	1
60733.93304515815	-165702263.3024156	1
60733.933166194714	-165702263.29496837	1
60733.93328717702	-165702263.2627467	1
60733.93340821387	-165702263.27635527	1
60733.93352918305	-165702263.35307354	1
60733.9336501371	-165702263.35529327	1
60733.933771030395	-165702263.3189245	1
60733.9338921989	-165702263.31124747	1
60733.93401306135	-165702263.25908184	1
60733.93413412583	-165702263.25736725	1
60733.93425514931	-165702263.3034817	1
60733.93437605321	-165702263.30568725	1
60733.9344971305	-165702263.33014548	1
60733.93461815756	-165702263.32424313	1
60733.93473903529	-165702263.3226335	1
60733.93486003829	-165702263.36276025	1
60733.934981019804	-165702263.32695353	1
60733.93510216844	-165702263.32010752	1
60733.9352230806	-165702263.27603006	1
60733.935344083126	-165702263.28857356	1
60733.93546503585	-165702263.32264596	1
60733.935586118896	-165702263.35121226	1
60733.93570706483	-165702263.30890793	1
60733.93582810461	-165702263.33298844	1
60733.93594909009	-165702263.3267609	1
60733.93607003138	-165702263.3210333	1
60733.9361910525	-165702263.2951585	1
60733.93631205454	-165702263.31079453	1
60733.93643304468	-165702263.30525655	1
60733.9365540355	-165702263.29284358	1
60733.93667501358	-165702263.37665528	1
60733.93679606315	-165702263.3682515	1
60733.93691706611	-165702263.3314116	1
60733.93703805108	-165702263.35554206	1
60733.93715896051	-165702263.36876005	1
60733.93727998971	-165702263.32342649	1
60733.93740100496	-165702263.25966644	1
60733.937522020744	-165702263.27895427	1
60733.93764299573	-165702263.27198386	1
60733.93776398362	-165702263.2811303	1
60733.93788496911	-165702263.3028226	1
60733.93800595932	-165702263.2632187	1
60733.9381269783	-165702263.29301858	1
60733.93824800106	-165702263.3217371	1
60733.93836891485	-165702263.3408379	1
60733.93848994348	-165702263.33935738	1
60733.93861100928	-165702263.30359668	1
60733.93873190009	-165702263.25389785	1
60733.93897397056	-165702263.25285983	1
60733.93909503154	-165702263.27132028	1
60733.93921592101	-165702263.21793127	1
60733.93933693579	-165702263.23085845	1
60733.93945790235	-165702263.24282062	1
60733.93957892407	-165702263.2467745	1
60733.93969996734	-165702263.2499243	1
60733.93982098559	-165702263.25296837	1
60733.939941902616	-165702263.24846637	1
60733.940062950445	-165702263.2692123	1
60733.94018394824	-165702263.3000698	1
60733.94030494812	-165702263.3194964	1
60733.94042587547	-165702263.30156273	1
60733.94054691768	-165702263.25704372	1
60733.940667870775	-165702263.26612872	1
60733.940788933454	-165702263.28351474	1
60733.94090980545	-165702263.28915018	1
60733.941030850336	-165702263.26183605	1
60733.941151916115	-165702263.28638947	1
60733.94127287067	-165702263.28556758	1
60733.941393927285	-165702263.28993636	1
60733.94151491587	-165702263.30012226	1
60733.94163585598	-165702263.26280534	1
60733.94175679103	-165702263.33552366	1
60733.9418778066	-165702263.35302323	1
60733.94199885562	-165702263.32054383	1
60733.9421198739	-165702263.27726883	1
60733.94224080452	-165702263.3223824	1
60733.94236182141	-165702263.32329178	1
60733.94248282242	-165702263.2835272	1
60733.94260386141	-165702263.27419537	1
60733.94272477037	-165702263.24675137	1
60733.94284583616	-165702263.29778612	1
60733.9429668231	-165702263.30838585	1
60733.94308783303	-165702263.35030168	1
60733.94320883242	-165702263.3720637	1
60733.943329776215	-165702263.31429583	1
60733.943450809864	-165702263.34569347	1
60733.94357184405	-165702263.35147512	1
60733.943692791065	-165702263.33202648	1
60733.94381387307	-165702263.22681612	1
60733.94393481201	-165702263.29129565	1
60733.94405577444	-165702263.2418887	1
60733.94417674636	-165702263.28824824	1
60733.94429782964	-165702263.2505945	1
60733.94441881123	-165702263.30612558	1
60733.944539753364	-165702263.27585346	1
60733.94466080207	-165702263.2566396	1
60733.9447818197	-165702263.2243085	1
60733.944902723546	-165702263.228181	1
60733.94502375415	-165702263.28472942	1
60733.945144747886	-165702263.2777663	1
60733.94526578293	-165702263.2261051	1
60733.94538674229	-165702263.185086	1
60733.945507701166	-165702263.2564413	1
60733.945628785186	-165702263.2666701	1
60733.94574972943	-165702263.274651	1
60733.94587076251	-165702263.2409987	1
60733.94599166026	-165702263.21934193	1
60733.94611269024	-165702263.25465494	1
60733.94623366846	-165702263.2716171	1
60733.94635477904	-165702263.3058403	1
60733.94647566391	-165702263.2963708	1
60733.94659673898	-165702263.29429615	1
60733.94671771589	-165702263.2640866	1
60733.94683869247	-165702263.29014432	1
60733.94695972521	-165702263.29043853	1
60733.94708066329	-165702263.3170001	1
60733.947201660674	-165702263.3197915	1
60733.94732260325	-165702263.34121245	1
60733.94744364037	-165702263.32177377	1
60733.94756460571	-165702263.27683133	1
60733.94768567662	-165702263.27917773	1
60733.947806689146	-165702263.30900663	1
60733.947927589594	-165702263.3203405	1
60733.94804863624	-165702263.28395253	1
60733.94816960982	-165702263.26552087	1
60733.9482906412	-165702263.29571426	1
60733.948411608086	-165702263.3166371	1
60733.94853260976	-165702263.33793145	1
60733.9486536202	-165702263.32973117	1
60733.94877452642	-165702263.31693178	1
60733.94889552988	-165702263.32864767	1
60733.949016572835	-165702263.35545868	1
60733.94913768458	-165702263.30673283	1
60733.94925857805	-165702263.30230582	1
60733.94937967671	-165702263.30950063	1
60733.949500561714	-165702263.31155258	1
60733.94962163428	-165702263.30318266	1
60733.94974260627	-165702263.27626425	1
60733.949863603164	-165702263.30034846	1
60733.949984621635	-165702263.31126022	1
60733.950105644566	-165702263.35348332	1
60733.95022657029	-165702263.30662012	1
60733.95034758459	-165702263.2855624	1
60733.95046854561	-165702263.2893597	1
60733.95058958629	-165702263.3078357	1
60733.95071055631	-165702263.2811045	1
60733.95083171576	-165702263.27980596	1
60733.950952575506	-165702263.30539513	1
60733.95107349847	-165702263.2665478	1
60733.95119447816	-165702263.22704422	1
60733.95131548814	-165702263.29778844	1
60733.95143652284	-165702263.26406825	1
60733.95155753762	-165702263.2983595	1
60733.951678487385	-165702263.31754142	1
60733.95179953433	-165702263.3221262	1
60733.95192051165	-165702263.3011725	1
60733.95204147657	-165702263.338405	1
60733.952162449845	-165702263.3566727	1
60733.952283536804	-165702263.29409182	1
60733.95240445295	-165702263.2994982	1
60733.9525255125	-165702263.34698164	1
60733.95264646012	-165702263.3100142	1
60733.9527674037	-165702263.29032123	1
60733.952888517895	-165702263.328471	1
60733.95300949574	-165702263.33506268	1
60733.95313052012	-165702263.29605013	1
60733.95325144974	-165702263.27503377	1
60733.953372407756	-165702263.27443403	1
60733.95349348329	-165702263.2509253	1
60733.95361443452	-165702263.24548447	1
60733.95373548629	-165702263.26352978	1
60733.95385639199	-165702263.2945459	1
60733.95397740079	-165702263.3021354	1
60733.954098511545	-165702263.2209159	1
60733.954219448045	-165702263.2765596	1
60733.954340469114	-165702263.23070544	1
60733.95446143045	-165702263.26650888	1
60733.954582450206	-165702263.26281863	1
60733.95470335663	-165702263.2527209	1
60733.95482443568	-165702263.2733971	1
60733.95494540851	-165702263.23416835	1
60733.95506641392	-165702263.23008347	1
60733.95518741835	-165702263.2752822	1
60733.955308395234	-165702263.28929317	1
60733.95542943969	-165702263.27002412	1
60733.95555040306	-165702263.29674459	1
60733.95567138868	-165702263.23065197	1
60733.955792413544	-165702263.1995831	1
60733.95591344115	-165702263.2384172	1
60733.95603433312	-165702263.24392998	1
60733.956155337226	-165702263.26705778	1
60733.956276367644	-165702263.26784992	1
60733.956397344846	-165702263.21086454	1
60733.95651830689	-165702263.22633755	1
60733.956639404925	-165702263.22359812	1
60733.95676036324	-165702263.1828366	1
60733.95688135999	-165702263.20674175	1
60733.95700230051	-165702263.21430117	1
60733.95712332175	-165702263.22024918	1
60733.95724438905	-165702263.1718706	1
60733.957365338814	-165702263.16027933	1
60733.95748637616	-165702263.22126675	1
60733.95760732909	-165702263.23563552	1
60733.95772836242	-165702263.24014765	1
60733.95784934971	-165702263.21357614	1
60733.95797037489	-165702263.1858511	1
60733.958091375454	-165702263.1774543	1
60733.958212275495	-165702263.17157102	1
60733.958333262075	-165702263.17345327	1
60733.95845430537	-165702263.1823038	1
60733.95857523404	-165702263.2112503	1
60733.95869630359	-165702263.20084172	1
60733.958817239334	-165702263.19135076	1
60733.95893825649	-165702263.19849348	1
60733.95905927538	-165702263.20103264	1
60733.95918027185	-165702263.2117241	1
60733.959301265204	-165702263.1846618	1
60733.959422230204	-165702263.1992398	1
60733.959543250196	-165702263.1725909	1
60733.959664241156	-165702263.14557832	1
60733.95978521798	-165702263.12131065	1
60733.95990622833	-165702263.14249206	1
60733.960027263434	-165702263.20276308	1
60733.9601482372	-165702263.17564029	1
60733.96026926676	-165702263.1823691	1
60733.96039021245	-165702263.169895	1
60733.96051127893	-165702263.1681503	1
60733.96063217522	-165702263.17047697	1
60733.960753325	-165702263.20525265	1
60733.96087418484	-165702263.18001384	1
60733.96099518647	-165702263.1857015	1
60733.96111624158	-165702263.14298934	1
60733.9612371955	-165702263.1721925	1
60733.96135820965	-165702263.20819873	1
60733.961479128026	-165702263.11831343	1
60733.96160015655	-165702263.13682067	1
60733.96172116404	-165702263.1547734	1
60733.961842092576	-165702263.17133397	1
60733.96196315514	-165702263.2081269	1
60733.96208413464	-165702263.2148757	1
60733.96220514351	-165702263.20389128	1
60733.96232618127	-165702263.18488783	1
60733.96244720023	-165702263.19958526	1
60733.962568125506	-165702263.20888096	1
60733.96268908698	-165702263.21406573	1
60733.96281013498	-165702263.15671134	1
60733.96293112155	-165702263.14990544	1
60733.963052140214	-165702263.17008603	1
60733.96317324174	-165702263.23293197	1
60733.96329407441	-165702263.21637416	1
60733.96341509841	-165702263.16859186	1
60733.963536116666	-165702263.17002714	1
60733.963657113236	-165702263.16379827	1
60733.963778088386	-165702263.11268932	1
60733.963899131886	-165702263.1309513	1
60733.964020091786	-165702263.2194335	1
60733.964141159326	-165702263.19398332	1
60733.96426212281	-165702263.17731702	1
60733.96438314057	-165702263.1263771	1
60733.964504093994	-165702263.1322773	1
60733.964624999986	-165702263.092959	1
60733.9647460675	-165702263.16252744	1
60733.96486707295	-165702263.16136086	1
60733.964988048385	-165702263.17147392	1
60733.96510905941	-165702263.12698	1
60733.96523003416	-165702263.1714787	1
60733.96535104543	-165702263.16472578	1
60733.96547200248	-165702263.1231194	1
60733.965593028275	-165702263.1720401	1
60733.9657141128	-165702263.15471065	1
60733.96583509866	-165702263.11243123	1
60733.96595597383	-165702263.13506925	1
60733.96607703842	-165702263.18567353	1
60733.966197987655	-165702263.2555787	1
60733.9663189753	-165702263.24079394	1
60733.96644001245	-165702263.20308328	1
60733.966561026326	-165702263.2269078	1
60733.966682044345	-165702263.1991701	1
60733.96680301752	-165702263.2265957	1
60733.9669239772	-165702263.22842616	1
60733.96704506898	-165702263.1794569	1
60733.96716601813	-165702263.20766336	1
60733.96728702387	-165702263.26486838	1
60733.96740804444	-165702263.17777455	1
60733.96752895511	-165702263.20797628	1
60733.967649906386	-165702263.18469602	1
60733.96777093493	-165702263.16455162	1
60733.96789197078	-165702263.15069795	1
60733.96801299806	-165702263.126792	1
60733.968133987466	-165702263.17142445	1
60733.96825504897	-165702263.18484193	1
60733.96837593424	-165702263.10796458	1
60733.968496956	-165702263.0939592	1
60733.96861799062	-165702263.1267897	1
60733.968738980555	-165702263.12004334	1
60733.968859934386	-165702263.12165666	1
60733.96898095264	-165702263.1478762	1
60733.969101916795	-165702263.12764114	1
60733.969222906795	-165702263.17556655	1
60733.96934387741	-165702263.20038736	1
60733.96946497362	-165702263.1668237	1
60733.96958589738	-165702263.1726185	1
60733.96970692969	-165702263.26608324	1
60733.969827884015	-165702263.18818396	1
60733.96994886356	-165702263.17447555	1
60733.97006990261	-165702263.2199782	1
60733.97019098575	-165702263.21506894	1
60733.970311897516	-165702263.1809348	1
60733.970432836395	-165702263.13372505	1
60733.97055389084	-165702263.15067917	1
60733.97067480566	-165702263.18184	1
60733.970795872556	-165702263.15701312	1
60733.97091688382	-165702263.1837983	1
60733.97103791246	-165702263.17926925	1
60733.97115885909	-165702263.21035862	1
60733.971279831865	-165702263.17119092	1
60733.9714007895	-165702263.1574282	1
60733.97152177794	-165702263.14644527	1
60733.9716427979	-165702263.14316803	1
60733.971763812486	-165702263.18404317	1
60733.97188486915	-165702263.17965013	1
60733.97200581264	-165702263.15276754	1
60733.972126821805	-165702263.15573663	1
60733.97224789332	-165702263.15875113	1
60733.97236886886	-165702263.19326848	1
60733.972489764325	-165702263.18476927	1
60733.972610798526	-165702263.14625216	1
60733.97273176039	-165702263.17816198	1
60733.972852781146	-165702263.18543208	1
60733.972973850345	-165702263.21911246	1
60733.97309484546	-165702263.21779275	1
60733.97321578283	-165702263.20326304	1
60733.97333674724	-165702263.1946227	1
60733.97345783369	-165702263.17597085	1
60733.973578790785	-165702263.23956037	1
60733.9736998365	-165702263.2433548	1
60733.97382069918	-165702263.20711458	1
60733.97394181896	-165702263.1583894	1
60733.974062768866	-165702263.1600836	1
60733.97418379237	-165702263.15238702	1
60733.974304718686	-165702263.13061213	1
60733.97442572581	-165702263.15405536	1
60733.97454676361	-165702263.17928195	1
60733.974667698014	-165702263.1356938	1
60733.97478874853	-165702263.15455133	1
60733.974909730874	-165702263.20326942	1
60733.97503075671	-165702263.1654734	1
60733.97515172524	-165702263.21206015	1
60733.97527268794	-165702263.1905545	1
60733.975393709756	-165702263.18227333	1
60733.97551469162	-165702263.17669106	1
60733.975635802606	-165702263.10616606	1
60733.97575665974	-165702263.16133994	1
60733.9758776977	-165702263.17511302	1
60733.97599874976	-165702263.15290648	1
60733.976119735504	-165702263.1818313	1
60733.97624062613	-165702263.1242001	1
60733.97636168249	-165702263.1731075	1
60733.97648267831	-165702263.13237852	1
60733.976603701136	-165702263.13536656	1
60733.97672459605	-165702263.13653946	1
60733.97684565319	-165702263.12432277	1
60733.97696665614	-165702263.09276533	1
60733.977087675084	-165702263.11354268	1
60733.97720865317	-165702263.07541	1
60733.97732965557	-165702263.0945664	1
60733.97745065445	-165702263.0828827	1
60733.97757171658	-165702263.06617504	1
60733.97769269457	-165702263.0716759	1
60733.97781356106	-165702263.09906304	1
60733.977934664246	-165702263.10640776	1
60733.97805567351	-165702263.09734684	1
60733.97817660499	-165702263.10037005	1
60733.9782976946	-165702263.15035713	1
60733.97841860806	-165702263.14310408	1
60733.97853961517	-165702263.15549612	1
60733.97866058984	-165702263.13659322	1
60733.97878162004	-165702263.12832278	1
60733.97890253882	-165702263.11466998	1
60733.979023654116	-165702263.12440377	1
60733.97914459966	-165702263.16714692	1
60733.97926563216	-165702263.1373666	1
60733.97938665444	-165702263.15294737	1
60733.979507550255	-165702263.12089604	1
60733.97974961244	-165702263.19362187	1
60733.97987051815	-165702263.21256435	1
60733.97999152603	-165702263.14413053	1
60733.980112488585	-165702263.19168508	1
60733.98023355878	-165702263.14855123	1
60733.98035456915	-165702263.17962092	1
60733.980475515345	-165702263.19402748	1
60733.98083859389	-165702263.1185758	1
60733.980959573346	-165702263.17160016	1
60733.981080499005	-165702263.17403132	1
60733.98120148778	-165702263.18319976	1
60733.981322509455	-165702263.12834448	1
60733.98156445261	-165702263.18601602	1
60733.981685418534	-165702263.16307312	1
60733.98180650021	-165702263.08882517	1
60733.98192748903	-165702263.14547527	1
60733.9820485021	-165702263.13482445	1
60733.98216948806	-165702263.11233473	1
60733.98229047611	-165702263.08846217	1
60733.98241152795	-165702263.1108142	1
60733.98253241206	-165702263.09699672	1
60733.98265340625	-165702263.0968309	1
60733.98277448802	-165702263.09719694	1
60733.98289550383	-165702263.14026022	1
60733.98301641611	-165702263.1282301	1
60733.983137450115	-165702263.1515826	1
60733.983258435124	-165702263.13453937	1
60733.983500435126	-165702263.1055953	1
60733.983621406056	-165702263.08997524	1
60733.98374241007	-165702263.127356	1
60733.98386345254	-165702263.13387072	1
60733.98398446971	-165702263.1306926	1
60733.98410542794	-165702263.1189522	1
60733.98422642887	-165702263.14560753	1
60733.98446843368	-165702263.08853918	1
60733.984589392734	-165702263.12136406	1
60733.98471034917	-165702263.13492113	1
60733.984831400005	-165702263.09839493	1
60733.98495245226	-165702263.1374423	1
60733.9850734457	-165702263.13726628	1
60733.98519435613	-165702263.14054567	1
60733.985315351856	-165702263.13585413	1
60733.98555738432	-165702263.18538195	1
60733.985678294426	-165702263.1363362	1
60733.985799377646	-165702263.1595242	1
60733.98592040814	-165702263.14363706	1
60733.986041350276	-165702263.17747808	1
60733.98616230226	-165702263.1329043	1
60733.98628333708	-165702263.12835073	1
60733.98640439755	-165702263.16154617	1
60733.9865253793	-165702263.1452074	1
60733.98664636109	-165702263.0780121	1
60733.98676730783	-165702263.16093135	1
60733.98688835026	-165702263.117917	1
60733.987009309516	-165702263.12312907	1
60733.9871303863	-165702263.09733778	1
60733.987251335086	-165702263.133736	1
60733.987372292206	-165702263.15218705	1
60733.98749329305	-165702263.11626506	1
60733.98761429922	-165702263.0934323	1
60733.98773521951	-165702263.05816197	1
60733.98785631488	-165702263.0939827	1
60733.98797724312	-165702263.1286614	1
60733.98809823146	-165702263.083095	1
60733.988219303705	-165702263.08727723	1
60733.988340240016	-165702263.08806747	1
60733.9885822957	-165702263.17468715	1
60733.98870322354	-165702263.1369428	1
60733.98882427625	-165702263.18374044	1
60733.98894530116	-165702263.17391664	1
60733.98906634401	-165702263.14395714	1
60733.98918718326	-165702263.1387996	1
60733.98930832203	-165702263.1208657	1
60733.98942925602	-165702263.11233175	1
60733.98955022836	-165702263.09883714	1
60733.989671208416	-165702263.11063635	1
60733.98979218892	-165702263.10666353	1
60733.98991320113	-165702263.06185675	1
60733.99003422529	-165702263.07808262	1
60733.9901552096	-165702263.04674417	1
60733.990276219454	-165702263.08958006	1
60733.99039715341	-165702263.11284256	1
60733.99051818929	-165702263.12080973	1
60733.99063917947	-165702263.10627383	1
60733.990760177054	-165702263.07496893	1
60733.99088121489	-165702263.03655434	1
60733.991002183946	-165702263.05010223	1
60733.99112322167	-165702263.08010763	1
60733.99124418712	-165702263.0677963	1
60733.99136516941	-165702263.05140036	1
60733.9914861972	-165702263.01113802	1
60733.99160714203	-165702263.04359162	1
60733.99172820578	-165702263.08824146	1
60733.991849108286	-165702263.06374896	1
60733.991970133946	-165702263.05922818	1
60733.99209115564	-165702263.02949756	1
60733.9922121162	-165702263.06556332	1
60733.99233309098	-165702263.0315349	1
60733.99245416301	-165702263.07930797	1
60733.99257514359	-165702263.0786301	1
60733.9926961229	-165702263.05704802	1
60733.992817121034	-165702263.04093176	1
60733.992938133284	-165702263.058568	1
60733.9930591291	-165702263.04822063	1
60733.9933011345	-165702263.04909545	1
60733.99342204996	-165702263.03410214	1
60733.99354310866	-165702263.04051977	1
60733.99366403317	-165702263.00766551	1
60733.99378508651	-165702263.00393325	1
60733.993906101074	-165702263.01614332	1
60733.99402711909	-165702263.0433886	1
60733.99414814257	-165702263.10084605	1
60733.99426907459	-165702263.03150874	1
60733.99439003553	-165702263.0275553	1
60733.994511090525	-165702263.0911566	1
60733.99463203308	-165702263.0668509	1
60733.99475305337	-165702263.04893667	1
60733.99487408428	-165702263.03449708	1
60733.994994931076	-165702263.08951497	1
60733.995116060476	-165702263.1137917	1
60733.99523704702	-165702263.06056386	1
60733.99535806096	-165702263.0853969	1
60733.99547902274	-165702263.11335218	1
60733.99560003207	-165702263.10599113	1
60733.995721071464	-165702263.06771547	1
60733.99584199925	-165702263.08932972	1
60733.99596294047	-165702263.0688885	1
60733.99608401663	-165702263.11791784	1
60733.99620496302	-165702263.1180563	1
60733.99632599123	-165702263.0926109	1
60733.99644702125	-165702263.08056986	1
60733.996567976545	-165702263.10904288	1
60733.996689018975	-165702263.11229402	1
60733.99681001352	-165702263.13394344	1
60733.996930927984	-165702263.1396374	1
60733.99705198913	-165702263.16480464	1
60733.99717300619	-165702263.17534637	1
60733.99729395017	-165702263.1378299	1
60733.997415002115	-165702263.09107244	1
60733.997535943716	-165702263.0859248	1
60733.99765695654	-165702263.11845	1
60733.997777960765	-165702263.06581992	1
60733.99789896071	-165702263.0986188	1
60733.99802003051	-165702263.09419185	1
60733.99814093106	-165702263.0900821	1
60733.99826192425	-165702263.09224802	1
60733.99838292514	-165702263.08753514	1
60733.99850393092	-165702263.08670074	1
60733.99862486031	-165702263.08149773	1
60733.998745958466	-165702263.0788253	1
60733.99886688871	-165702263.0897714	1
60733.99898792059	-165702263.11062938	1
60733.9991088161	-165702263.0854767	1
60733.999229883666	-165702263.07184243	1
60733.9993508709	-165702263.07104892	1
60733.99947183319	-165702263.07677174	1
60733.99959286635	-165702263.0694372	1
60733.99971392698	-165702263.08980793	1
60733.99983486678	-165702263.1260003	1
60733.99995584066	-165702263.07076663	1
60734.000076801174	-165702263.14235443	1
60734.000197868234	-165702263.1210903	1
60734.00031890103	-165702263.0876394	1
60734.00043988202	-165702263.02991903	1
60734.00056081124	-165702263.0267728	1
60734.00068182838	-165702263.0499031	1
60734.00080283885	-165702263.08657342	1
60734.000923828986	-165702263.1221695	1
60734.001044815675	-165702263.13819146	1
