# Frequency shift file for JILA Sr1 
# for 20250320_clock_lock#0.
# Processed Thu Mar 20 17:54:42 2025 (MT) 
# by Alexander Aeppli(alexander.aeppli@colorado.edu), William Warfield(william.warfield@colorado.edu) 
# ******Applied Corrections******
# point by point corrections: 
#  - servo 
#  - second order zeeman 
#  - density shift 
# DC corrections: 
#  - lattice light 
#  - DC Stark 
#  - BBR 
#  - background gas 
#  - redshift to S1B60V1 
# Total sytematic error (frac.) = ~1e-17
# No MASER corrections have been applied
# To calculate the strontium frequency: 
# f_sr = (N/M)*f_light + f_shift[Hz] 
# where N = 1716882, M = 777577, 
# and f_light is the frequency of the light leaving JILA. 
#### Additional Notes #### 
# standard conditions
t_mjd	f_shift [Hz]	IS_GOOD
60754.70588762616	-165702203.18317336	1
60754.70598781961	-165702203.15266877	1
60754.70608795447	-165702203.19761932	1
60754.70618817302	-165702203.1865583	1
60754.70628831223	-165702203.15579885	1
60754.70638841291	-165702203.14329714	1
60754.70648865634	-165702203.16178316	1
60754.70658884723	-165702203.21553016	1
60754.706688985534	-165702203.16186368	1
60754.70678912828	-165702203.16784585	1
60754.70688929346	-165702203.16228825	1
60754.706989379694	-165702203.2295221	1
60754.707089509975	-165702203.17689317	1
60754.707189700515	-165702203.1778738	1
60754.707289896345	-165702203.21116626	1
60754.70739002317	-165702203.17847276	1
60754.70749016114	-165702203.18554682	1
60754.70759023126	-165702203.14873278	1
60754.70769051562	-165702203.14763004	1
60754.70779057552	-165702203.15559834	1
60754.70789082681	-165702203.15653437	1
60754.707991055744	-165702203.20719522	1
60754.70809112257	-165702203.19922394	1
60754.70819127462	-165702203.19465244	1
60754.70829156238	-165702203.1976931	1
60754.70839161378	-165702203.21007967	1
60754.70849180907	-165702203.20127386	1
60754.70859204094	-165702203.20888394	1
60754.708692150474	-165702203.18531388	1
60754.708792269215	-165702203.18622386	1
60754.708892480136	-165702203.1683538	1
60754.70899259398	-165702203.14032996	1
60754.7090928111	-165702203.2075708	1
60754.709192969225	-165702203.20254362	1
60754.70929301071	-165702203.1859216	1
60754.70939318413	-165702203.18454283	1
60754.70949336609	-165702203.1720304	1
60754.70959356195	-165702203.13898236	1
60754.70969375041	-165702203.17627716	1
60754.70979391448	-165702203.17937535	1
60754.709894095744	-165702203.1691696	1
60754.70999421576	-165702203.1657946	1
60754.71009429174	-165702203.16160578	1
60754.71019445531	-165702203.16776735	1
60754.71029464032	-165702203.1891778	1
60754.710394784954	-165702203.14143425	1
60754.71049505314	-165702203.18596494	1
60754.71059517236	-165702203.12980056	1
60754.710695320864	-165702203.1678154	1
60754.71079547499	-165702203.15322977	1
60754.71089567227	-165702203.18379843	1
60754.71099585459	-165702203.2092507	1
60754.711095958	-165702203.21020377	1
60754.71119609466	-165702203.21480036	1
60754.71129629268	-165702203.14678192	1
60754.71139646427	-165702203.2001739	1
60754.7114966153	-165702203.2014628	1
60754.71159683816	-165702203.16011125	1
60754.71169693094	-165702203.1459028	1
60754.711797024785	-165702203.11168623	1
60754.71189719504	-165702203.18438208	1
60754.71199733826	-165702203.19429994	1
60754.712097581716	-165702203.1781541	1
60754.712197755456	-165702203.19493425	1
60754.71229787009	-165702203.20707625	1
60754.71239805212	-165702203.25989562	1
60754.712498223395	-165702203.2255864	1
60754.71259844336	-165702203.22096527	1
60754.71269855707	-165702203.20360345	1
60754.71279863919	-165702203.23071998	1
60754.71289880901	-165702203.21288055	1
60754.71299902183	-165702203.234039	1
60754.71309918274	-165702203.22163737	1
60754.713199338286	-165702203.184745	1
60754.713299500516	-165702203.20614195	1
60754.71339970414	-165702203.23201728	1
60754.713499772115	-165702203.2102576	1
60754.71359999889	-165702203.18735868	1
60754.713700170054	-165702203.21720213	1
60754.713800372665	-165702203.2237664	1
60754.71390049288	-165702203.1965887	1
60754.7140006243	-165702203.14968836	1
60754.71410082997	-165702203.1889078	1
60754.71420097654	-165702203.20944184	1
60754.71430109813	-165702203.18497467	1
60754.7144012021	-165702203.2015432	1
60754.71450139832	-165702203.2007408	1
60754.714601495325	-165702203.22024393	1
60754.714701865065	-165702203.21621478	1
60754.714801975846	-165702203.19987792	1
60754.714902105035	-165702203.14773834	1
60754.715002212295	-165702203.1592692	1
60754.71510241507	-165702203.17654228	1
60754.71520262555	-165702203.15010875	1
60754.715302695986	-165702203.1358266	1
60754.71540289364	-165702203.16163284	1
60754.71550305245	-165702203.21098077	1
60754.715603255594	-165702203.17805362	1
60754.715703319256	-165702203.16522008	1
60754.71580349212	-165702203.17317432	1
60754.71590359089	-165702203.14954817	1
60754.716003827765	-165702203.12806892	1
60754.71610392785	-165702203.18240148	1
60754.7162040807	-165702203.14055002	1
60754.71630422394	-165702203.18631554	1
60754.71640443876	-165702203.18555367	1
60754.716504531796	-165702203.20793998	1
60754.7166047912	-165702203.22021973	1
60754.71670493029	-165702203.28500223	1
60754.71680509805	-165702203.2244401	1
60754.71690528057	-165702203.25393564	1
60754.71700536962	-165702203.20715332	1
60754.71710557521	-165702203.18911844	1
60754.71720577225	-165702203.20883453	1
60754.717305929364	-165702203.21021938	1
60754.717406073636	-165702203.21078372	1
60754.717506155896	-165702203.20606053	1
60754.71760632538	-165702203.20143366	1
60754.71770659196	-165702203.16180056	1
60754.717806679786	-165702203.17197853	1
60754.7179067806	-165702203.15679574	1
60754.71800697038	-165702203.1839491	1
60754.71810718335	-165702203.18606073	1
60754.71820729477	-165702203.18668753	1
60754.718307460884	-165702203.19045478	1
60754.71840772185	-165702203.16076666	1
60754.718507809375	-165702203.20090473	1
60754.7186080168	-165702203.17551976	1
60754.71870808457	-165702203.15302294	1
60754.71880832126	-165702203.17631322	1
60754.71890843684	-165702203.23826677	1
60754.71900871696	-165702203.18148363	1
60754.7191087522	-165702203.2056368	1
60754.71920890634	-165702203.16938102	1
60754.71930905563	-165702203.1831488	1
60754.71940926182	-165702203.23393142	1
60754.71950939741	-165702203.1873253	1
60754.71960955306	-165702203.1522705	1
60754.7197097615	-165702203.14180672	1
60754.71980984467	-165702203.10200286	1
60754.71991001238	-165702203.14894152	1
60754.72001024523	-165702203.13034397	1
60754.720110333416	-165702203.15249246	1
60754.720210538944	-165702203.14820528	1
60754.72031065158	-165702203.18073916	1
60754.72041086867	-165702203.20419043	1
60754.72051102264	-165702203.19588	1
60754.72061119007	-165702203.19027185	1
60754.72071140891	-165702203.19431496	1
60754.72081150838	-165702203.20449072	1
60754.720911680306	-165702203.15023375	1
60754.721011716334	-165702203.19225657	1
60754.721111952305	-165702203.19456637	1
60754.721212118035	-165702203.23611832	1
60754.72131236906	-165702203.23500574	1
60754.721412470244	-165702203.22601378	1
60754.72151260447	-165702203.1894368	1
60754.72161271151	-165702203.21518224	1
60754.72171297628	-165702203.20916528	1
60754.72181303985	-165702203.213296	1
60754.72191332447	-165702203.172647	1
60754.72201342288	-165702203.1813448	1
60754.72211353334	-165702203.19270885	1
60754.72221370424	-165702203.2636882	1
60754.722313897146	-165702203.27764577	1
60754.72241401865	-165702203.23560864	1
60754.72251423771	-165702203.2815699	1
60754.72261432508	-165702203.22366405	1
60754.72271453881	-165702203.1731071	1
60754.72281471755	-165702203.14222437	1
60754.72291480225	-165702203.14473552	1
60754.72301499858	-165702203.16201764	1
60754.72311511071	-165702203.1728397	1
60754.72321526628	-165702203.21157014	1
60754.72331547787	-165702203.1885587	1
60754.72341558023	-165702203.18912	1
60754.72351588227	-165702203.1889465	1
60754.723615952775	-165702203.1636426	1
60754.72371612719	-165702203.1489321	1
60754.723816383565	-165702203.21701652	1
60754.723916429306	-165702203.1928429	1
60754.72401660445	-165702203.1793486	1
60754.72411679041	-165702203.10956162	1
60754.72421699811	-165702203.16744024	1
60754.72431714105	-165702203.165218	1
60754.724417271245	-165702203.0901333	1
60754.724517350754	-165702203.12463206	1
60754.724617533946	-165702203.1409467	1
60754.72471767361	-165702203.12735534	1
60754.72481789119	-165702203.10862035	1
60754.724917968786	-165702203.1302985	1
60754.72501816352	-165702203.11469215	1
60754.72511833934	-165702203.1574983	1
60754.72521850953	-165702203.16590667	1
60754.725318627505	-165702203.15075862	1
60754.725418778595	-165702203.10620558	1
60754.72551906357	-165702203.1031546	1
60754.72561909869	-165702203.1135403	1
60754.725719377384	-165702203.12384397	1
60754.72581949618	-165702203.15615356	1
60754.725919655226	-165702203.14343953	1
60754.726019787784	-165702203.13160282	1
60754.72611994173	-165702203.1397453	1
60754.72622014047	-165702203.1175487	1
60754.726320218884	-165702203.1402114	1
60754.726420499734	-165702203.14494085	1
60754.726520686374	-165702203.1314839	1
60754.72662074072	-165702203.13519937	1
60754.72672088028	-165702203.15276074	1
60754.726821067816	-165702203.10483044	1
60754.72692115173	-165702203.1233642	1
60754.727021435	-165702203.13169223	1
60754.72712151085	-165702203.14932293	1
60754.72722168826	-165702203.19216305	1
60754.72732189308	-165702203.20254105	1
60754.72742200112	-165702203.14157128	1
60754.72752210883	-165702203.17058533	1
60754.72762238105	-165702203.13244963	1
60754.727722475036	-165702203.164145	1
60754.727822644956	-165702203.16935372	1
60754.72792274765	-165702203.12514156	1
60754.7280230484	-165702203.11482984	1
60754.72812312423	-165702203.14954907	1
60754.72822336461	-165702203.11394036	1
60754.72832354687	-165702203.11650997	1
60754.728423623914	-165702203.14127845	1
60754.7285238449	-165702203.16576058	1
60754.72862399167	-165702203.17396778	1
60754.72872422039	-165702203.16342056	1
60754.72882427791	-165702203.15599966	1
60754.72892452582	-165702203.12824345	1
60754.72902473979	-165702203.09220237	1
60754.72912486988	-165702203.1291206	1
60754.72922496697	-165702203.12535542	1
60754.72932519452	-165702203.0935598	1
60754.72942535872	-165702203.06835294	1
60754.72952544374	-165702203.1199394	1
60754.72962564474	-165702203.15501386	1
60754.72972582901	-165702203.08850813	1
60754.729825989896	-165702203.11741477	1
60754.7299260582	-165702203.09475422	1
60754.73002625323	-165702203.14911753	1
60754.73012642058	-165702203.12172598	1
60754.73022657352	-165702203.118392	1
60754.73032678242	-165702203.13334054	1
60754.730426888695	-165702203.1625471	1
60754.730527150976	-165702203.1499411	1
60754.730627261924	-165702203.13314992	1
60754.730727372786	-165702203.10798895	1
60754.73082759602	-165702203.1385244	1
60754.73092774172	-165702203.17179543	1
60754.73102791587	-165702203.12365538	1
60754.73112804012	-165702203.11975396	1
60754.73122827535	-165702203.14802265	1
60754.73132835043	-165702203.1440817	1
60754.73142852126	-165702203.08695745	1
60754.731528762866	-165702203.10497296	1
60754.73162884601	-165702203.12528044	1
60754.73172894765	-165702203.0890479	1
60754.73182916687	-165702203.1190132	1
60754.73192930827	-165702203.10856694	1
60754.73202953408	-165702203.10419458	1
60754.73212964974	-165702203.1359033	1
60754.732229834146	-165702203.14081043	1
60754.73233004813	-165702203.17774433	1
60754.732430153716	-165702203.11630666	1
60754.73253031877	-165702203.08042932	1
60754.73263049632	-165702203.07604802	1
60754.73273064332	-165702203.072958	1
60754.73283082177	-165702203.1021077	1
60754.73293095921	-165702203.07732612	1
60754.73303103825	-165702203.11982954	1
60754.73313119933	-165702203.10740727	1
60754.73323130811	-165702203.14604008	1
60754.73333146598	-165702203.14485627	1
60754.733431662244	-165702203.13728195	1
60754.733531825594	-165702203.11552978	1
60754.733632030744	-165702203.1182943	1
60754.73373215629	-165702203.14398843	1
60754.73383228233	-165702203.15285742	1
60754.73393247801	-165702203.13513	1
60754.734032619286	-165702203.11859375	1
60754.734132767204	-165702203.14629197	1
60754.7342329829	-165702203.10740304	1
60754.73433311056	-165702203.11220402	1
60754.734433228354	-165702203.16382742	1
60754.734533413895	-165702203.15065378	1
60754.73463363295	-165702203.14514548	1
60754.734733694066	-165702203.15473437	1
60754.73483392522	-165702203.16868412	1
60754.73493404984	-165702203.12813884	1
60754.73503423018	-165702203.14152116	1
60754.7351343215	-165702203.13693333	1
60754.73523458611	-165702203.14784735	1
60754.735334756275	-165702203.11717075	1
60754.735434911825	-165702203.09317213	1
60754.73553505765	-165702203.1568721	1
60754.73563520187	-165702203.11843747	1
60754.73573527549	-165702203.09559965	1
60754.73583548641	-165702203.11393535	1
60754.73593568154	-165702203.13467544	1
60754.73603589782	-165702203.05112183	1
60754.73613603403	-165702203.10519534	1
60754.7362362725	-165702203.10094118	1
60754.736336362	-165702203.11852485	1
60754.736436567546	-165702203.13578922	1
60754.736536645876	-165702203.16946632	1
60754.73663684677	-165702203.1321152	1
60754.73673698785	-165702203.1579004	1
60754.73683723245	-165702203.11671156	1
60754.7369372549	-165702203.1457364	1
60754.737037458624	-165702203.1786027	1
60754.737137691496	-165702203.14483547	1
60754.737237806185	-165702203.19983095	1
60754.73733793303	-165702203.1315263	1
60754.73743807426	-165702203.144625	1
60754.73753832902	-165702203.13962632	1
60754.73763836395	-165702203.1599887	1
60754.73773858549	-165702203.14911926	1
60754.737838690235	-165702203.1017906	1
60754.73793891608	-165702203.0987928	1
60754.73803900659	-165702203.1307643	1
60754.73813930667	-165702203.13938993	1
60754.73823939973	-165702203.12410325	1
60754.738339604024	-165702203.12213838	1
60754.738439727786	-165702203.17373335	1
60754.7385398437	-165702203.1369713	1
60754.73864003201	-165702203.10876304	1
60754.73874014048	-165702203.11046857	1
60754.73884040228	-165702203.1308337	1
60754.73894061459	-165702203.11999828	1
60754.7390407277	-165702203.14548504	1
60754.73914096145	-165702203.13652402	1
60754.73924101055	-165702203.1629036	1
60754.739341179025	-165702203.11444837	1
60754.73944127524	-165702203.1296581	1
60754.73954147777	-165702203.11130893	1
60754.739641696615	-165702203.13696826	1
60754.739741814345	-165702203.1282065	1
60754.73984194953	-165702203.1360892	1
60754.73994217578	-165702203.1522659	1
60754.74004229843	-165702203.1264382	1
60754.7401425117	-165702203.13580108	1
60754.74024260479	-165702203.14063007	1
60754.7403427874	-165702203.1453554	1
60754.74044290169	-165702203.1838343	1
60754.74054308568	-165702203.13807815	1
60754.74064322324	-165702203.1307065	1
60754.74074344002	-165702203.14288127	1
60754.7408435877	-165702203.17350703	1
60754.74094370476	-165702203.19682693	1
60754.74104396711	-165702203.16860193	1
60754.741144047846	-165702203.16580993	1
60754.74124423008	-165702203.1550489	1
60754.74134425154	-165702203.19608915	1
60754.74144452702	-165702203.19559777	1
60754.741544709344	-165702203.1580472	1
60754.7416449204	-165702203.1677451	1
60754.7417450906	-165702203.13849086	1
60754.74184517243	-165702203.13015056	1
60754.741945322385	-165702203.16719103	1
60754.742045547646	-165702203.15725863	1
60754.7421456846	-165702203.11722392	1
60754.74224585104	-165702203.17190617	1
60754.74234594539	-165702203.18045378	1
60754.74244617773	-165702203.1856202	1
60754.74254632508	-165702203.16684514	1
60754.74264650985	-165702203.13934445	1
60754.742746662494	-165702203.17804033	1
60754.74284678166	-165702203.18442154	1
60754.742946874896	-165702203.14025342	1
60754.74304711467	-165702203.16457766	1
60754.74314729636	-165702203.18641382	1
60754.7432474591	-165702203.17109662	1
60754.7433475747	-165702203.13446236	1
60754.74344767982	-165702203.10195673	1
60754.74354793083	-165702203.1132152	1
60754.74364804356	-165702203.1518432	1
60754.743748233734	-165702203.12630302	1
60754.74384837561	-165702203.1426329	1
60754.74394855308	-165702203.10806382	1
60754.744048686895	-165702203.10313648	1
60754.744148886464	-165702203.13953924	1
60754.74424897966	-165702203.18125492	1
60754.74434915628	-165702203.19942307	1
60754.74444935844	-165702203.16884142	1
60754.74454942416	-165702203.16962594	1
60754.74464970359	-165702203.16691887	1
60754.74474983114	-165702203.18061858	1
60754.74484999353	-165702203.17944878	1
60754.744950103304	-165702203.18048847	1
60754.745050282494	-165702203.19580472	1
60754.74515046159	-165702203.17665434	1
60754.74525059439	-165702203.1867416	1
60754.74535075873	-165702203.1470045	1
60754.74545098602	-165702203.14992654	1
60754.74555109267	-165702203.14879733	1
60754.74565126394	-165702203.17053556	1
60754.74575138322	-165702203.14436114	1
60754.74585155265	-165702203.17265475	1
60754.74595169441	-165702203.17687523	1
60754.74605189627	-165702203.13946968	1
60754.74615212923	-165702203.14510858	1
60754.74625226221	-165702203.11779654	1
60754.74635237281	-165702203.08829427	1
60754.74645257497	-165702203.09430516	1
60754.74655274586	-165702203.0661373	1
60754.74665281396	-165702203.08071738	1
60754.74675309467	-165702203.09225732	1
60754.74685318147	-165702203.1143213	1
60754.746953354384	-165702203.05270278	1
60754.74705350084	-165702203.06107533	1
60754.7471537119	-165702203.07383496	1
60754.747253824404	-165702203.06532657	1
60754.74735399318	-165702203.04615748	1
60754.74745417486	-165702203.0513841	1
60754.747554366695	-165702203.04393065	1
60754.74765443678	-165702203.00479692	1
60754.74775460712	-165702203.0183807	1
60754.747854792884	-165702203.0340994	1
60754.747955011386	-165702203.0331239	1
60754.74805506457	-165702203.05717343	1
60754.74815525967	-165702203.0687697	1
60754.74825545009	-165702203.05678022	1
60754.74835561829	-165702203.02647096	1
60754.74845582385	-165702203.01918972	1
60754.74855600388	-165702203.08452785	1
60754.748656093056	-165702203.06709474	1
60754.7487562873	-165702203.05084693	1
60754.74885645208	-165702203.09463978	1
60754.74895647444	-165702203.12453294	1
60754.749056760375	-165702203.07809782	1
60754.749156924445	-165702203.08495224	1
60754.749257051	-165702203.0658626	1
60754.74935722658	-165702203.06241852	1
60754.74945732757	-165702203.083561	1
60754.7495575439	-165702203.05877745	1
60754.74965768274	-165702203.0558576	1
60754.74975781401	-165702203.03080845	1
60754.74985804132	-165702203.03388464	1
60754.74995813557	-165702203.04705644	1
60754.750058378464	-165702203.07978934	1
60754.75015853996	-165702203.1056596	1
60754.750258609194	-165702203.06310397	1
60754.75035878377	-165702203.0444352	1
60754.7504589466	-165702203.05403227	1
60754.75055916909	-165702203.0800895	1
60754.750659206824	-165702203.02804172	1
60754.75075948536	-165702203.02135104	1
60754.75085962915	-165702203.05467057	1
60754.750959822115	-165702203.05751604	1
60754.751059914226	-165702203.05650753	1
60754.751160142776	-165702203.0525611	1
60754.751260251636	-165702203.0626365	1
60754.75136041618	-165702203.05673826	1
60754.75146045	-165702203.0344007	1
60754.751560737204	-165702203.04257435	1
60754.7516609173	-165702203.05976444	1
60754.7517611079	-165702203.05223352	1
60754.751861214834	-165702203.03708726	1
60754.75196133534	-165702203.0070148	1
60754.752061556785	-165702203.00338638	1
60754.752161718316	-165702202.99957883	1
60754.752261871974	-165702203.0224464	1
60754.75236199476	-165702203.06255102	1
60754.752462253564	-165702203.02184737	1
60754.752562347756	-165702203.01174444	1
60754.75266243441	-165702203.01466835	1
60754.75276260808	-165702203.0645013	1
60754.75286291309	-165702203.03321135	1
60754.75296295001	-165702203.01824623	1
60754.75306310879	-165702203.05430442	1
60754.753163239555	-165702203.01615918	1
60754.75326341395	-165702203.01081717	1
60754.75336358429	-165702203.04321676	1
60754.75346377391	-165702203.01605552	1
60754.7535639225	-165702203.0481223	1
60754.7536641493	-165702203.0360673	1
60754.753764242654	-165702202.97379708	1
60754.753864417034	-165702203.00145966	1
60754.75396455412	-165702202.98131824	1
60754.754064681714	-165702202.9779905	1
60754.754164945465	-165702203.02404624	1
60754.75426499852	-165702203.0593145	1
60754.75436525948	-165702203.02251756	1
60754.75446539748	-165702202.99457502	1
60754.754565572715	-165702203.00641704	1
60754.754665755354	-165702203.00041997	1
60754.75476588402	-165702203.0019952	1
60754.75486599214	-165702203.03359044	1
60754.75496616784	-165702203.03377104	1
60754.755066307545	-165702203.06388032	1
60754.755166550014	-165702203.0632016	1
60754.75526664373	-165702203.0675919	1
60754.7553668201	-165702203.0555247	1
60754.755466929666	-165702203.0510428	1
60754.75556716633	-165702203.06397468	1
60754.755667266465	-165702203.03589648	1
60754.75576745922	-165702203.04626638	1
60754.755867640466	-165702203.07226837	1
60754.755967805475	-165702203.0328433	1
60754.756068011295	-165702202.98965245	1
60754.756168102685	-165702203.00467467	1
60754.75626827498	-165702203.0212642	1
60754.75636840818	-165702203.0148316	1
60754.756468589956	-165702203.00123262	1
60754.75656870426	-165702202.99735427	1
60754.7566689641	-165702203.00818694	1
60754.756769025	-165702203.036304	1
60754.75686914523	-165702203.04913074	1
60754.75696942174	-165702203.0327162	1
60754.75706953472	-165702203.04093266	1
60754.757169713426	-165702203.05096012	1
60754.757269814014	-165702203.07734823	1
60754.75737002488	-165702203.048927	1
60754.75747021396	-165702203.02947235	1
60754.757570257294	-165702203.01267004	1
60754.7576705395	-165702203.05094093	1
60754.75777062547	-165702203.05815333	1
60754.75787077905	-165702203.02759737	1
60754.75797101058	-165702203.0785122	1
60754.758071139644	-165702203.06040156	1
60754.758171335874	-165702203.02819312	1
60754.758271463346	-165702203.03412622	1
60754.758371622695	-165702203.03250474	1
60754.75847180602	-165702203.04034483	1
60754.75857193742	-165702203.03259337	1
60754.758672113174	-165702203.0707839	1
60754.7587722594	-165702203.0471893	1
60754.75887239847	-165702203.10912323	1
60754.758972599564	-165702203.09069496	1
60754.75907277266	-165702203.08616757	1
60754.75917289007	-165702203.09260756	1
60754.759273018135	-165702203.0658244	1
60754.759373195404	-165702203.05287135	1
60754.75947333246	-165702203.1066255	1
60754.75957364407	-165702203.08506578	1
60754.75967372349	-165702203.02146053	1
60754.75977384316	-165702203.03671122	1
60754.75987401199	-165702203.100783	1
60754.759974212335	-165702203.08274293	1
60754.76007430882	-165702203.0517537	1
60754.76017452426	-165702203.05068374	1
60754.76027470488	-165702203.06268436	1
60754.760374881385	-165702203.02664596	1
60754.76047495991	-165702203.04128116	1
60754.76057514735	-165702203.0503763	1
60754.76067534498	-165702203.05131513	1
60754.760775458046	-165702203.02571946	1
60754.760875620355	-165702203.03341734	1
60754.76097579662	-165702203.032373	1
60754.76107601384	-165702203.01313996	1
60754.76117604632	-165702203.0002644	1
60754.761276192774	-165702203.0535879	1
60754.76137639317	-165702203.00092632	1
60754.76147656617	-165702202.96009904	1
60754.761576732424	-165702203.02832103	1
60754.76167686486	-165702203.0460353	1
60754.761777078886	-165702203.02812767	1
60754.7618772486	-165702203.03867006	1
60754.76197743616	-165702203.02778757	1
60754.76207759886	-165702202.98908073	1
60754.76217773907	-165702202.98657292	1
60754.76227782575	-165702203.07482696	1
60754.76237804241	-165702203.02148235	1
60754.762478137614	-165702203.0400958	1
60754.76257835787	-165702202.99830973	1
60754.76267851352	-165702203.0007851	1
60754.7627786962	-165702203.010818	1
60754.76287884818	-165702203.04353428	1
60754.76297898326	-165702203.04239768	1
60754.76307913759	-165702203.02702582	1
60754.76317935157	-165702203.06371927	1
60754.76327943218	-165702202.9960872	1
60754.76337957714	-165702203.0098396	1
60754.763479767375	-165702203.05669767	1
60754.76357992533	-165702203.0493669	1
60754.76368008486	-165702203.02314055	1
60754.76378025124	-165702203.0757988	1
60754.76388045226	-165702203.08806044	1
60754.763980596814	-165702203.1025583	1
60754.76408069679	-165702203.10267133	1
60754.764180904276	-165702203.117711	1
60754.76428105747	-165702203.10903454	1
60754.76438118751	-165702203.07361233	1
60754.76448138839	-165702203.07778752	1
60754.76458148494	-165702203.05037785	1
60754.76468172782	-165702203.05257034	1
60754.76478185124	-165702203.06382012	1
60754.764881974144	-165702203.040268	1
60754.764982242	-165702203.02818483	1
60754.76508229278	-165702203.03680664	1
60754.76518253117	-165702203.01468194	1
60754.765282665794	-165702203.03293526	1
60754.76538281293	-165702203.0091802	1
60754.7654829394	-165702203.03061897	1
60754.76558313736	-165702203.0713603	1
60754.76568327676	-165702203.09694123	1
60754.76578348713	-165702203.08886904	1
60754.765883704764	-165702203.09070218	1
60754.76598372663	-165702203.03637564	1
60754.76608388956	-165702203.08719337	1
60754.766184062944	-165702203.06196868	1
60754.766284185716	-165702203.1055609	1
60754.76638442893	-165702203.07662386	1
60754.766484654574	-165702203.11476642	1
60754.76658472395	-165702203.1286701	1
60754.76668494954	-165702203.12815326	1
60754.766785026186	-165702203.12217772	1
60754.76688530344	-165702203.09854412	1
60754.76698541334	-165702203.07670915	1
60754.76708557016	-165702203.09532416	1
60754.76718566725	-165702203.10328227	1
60754.76728590871	-165702203.0912276	1
60754.76738604431	-165702203.13248473	1
60754.76748621211	-165702203.1006865	1
60754.76758635082	-165702203.11512774	1
60754.76768655665	-165702203.09880334	1
60754.76778664316	-165702203.09238958	1
60754.76788683422	-165702203.06576568	1
60754.7679870151	-165702203.10102427	1
60754.76808718169	-165702203.12481666	1
60754.76818732082	-165702203.1133675	1
60754.76828753711	-165702203.11933988	1
60754.76838763021	-165702203.10724282	1
60754.7684877945	-165702203.11782706	1
60754.768587954546	-165702203.09108603	1
60754.768688210635	-165702203.06510687	1
60754.76878830403	-165702203.085059	1
60754.768888392144	-165702203.04525483	1
60754.76898855615	-165702203.07153928	1
60754.76908880643	-165702203.07408226	1
60754.76918891207	-165702203.0450577	1
60754.769289075426	-165702203.04441732	1
60754.76938924054	-165702203.13719934	1
60754.76948938461	-165702203.09094238	1
60754.76958960722	-165702203.05871218	1
60754.769689761015	-165702203.05717325	1
60754.76978987486	-165702203.03463328	1
60754.769889970994	-165702203.09200937	1
60754.76999020709	-165702203.09077948	1
60754.77009032083	-165702203.0664981	1
60754.77019049757	-165702203.0130005	1
60754.77029065979	-165702203.06357616	1
60754.77039083191	-165702203.0504644	1
60754.77049100549	-165702203.01934737	1
60754.77059117914	-165702203.048567	1
60754.77069124093	-165702203.02635872	1
60754.77079151311	-165702203.02972847	1
60754.77089159324	-165702203.02750582	1
60754.77099178714	-165702202.9991578	1
60754.771091976836	-165702203.00982535	1
60754.771192091786	-165702203.0187587	1
60754.771292339195	-165702203.02342236	1
60754.77139246998	-165702203.06271374	1
60754.77149258925	-165702203.11280602	1
60754.77159275356	-165702203.06749797	1
60754.77169290176	-165702203.0764805	1
60754.77179307982	-165702203.06422943	1
60754.77189320833	-165702203.06260455	1
60754.771993398295	-165702203.06616896	1
60754.772093537744	-165702203.02234846	1
60754.77219370966	-165702203.08492362	1
60754.77229396487	-165702203.07667744	1
60754.772394046064	-165702203.0639872	1
60754.77249422849	-165702203.049518	1
60754.77259434275	-165702203.08812284	1
60754.77269452366	-165702203.0471807	1
60754.77279462826	-165702203.05326837	1
60754.77289483308	-165702203.02788347	1
60754.772995029656	-165702203.0109365	1
60754.773095147466	-165702203.0065536	1
60754.77319535519	-165702203.01093197	1
60754.773295491104	-165702203.03912175	1
60754.7733957126	-165702203.0068879	1
60754.7734958102	-165702202.93878508	1
60754.77359595678	-165702202.99640983	1
60754.77369619181	-165702202.99822336	1
60754.77379633203	-165702202.95404983	1
60754.773896482635	-165702202.9374351	1
60754.773996614334	-165702202.98808497	1
60754.77409675397	-165702202.9659984	1
60754.77419690612	-165702203.01118958	1
60754.774297147	-165702202.97390175	1
60754.774397248264	-165702203.00693673	1
60754.77449737045	-165702203.00146765	1
60754.77459761382	-165702203.07733315	1
60754.7746977571	-165702203.06985426	1
60754.77479791278	-165702203.05843484	1
60754.774898046744	-165702203.0791281	1
60754.7749982429	-165702203.04853576	1
60754.77509833667	-165702203.06021	1
60754.77519854218	-165702203.00768995	1
60754.77529867892	-165702203.04394847	1
60754.775398852806	-165702202.98674566	1
60754.77549892222	-165702203.04559368	1
60754.77559914712	-165702203.00300246	1
60754.775699348145	-165702203.02826154	1
60754.77579948733	-165702203.03547692	1
60754.775899654145	-165702202.9924702	1
60754.775999862424	-165702202.9988019	1
60754.77609996267	-165702203.0357654	1
60754.776200190645	-165702203.06622267	1
60754.77630024875	-165702203.04544568	1
60754.77640042887	-165702203.04997337	1
60754.77650063966	-165702203.0342734	1
60754.77660085063	-165702203.04322922	1
60754.77670095613	-165702203.04141772	1
60754.776801035856	-165702203.06219536	1
60754.77690122908	-165702203.06114334	1
60754.77700139897	-165702203.07824898	1
60754.777101640306	-165702203.09298402	1
60754.77720175298	-165702203.07510036	1
60754.77730191539	-165702203.05589503	1
60754.77740208357	-165702203.09300047	1
60754.77750219258	-165702203.07700646	1
60754.77760233338	-165702203.07067674	1
60754.77770255036	-165702203.03815234	1
60754.777802691155	-165702203.06994712	1
60754.77790293961	-165702203.03888762	1
60754.77800300677	-165702203.04545993	1
60754.7781032205	-165702203.06626898	1
60754.778203390546	-165702203.04239482	1
60754.778303473046	-165702203.0582075	1
60754.778403685916	-165702203.05339932	1
60754.778503772635	-165702203.06187052	1
60754.77860398641	-165702203.05594754	1
60754.77870415982	-165702203.05030733	1
60754.778804323905	-165702203.08088046	1
60754.77890440788	-165702203.0475312	1
60754.77900460561	-165702203.05500966	1
60754.779104814246	-165702203.07821494	1
60754.77920495136	-165702203.05669856	1
60754.779305120974	-165702203.0701009	1
60754.77940530329	-165702203.09282553	1
60754.77950540536	-165702203.0775771	1
60754.77960547807	-165702203.04563302	1
60754.77970579122	-165702203.06358272	1
60754.77980592458	-165702203.08762515	1
60754.7799060693	-165702203.13417333	1
60754.78000626924	-165702203.1335165	1
60754.780106387654	-165702203.08140856	1
60754.78020658521	-165702203.08402538	1
60754.78030670155	-165702203.1328063	1
60754.78040688781	-165702203.0988776	1
60754.78050702282	-165702203.09541845	1
60754.78060719984	-165702203.07753557	1
60754.78070727928	-165702203.04847282	1
60754.78080752422	-165702203.05645043	1
60754.780907734435	-165702203.12430662	1
60754.781007872705	-165702203.1206982	1
60754.78110797742	-165702203.07557023	1
60754.78120815235	-165702203.0936976	1
60754.78130828544	-165702203.0797276	1
60754.78140843422	-165702203.079634	1
60754.781508638	-165702203.03170657	1
60754.78160883253	-165702203.0243228	1
60754.7817089225	-165702203.06104797	1
60754.78180913945	-165702203.06927443	1
60754.7819092365	-165702203.04405373	1
60754.782009477785	-165702203.0924797	1
60754.782109547334	-165702203.06427503	1
60754.78220978791	-165702203.00799614	1
60754.78230986708	-165702203.0457893	1
60754.78241006592	-165702203.05564374	1
60754.782510218625	-165702203.06249094	1
60754.78261042371	-165702203.0524599	1
60754.782710460975	-165702203.0063454	1
60754.782810704055	-165702203.0602004	1
60754.78291088156	-165702203.08379185	1
60754.78301099694	-165702202.994052	1
60754.78311120213	-165702202.97259426	1
60754.783211309725	-165702203.011913	1
60754.78331150919	-165702203.06639457	1
60754.78341167827	-165702203.05575186	1
60754.78351184937	-165702203.03329515	1
60754.78361191142	-165702203.03148347	1
60754.78371210673	-165702203.02832735	1
60754.78381230537	-165702203.0171063	1
60754.78391244666	-165702203.01138228	1
60754.78401263941	-165702203.04188204	1
60754.78411271154	-165702203.04939473	1
60754.784212982064	-165702203.0291956	1
60754.784613590375	-165702203.04664993	1
60754.784713749126	-165702203.07320315	1
60754.78481391625	-165702203.03787905	1
60754.78491406754	-165702203.05630237	1
60754.78501423121	-165702203.01346493	1
60754.78511436509	-165702203.03106362	1
60754.785214540585	-165702203.05688852	1
60754.785515066375	-165702203.07800746	1
60754.78561523813	-165702203.07836372	1
60754.785715331935	-165702203.0698926	1
60754.78581556578	-165702202.9735942	1
60754.78591561548	-165702203.03506476	1
60754.786015844846	-165702203.0059536	1
60754.78611602781	-165702203.0612508	1
60754.78621624065	-165702203.04920566	1
60754.78631632174	-165702203.0206918	1
60754.786416487106	-165702203.0097974	1
60754.78651664584	-165702203.02448797	1
60754.78661680096	-165702203.05437756	1
60754.78671693514	-165702203.04425997	1
60754.78681707501	-165702203.01821786	1
60754.7869173173	-165702203.01708508	1
60754.78701744928	-165702203.04216373	1
60754.78711764335	-165702203.00500584	1
60754.787217744706	-165702202.99496043	1
60754.78731798451	-165702202.999188	1
60754.78741806051	-165702203.0136891	1
60754.787518219026	-165702203.02449328	1
60754.787618433846	-165702203.0336246	1
60754.78771857938	-165702203.04027843	1
60754.787818699915	-165702203.082443	1
60754.787918888316	-165702203.0189734	1
60754.78801906203	-165702202.99262947	1
60754.788119247736	-165702203.0153219	1
60754.78821933576	-165702202.99688387	1
60754.78831957463	-165702203.0493195	1
60754.788419638484	-165702203.0283193	1
60754.788519871545	-165702203.0270015	1
60754.78861999643	-165702203.00364596	1
60754.78872019716	-165702202.990337	1
60754.78882034957	-165702202.97088444	1
60754.788920520754	-165702202.97350806	1
60754.78902071569	-165702203.02678102	1
60754.7891207609	-165702203.04888976	1
60754.7892209846	-165702203.03075862	1
60754.78932115165	-165702202.98799562	1
60754.789421261914	-165702202.96848267	1
60754.78952138086	-165702203.01881146	1
60754.78962160899	-165702203.07321066	1
60754.78972174979	-165702203.0699041	1
60754.78982190158	-165702203.04612374	1
60754.78992207585	-165702203.0220201	1
60754.7900222259	-165702203.00663573	1
60754.790122349776	-165702203.00485748	1
60754.790222582036	-165702203.05164874	1
60754.790322792025	-165702203.0684526	1
60754.790422907325	-165702203.05042958	1
60754.790523020514	-165702203.03503364	1
60754.790623233675	-165702203.0810218	1
60754.79072340633	-165702203.08724606	1
60754.790823471325	-165702203.10002035	1
60754.7909236897	-165702203.05642366	1
60754.791023830854	-165702203.03680962	1
60754.79112400096	-165702203.0278377	1
60754.79122418578	-165702203.03645718	1
60754.7913243467	-165702203.0290929	1
60754.7914245118	-165702203.04526037	1
60754.79152466526	-165702202.9847114	1
60754.79162480083	-165702203.02622068	1
60754.79172495226	-165702203.02414614	1
60754.79182518242	-165702202.99652755	1
60754.79192521738	-165702203.04025692	1
60754.79202541857	-165702203.04796267	1
60754.792125648906	-165702202.99234116	1
60754.792225696234	-165702202.95122486	1
60754.79232591943	-165702203.060502	1
60754.792426040825	-165702203.07021248	1
60754.79252626097	-165702203.1381727	1
60754.79262642363	-165702203.065921	1
60754.79272665941	-165702203.02770513	1
60754.792826752804	-165702203.00728226	1
60754.7929268954	-165702202.98624575	1
60754.79302705916	-165702202.98157203	1
60754.79312714143	-165702202.96874464	1
60754.79322740229	-165702202.99556792	1
60754.79332750336	-165702202.989852	1
60754.79342774772	-165702202.9775365	1
60754.79352790778	-165702203.0002501	1
60754.79362802965	-165702203.01308703	1
60754.793728174685	-165702203.01737595	1
60754.7938283348	-165702203.00980586	1
60754.793928534324	-165702203.0398215	1
60754.79402861211	-165702203.0210566	1
60754.79412885033	-165702203.05675042	1
60754.79422900144	-165702203.0440371	1
60754.79432912613	-165702203.04012996	1
60754.79442932844	-165702203.06966698	1
60754.7945294703	-165702203.09680164	1
60754.794629648204	-165702203.11555165	1
60754.794729795234	-165702203.0957901	1
60754.79482997805	-165702203.09446466	1
60754.79493005045	-165702203.0784884	1
60754.795030187626	-165702202.99133384	1
60754.79513042256	-165702203.01664567	1
60754.795230563024	-165702203.08653945	1
60754.79533073612	-165702203.06041783	1
60754.79543089961	-165702203.111345	1
60754.79553104717	-165702203.08435613	1
60754.795631229324	-165702203.06665504	1
60754.79573141834	-165702203.04392588	1
60754.795831505435	-165702203.07630575	1
60754.79593172591	-165702203.07266593	1
60754.796031931415	-165702203.0029056	1
60754.79613198971	-165702203.07460886	1
60754.79623216368	-165702203.048321	1
60754.796332299826	-165702203.02736384	1
60754.796432463474	-165702203.04906994	1
60754.79653261686	-165702203.04920143	1
60754.79663286777	-165702203.02061927	1
60754.79673299026	-165702203.06621474	1
60754.796833105334	-165702203.03823912	1
60754.79693331401	-165702203.0736084	1
60754.79703353508	-165702203.05637485	1
60754.79713363499	-165702203.06072485	1
60754.797233826765	-165702203.0323668	1
60754.79733391812	-165702203.07268888	1
60754.79743406763	-165702203.06713003	1
60754.797534376616	-165702203.0574742	1
60754.79763441587	-165702203.06154978	1
60754.797734661784	-165702203.06359047	1
60754.79783467197	-165702203.06995732	1
60754.79793491985	-165702203.03323293	1
60754.79803503897	-165702203.0244754	1
60754.798135222794	-165702202.99136442	1
60754.79823531692	-165702203.05967635	1
60754.79833554445	-165702203.04980284	1
60754.79843576201	-165702203.03683674	1
60754.79853587901	-165702203.04256207	1
60754.798636054504	-165702203.0826682	1
60754.79873613086	-165702203.05658984	1
60754.798836373106	-165702203.09799087	1
60754.79893649167	-165702203.0963341	1
60754.799036710196	-165702203.10181862	1
60754.79913685998	-165702203.12343276	1
60754.7992369303	-165702203.08758867	1
60754.79933721528	-165702203.06268245	1
60754.7994372654	-165702203.06086624	1
60754.79953744729	-165702203.097948	1
60754.799637573524	-165702203.0699194	1
60754.79973777909	-165702203.05463952	1
60754.79983793036	-165702203.05903614	1
60754.79993810005	-165702203.0568474	1
60754.80003833458	-165702203.06503147	1
60754.80013849999	-165702203.0451185	1
60754.800238627984	-165702203.06501883	1
60754.80033868123	-165702203.01338065	1
60754.800438908875	-165702203.01743156	1
60754.80053910681	-165702203.0453334	1
60754.80063922188	-165702203.06000262	1
60754.80073937355	-165702203.04130465	1
60754.80083955556	-165702203.04353517	1
60754.800939683686	-165702203.06508958	1
60754.80103983905	-165702203.07221776	1
60754.801140025695	-165702203.0564196	1
60754.80124018047	-165702203.02587074	1
60754.801340392274	-165702203.03988028	1
60754.801440523865	-165702203.0813142	1
60754.801540688684	-165702203.0464278	1
60754.801640905076	-165702203.02994108	1
60754.80174102617	-165702203.021967	1
60754.80184113436	-165702203.01334226	1
60754.801941341466	-165702203.0381233	1
60754.802041618415	-165702203.04074425	1
60754.80214164551	-165702203.01448256	1
60754.80224179582	-165702203.05041373	1
60754.80234192657	-165702203.04302502	1
60754.80244211892	-165702203.04874128	1
60754.802542309786	-165702203.06024867	1
60754.80264242073	-165702203.06802315	1
60754.80274256291	-165702203.0332777	1
60754.80284278764	-165702203.06230217	1
60754.80294288635	-165702203.06504744	1
60754.80304303476	-165702203.04739195	1
60754.80314317482	-165702203.00280124	1
60754.80324336714	-165702203.005094	1
60754.803343527536	-165702203.04516876	1
60754.8034437561	-165702203.0066722	1
60754.80354389459	-165702203.06333476	1
60754.80364410265	-165702203.0454507	1
60754.80374421459	-165702203.00181836	1
60754.80384434879	-165702202.99644673	1
60754.8039445092	-165702202.94714838	1
60754.80404466102	-165702202.97666633	1
60754.80414477692	-165702203.02336723	1
60754.80424500767	-165702202.97918993	1
60754.80434508146	-165702203.0388795	1
60754.80444529805	-165702203.05355334	1
60754.80454545095	-165702203.02709413	1
60754.8046456714	-165702203.03983283	1
60754.804745747846	-165702203.01311368	1
60754.80484588078	-165702202.99070674	1
60754.80494619059	-165702202.99977255	1
60754.80504625403	-165702202.97828454	1
60754.80514644841	-165702202.97042054	1
60754.805246577635	-165702203.0088334	1
60754.80534668838	-165702203.04764342	1
60754.80544699956	-165702203.01851606	1
60754.805547048025	-165702203.03419274	1
60754.80564718293	-165702202.98415035	1
60754.80574741752	-165702203.01872575	1
60754.80584761298	-165702202.99755687	1
60754.80594773506	-165702202.97881126	1
60754.80604783766	-165702202.99939203	1
60754.8061480127	-165702202.97593772	1
60754.80624821391	-165702203.01859725	1
60754.806348359234	-165702202.96728724	1
60754.80644851347	-165702202.96805024	1
60754.806548658795	-165702202.9912508	1
60754.806648783015	-165702202.96116716	1
60754.80674898823	-165702202.95418143	1
60754.80684914058	-165702202.96784675	1
60754.807174575115	-165702203.00531143	1
60754.807274723025	-165702203.026115	1
60754.80737481552	-165702202.99757677	1
60754.80747496283	-165702203.007582	1
60754.80757517387	-165702202.9544223	1
60754.80767531114	-165702203.018256	1
60754.80777549127	-165702202.97617555	1
60754.80787565433	-165702202.98852146	1
60754.80797588946	-165702203.01046538	1
60754.80807597395	-165702203.00160646	1
60754.80817614312	-165702203.0046485	1
60754.80827632384	-165702203.01375163	1
60754.80837645454	-165702203.01405895	1
60754.80847667346	-165702203.0093915	1
60754.80857675042	-165702202.98397022	1
60754.80867694648	-165702203.01830125	1
60754.808777031074	-165702203.02302217	1
60754.80887726147	-165702202.97720897	1
60754.80897742167	-165702202.93724555	1
60754.80907761948	-165702203.0075037	1
60754.809177842	-165702203.04119867	1
60754.80927791522	-165702202.99876273	1
60754.80937808299	-165702202.98899716	1
60754.80947833558	-165702202.96016192	1
60754.809578466266	-165702202.94005418	1
60754.80967857594	-165702202.96020746	1
60754.809778728864	-165702202.98034036	1
60754.80987887786	-165702202.98761445	1
60754.8099790395	-165702202.97727334	1
60754.81007919495	-165702202.9321481	1
60754.81017937438	-165702202.9606623	1
60754.81027945326	-165702202.96540594	1
60754.81037962352	-165702202.96980625	1
60754.81047979581	-165702202.98311347	1
60754.81057989596	-165702202.99133325	1
60754.81068014828	-165702202.97834945	1
60754.81078033804	-165702202.9877602	1
60754.81088046745	-165702202.96014667	1
60754.81098060793	-165702202.9674369	1
60754.811080791886	-165702203.00186825	1
60754.81118092309	-165702202.95030308	1
60754.81128112745	-165702202.98264366	1
60754.81138133449	-165702202.99388123	1
60754.81148145079	-165702202.97327745	1
60754.811581598915	-165702202.96780342	1
60754.811681789055	-165702202.9703769	1
60754.811781955985	-165702202.93950915	1
60754.81188204106	-165702202.9921158	1
60754.81198219979	-165702202.98322177	1
60754.812082400225	-165702203.01406413	1
60754.81218256609	-165702203.00312495	1
60754.812282689694	-165702202.98696518	1
60754.812382841395	-165702202.99340737	1
60754.81248307508	-165702203.01087177	1
60754.812583186154	-165702203.002196	1
60754.81268338905	-165702202.990884	1
60754.812783481444	-165702203.00702316	1
60754.812883685816	-165702203.01754004	1
60754.81298382192	-165702203.0320046	1
60754.81308400828	-165702203.02245992	1
60754.81318407819	-165702203.05802524	1
60754.81328434992	-165702203.01728404	1
60754.813384503526	-165702203.05390537	1
60754.81348464437	-165702203.02630615	1
60754.813584807496	-165702203.0149516	1
60754.813684895846	-165702203.031945	1
60754.81378503108	-165702202.99930423	1
60754.813885324664	-165702202.9849589	1
60754.8139854207	-165702202.96520305	1
60754.814085667465	-165702203.03446347	1
60754.81418573662	-165702203.04589504	1
60754.81428595484	-165702203.01758707	1
60754.814386034974	-165702202.99273652	1
60754.81448625918	-165702202.97815847	1
60754.81458639336	-165702202.9749747	1
60754.814686606966	-165702202.95369047	1
60754.81478669907	-165702202.9647383	1
60754.81488682556	-165702202.92545766	1
60754.814986983656	-165702202.91057342	1
60754.81508716746	-165702202.92562062	1
60754.815187325206	-165702202.94176137	1
60754.81528754275	-165702202.96576804	1
60754.815387643815	-165702202.96455634	1
60754.81548784326	-165702202.96705633	1
60754.81558797773	-165702202.9261402	1
60754.81568814959	-165702202.91838187	1
60754.815788335116	-165702202.9414817	1
60754.81588845367	-165702202.966972	1
60754.81598866309	-165702202.96424854	1
60754.81608884336	-165702202.9749635	1
60754.81618893026	-165702203.05580503	1
60754.816289100934	-165702202.9970671	1
60754.81638928424	-165702202.98615366	1
60754.81648944176	-165702203.00047606	1
60754.816589564	-165702203.005046	1
60754.81668976028	-165702203.0418766	1
60754.81678990415	-165702203.03440088	1
60754.816890093796	-165702202.9870004	1
60754.81699021652	-165702203.01176906	1
60754.817090361954	-165702203.01928163	1
60754.817190524795	-165702202.97022557	1
60754.817290701016	-165702202.98238564	1
60754.817390900585	-165702202.97967488	1
60754.817491030975	-165702202.99109232	1
60754.81759121028	-165702203.01564723	1
60754.81769131519	-165702202.97688824	1
60754.817791490066	-165702203.0114882	1
60754.817891669256	-165702203.00120413	1
60754.817991900236	-165702202.951779	1
60754.818091986344	-165702202.9877532	1
60754.81819216928	-165702203.03151	1
60754.81829232991	-165702202.97280264	1
60754.818392498535	-165702202.96588588	1
60754.81849262803	-165702202.96429956	1
60754.8185927957	-165702202.9420328	1
60754.818692990804	-165702202.98826617	1
60754.8187931185	-165702202.96321362	1
60754.81889328952	-165702202.92545313	1
60754.81899340713	-165702202.92798108	1
60754.81909356783	-165702202.9783175	1
60754.81919375462	-165702202.9506346	1
60754.8192938957	-165702202.98242456	1
60754.81939411633	-165702202.99319947	1
60754.81949422287	-165702202.9837122	1
60754.81959442669	-165702202.98720407	1
60754.81969458308	-165702202.9735676	1
60754.819794747	-165702202.95602655	1
60754.819894935026	-165702202.98899186	1
60754.81999496074	-165702203.0276839	1
60754.8200952538	-165702202.9655854	1
60754.82019533969	-165702202.98915207	1
60754.820295502606	-165702202.93870342	1
60754.8203956998	-165702202.95972657	1
60754.82049579613	-165702202.9760369	1
60754.820596013014	-165702203.00510514	1
60754.82069611932	-165702203.0189311	1
60754.82079637584	-165702203.00096262	1
60754.82089645782	-165702203.00652045	1
60754.82099661418	-165702202.96969968	1
60754.82109680103	-165702202.93844908	1
60754.82119690903	-165702202.95121008	1
60754.82129713628	-165702202.93493968	1
60754.82139729003	-165702202.94390392	1
60754.821497480276	-165702203.00634235	1
60754.82159761586	-165702203.00804013	1
60754.821697796244	-165702202.94221747	1
60754.821797952274	-165702202.98645955	1
60754.82189811682	-165702202.93601912	1
60754.82199820828	-165702202.97880465	1
60754.822098460056	-165702203.00188947	1
60754.822198579415	-165702202.9749505	1
60754.82229878555	-165702202.96508676	1
60754.822398911114	-165702202.9884854	1
60754.82249902414	-165702202.98290437	1
60754.822599200685	-165702203.02324384	1
60754.822699356686	-165702202.97684252	1
60754.822799534486	-165702202.99409223	1
60754.82289964815	-165702202.96064252	1
60754.82299981569	-165702202.99931067	1
60754.82310005313	-165702202.93101948	1
60754.8232002549	-165702202.93964994	1
60754.82330031759	-165702202.93085736	1
60754.82340052013	-165702202.8768438	1
60754.82350062122	-165702202.9272117	1
60754.823600790914	-165702202.8935929	1
60754.8237010114	-165702202.9320727	1
60754.82380108569	-165702202.9252984	1
60754.8239011996	-165702202.98467475	1
60754.824001446905	-165702202.94118756	1
60754.82410154349	-165702202.9333871	1
60754.82420182821	-165702202.99374098	1
60754.82430187045	-165702202.96662354	1
60754.824402123384	-165702202.97352368	1
60754.82450229642	-165702202.9848597	1
60754.82460242159	-165702203.01212388	1
60754.82470251829	-165702202.99582767	1
60754.824802740186	-165702203.00720948	1
60754.82490291502	-165702203.00184888	1
60754.825003053455	-165702203.0247478	1
60754.82510317239	-165702203.01592118	1
60754.825203414504	-165702202.96106476	1
60754.82530354673	-165702203.04196072	1
60754.82540376069	-165702202.97484696	1
60754.82550385474	-165702203.02498323	1
60754.825604033285	-165702203.00796157	1
60754.82570414435	-165702202.95562047	1
60754.82580435515	-165702203.01060075	1
60754.825904490026	-165702203.01198328	1
60754.826004696006	-165702203.06504017	1
60754.82610484145	-165702203.0256216	1
60754.82620500305	-165702202.96018928	1
60754.8263052231	-165702202.9644587	1
60754.82640521879	-165702202.96236306	1
60754.82650547166	-165702202.95004642	1
60754.8266056122	-165702202.98413002	1
60754.82670573661	-165702202.93170536	1
60754.82680590338	-165702202.93552744	1
60754.826906118506	-165702202.95713753	1
60754.8270062528	-165702202.93832004	1
60754.82710644467	-165702202.92499644	1
60754.827206537586	-165702202.97645825	1
60754.827306691346	-165702202.92152023	1
60754.827406952514	-165702202.92605418	1
60754.82750709673	-165702202.98251426	1
60754.82760721657	-165702203.02687794	1
60754.827707325305	-165702203.00821465	1
60754.827807505084	-165702203.006786	1
60754.827907688836	-165702203.01999944	1
60754.8280078477	-165702203.0073005	1
60754.828108034104	-165702203.0094657	1
60754.82820816495	-165702203.0033263	1
60754.82830828949	-165702202.9549533	1
60754.828408376154	-165702202.9824226	1
60754.82850862561	-165702203.0158832	1
60754.82860880151	-165702203.00743908	1
60754.82870899117	-165702203.02112526	1
60754.828809190745	-165702203.0590484	1
60754.828909298005	-165702203.04410297	1
60754.82900949561	-165702203.03253198	1
60754.829109576436	-165702202.99015617	1
60754.82920976045	-165702203.00194252	1
60754.82930989925	-165702203.00321597	1
60754.82941014969	-165702203.00334	1
60754.82951027197	-165702202.98204112	1
60754.82961042225	-165702202.93503147	1
60754.82971055133	-165702202.9345302	1
60754.82981078694	-165702202.95590895	1
60754.82991085299	-165702202.9471926	1
60754.83001105515	-165702202.93730336	1
60754.83011127118	-165702202.93678224	1
60754.83021142812	-165702202.921623	1
60754.83031158298	-165702202.9345948	1
60754.83041171901	-165702202.91140836	1
60754.83051187437	-165702202.863577	1
60754.83061202082	-165702202.9137565	1
60754.830712203555	-165702202.94589835	1
60754.83081235428	-165702202.92008328	1
60754.83091248349	-165702202.8982827	1
60754.83101272667	-165702202.94234532	1
60754.83111280555	-165702202.96597856	1
60754.831212996876	-165702202.95528132	1
60754.83131308974	-165702202.96787274	1
60754.83141331122	-165702202.93036103	1
60754.831513502424	-165702202.9994226	1
60754.83161361915	-165702202.9227299	1
60754.83171379492	-165702202.9481364	1
60754.831814007	-165702202.90822345	1
60754.83191411488	-165702202.9296226	1
60754.832014303516	-165702202.96748704	1
60754.832114425786	-165702202.9808873	1
60754.832214567316	-165702202.93693978	1
60754.832314714564	-165702203.02171373	1
60754.832414900244	-165702202.95553255	1
60754.83251508569	-165702202.94922888	1
60754.83261521592	-165702202.97334015	1
60754.83271541589	-165702202.9118716	1
60754.83281552212	-165702202.92425662	1
60754.83291569787	-165702202.9177447	1
60754.833015891716	-165702202.94842464	1
60754.83311603178	-165702202.93453163	1
60754.833216236315	-165702202.95044243	1
60754.83331636539	-165702202.9328183	1
60754.83341650021	-165702202.93854558	1
60754.83351666611	-165702202.94871593	1
60754.83361685258	-165702202.97433203	1
60754.83371695587	-165702202.9760182	1
60754.83381711714	-165702202.92289323	1
60754.833917376716	-165702202.92961627	1
60754.834017488254	-165702202.98530042	1
60754.83411769831	-165702202.95954728	1
60754.8342177828	-165702202.9543817	1
60754.834317960325	-165702202.95423138	1
60754.83441807534	-165702202.94697934	1
60754.83451830806	-165702202.98897278	1
60754.83461840048	-165702203.0032738	1
60754.834718588616	-165702202.98459744	1
60754.834818784584	-165702202.97159535	1
60754.83491891118	-165702203.01405507	1
60754.835019035534	-165702203.0110364	1
60754.835119248826	-165702202.97686976	1
60754.83521935021	-165702202.92336196	1
60754.835319575956	-165702202.8964588	1
60754.835419710085	-165702202.93462014	1
60754.83551985813	-165702202.94634032	1
60754.83562012885	-165702202.97858316	1
60754.83572024209	-165702203.01160204	1
60754.83582032382	-165702202.99068242	1
60754.83592050357	-165702203.0441156	1
60754.83602062499	-165702203.00418872	1
60754.836120806576	-165702202.95948082	1
60754.83622103533	-165702202.9372458	1
60754.83632117962	-165702202.93503904	1
60754.836421290995	-165702202.9721148	1
60754.83652138825	-165702202.94187677	1
60754.83662166768	-165702202.95004332	1
60754.83672175307	-165702202.93070275	1
60754.83682196697	-165702202.97581726	1
60754.83692212231	-165702202.9104964	1
60754.83702225782	-165702202.93180716	1
60754.837122396624	-165702202.94427174	1
60754.837222580245	-165702202.92305654	1
60754.83732270102	-165702202.98097193	1
60754.8374229593	-165702202.9276191	1
60754.83752316807	-165702202.91627425	1
60754.83762327201	-165702202.9517783	1
60754.83772338082	-165702202.95977288	1
60754.837823585935	-165702202.9749326	1
60754.837923730716	-165702202.92902642	1
60754.83802387263	-165702202.94761574	1
60754.83812398313	-165702202.9850353	1
60754.83822415864	-165702202.96069682	1
60754.838324344506	-165702203.00563002	1
60754.83842450922	-165702202.9649973	1
60754.838524757215	-165702202.98985904	1
60754.838624799515	-165702202.9253481	1
60754.83872499693	-165702202.87935662	1
60754.83882520741	-165702202.9073658	1
60754.83892533565	-165702202.9678886	1
60754.83902552441	-165702202.95880002	1
60754.83912558104	-165702202.98000222	1
60754.839225777694	-165702203.01582605	1
60754.83932593043	-165702203.00314432	1
60754.83942619898	-165702202.94718438	1
60754.83952632389	-165702202.99224108	1
60754.83962642558	-165702202.943219	1
60754.839726597565	-165702202.94769967	1
60754.83982673749	-165702202.9171763	1
60754.83992691568	-165702202.9820817	1
60754.84002713077	-165702202.9418257	1
60754.84012723399	-165702202.95467943	1
60754.840227357854	-165702202.95757568	1
60754.84032761805	-165702202.98186737	1
60754.84042769805	-165702202.9135151	1
60754.84052795968	-165702202.910971	1
60754.84062805522	-165702202.916187	1
60754.84072821366	-165702202.9278953	1
60754.84082839448	-165702202.90957475	1
60754.84092853937	-165702202.9499036	1
60754.84102870404	-165702202.97410953	1
60754.84112879883	-165702202.93712085	1
60754.84122902328	-165702202.93103677	1
60754.8413290948	-165702202.9010939	1
60754.84142938718	-165702202.90745378	1
60754.84152954441	-165702202.95084184	1
60754.841629640825	-165702202.95215338	1
60754.841729837666	-165702202.89952487	1
60754.841829937955	-165702202.9608125	1
60754.84193009222	-165702202.9662348	1
60754.84203031779	-165702202.9305582	1
60754.842130394216	-165702202.94317108	1
60754.84223053527	-165702202.94755572	1
60754.842330798725	-165702202.9824102	1
60754.84243092458	-165702202.98673844	1
60754.84253110628	-165702202.96289217	1
60754.84263128907	-165702202.96849042	1
60754.84273139429	-165702202.91033173	1
60754.84283154856	-165702202.9128765	1
60754.842931698506	-165702202.94240034	1
60754.84303191921	-165702202.94728643	1
60754.84313203417	-165702202.9452154	1
60754.84323219503	-165702202.99414074	1
60754.843332423654	-165702203.01304495	1
60754.843432527436	-165702202.98440295	1
60754.84353264242	-165702202.96226233	1
60754.8436327958	-165702202.96072245	1
60754.84373303056	-165702202.8995285	1
60754.84383314979	-165702202.93809855	1
60754.843933301665	-165702202.96049613	1
60754.84403343776	-165702202.98192084	1
60754.84413370382	-165702202.99148327	1
60754.844233839845	-165702202.97928745	1
60754.84433397725	-165702202.96434867	1
60754.84443414223	-165702202.9455394	1
60754.84453429956	-165702202.95875627	1
60754.84463447613	-165702203.00420117	1
60754.8447346347	-165702202.9648261	1
60754.84483478766	-165702202.93783295	1
60754.844934946894	-165702202.93971467	1
60754.84503506751	-165702203.0048204	1
60754.84513527688	-165702202.98052186	1
60754.84523544244	-165702202.95133173	1
60754.84533552763	-165702202.93900102	1
60754.84543574992	-165702202.96107674	1
60754.84553594786	-165702202.9850818	1
60754.84563603378	-165702202.9889922	1
60754.84573623045	-165702202.91588736	1
60754.845836359425	-165702202.88110328	1
60754.8459365558	-165702202.92576158	1
60754.846036756724	-165702202.9100042	1
60754.84613687412	-165702202.946189	1
60754.846237037906	-165702202.9411779	1
60754.84633718344	-165702202.9379621	1
60754.84643731077	-165702202.88811207	1
60754.84653749115	-165702202.8623889	1
60754.84663765474	-165702202.89413196	1
60754.84673780461	-165702202.94377333	1
60754.84683802855	-165702202.92206347	1
60754.84693815939	-165702202.9026575	1
60754.847038313244	-165702202.87324554	1
60754.847138492536	-165702202.89753902	1
60754.84723858301	-165702202.8909577	1
60754.84733881631	-165702202.8914222	1
60754.84743892978	-165702202.92253923	1
60754.84753916645	-165702202.89107955	1
60754.84763925518	-165702202.89584726	1
60754.84773946361	-165702202.89099437	1
60754.84783957524	-165702202.88939118	1
60754.84793980078	-165702202.90154213	1
60754.848039838515	-165702202.91395938	1
60754.84814002547	-165702202.9071449	1
60754.84824021158	-165702202.91866797	1
60754.84834043079	-165702202.88130176	1
60754.84844053733	-165702202.91871464	1
60754.8485407361	-165702202.94757903	1
60754.84864082974	-165702202.9279837	1
60754.848741022426	-165702202.98705262	1
60754.848841152685	-165702202.95730102	1
60754.848941374854	-165702202.92694658	1
60754.84904147073	-165702202.90748686	1
60754.84914165031	-165702202.88608092	1
60754.84924171162	-165702202.90830815	1
60754.84934195065	-165702202.84423262	1
60754.84944209159	-165702202.8816672	1
60754.84954222598	-165702202.85357225	1
60754.849642502	-165702202.8784132	1
60754.84974264336	-165702202.90794694	1
60754.84984280577	-165702202.89268506	1
60754.84994295396	-165702202.89267373	1
60754.85004312898	-165702202.8896172	1
60754.85014323342	-165702202.89333916	1
60754.85024347813	-165702202.86322027	1
60754.85034359154	-165702202.88201678	1
60754.85044375991	-165702202.87836504	1
60754.85054397317	-165702202.84261084	1
60754.85064406218	-165702202.84856552	1
60754.85074428664	-165702202.85234708	1
60754.85084446339	-165702202.8375407	1
60754.85094463052	-165702202.8699904	1
60754.8510447372	-165702202.8625241	1
60754.851144844266	-165702202.84996593	1
60754.851244985504	-165702202.86908358	1
60754.851345230134	-165702202.8533132	1
60754.85144537714	-165702202.88149565	1
60754.85154555881	-165702202.84558254	1
60754.85164570675	-165702202.84290785	1
60754.8517458051	-165702202.85398525	1
60754.85184597801	-165702202.86624712	1
60754.85194613566	-165702202.8662536	1
60754.85204628836	-165702202.8385523	1
60754.852146515535	-165702202.8775398	1
60754.85224661507	-165702202.85836935	1
60754.852346834276	-165702202.87847465	1
60754.852447022524	-165702202.8668139	1
60754.852547072325	-165702202.8467214	1
60754.85264724865	-165702202.8410836	1
60754.85274744929	-165702202.84003186	1
60754.85284751448	-165702202.83579367	1
60754.85294778169	-165702202.89881545	1
60754.8530479384	-165702202.85081464	1
60754.853148040944	-165702202.85750484	1
60754.853248244704	-165702202.87908393	1
60754.85334837124	-165702202.86032695	1
60754.85344857512	-165702202.87478137	1
60754.85354864722	-165702202.8813101	1
60754.8536488868	-165702202.89479536	1
60754.853748978814	-165702202.8895386	1
60754.8538491561	-165702202.8852347	1
60754.85394931142	-165702202.89552552	1
60754.85404952332	-165702202.89606744	1
60754.85414962193	-165702202.909872	1
60754.85424975329	-165702202.9255528	1
60754.85434991359	-165702202.91631818	1
60754.8544501459	-165702202.90251648	1
60754.85455030036	-165702202.87129295	1
60754.85465044048	-165702202.90261197	1
60754.85475063632	-165702202.9206184	1
60754.854850808435	-165702202.88608652	1
60754.85495096241	-165702202.8681003	1
60754.85505111739	-165702202.91348392	1
60754.855151374715	-165702202.90052527	1
60754.855251399844	-165702202.84270895	1
60754.85535155311	-165702202.8427444	1
60754.855451772826	-165702202.90462512	1
60754.855551863526	-165702202.8881871	1
60754.85565205409	-165702202.9067816	1
60754.855752276155	-165702202.86230057	1
60754.85585238114	-165702202.87609833	1
60754.8559525836	-165702202.92614943	1
60754.85605274459	-165702202.9599173	1
60754.85615289944	-165702202.88849282	1
60754.85625310267	-165702202.90324223	1
60754.85635319626	-165702202.87109125	1
60754.8564532995	-165702202.92061192	1
60754.85655352909	-165702202.937495	1
60754.856653684	-165702202.89891142	1
60754.85675384309	-165702202.90011013	1
60754.85685403752	-165702202.89439905	1
60754.8569541322	-165702202.9302557	1
60754.85705436246	-165702202.89837694	1
60754.85715448592	-165702202.8941539	1
60754.857254656796	-165702202.91911787	1
60754.857354712316	-165702202.94625902	1
60754.857454931844	-165702202.96206093	1
60754.85755509725	-165702202.9552868	1
60754.85765524522	-165702202.91326112	1
60754.857755436984	-165702202.88857806	1
60754.857855579605	-165702202.90065438	1
60754.85795581002	-165702202.87824792	1
60754.858055915014	-165702202.90295982	1
60754.858156049835	-165702202.94077033	1
60754.8582562363	-165702202.94185752	1
60754.858356423334	-165702202.97836816	1
60754.858456593785	-165702202.94001538	1
60754.85855668973	-165702202.92075837	1
60754.85865684912	-165702202.90687227	1
60754.85875706096	-165702202.86194503	1
60754.85885727062	-165702202.90343076	1
60754.858957347366	-165702202.84568018	1
60754.85905749699	-165702202.9073168	1
60754.85915759942	-165702202.8784052	1
60754.85925779666	-165702202.90933222	1
60754.8593579742	-165702202.88535368	1
60754.859458099	-165702202.8825428	1
60754.85955834165	-165702202.89644623	1
60754.85965848752	-165702202.8407418	1
60754.85975861481	-165702202.84238434	1
60754.85985885577	-165702202.8870678	1
60754.85995888608	-165702202.90848476	1
60754.86005908027	-165702202.86542708	1
60754.86015926696	-165702202.8895433	1
60754.860259480716	-165702202.9093355	1
60754.860359508166	-165702202.8842011	1
60754.86045975822	-165702202.86257315	1
60754.86055987906	-165702202.89022595	1
60754.86066013013	-165702202.88484067	1
60754.860760251046	-165702202.9020579	1
60754.86086039874	-165702202.8552643	1
60754.86096055264	-165702202.9107573	1
60754.861285970444	-165702202.85553384	1
60754.86138613382	-165702202.8729772	1
60754.861486273134	-165702202.82601857	1
60754.86158641553	-165702202.84210885	1
60754.861686664066	-165702202.84832907	1
60754.86178671855	-165702202.83351183	1
60754.86188692253	-165702202.81900996	1
60754.86198708297	-165702202.83656925	1
60754.86208725142	-165702202.8610623	1
60754.86218738895	-165702202.85026014	1
60754.86228759569	-165702202.8611381	1
60754.862387687324	-165702202.8363729	1
60754.86248786828	-165702202.9104209	1
60754.86258801455	-165702202.89861447	1
60754.86268814325	-165702202.93369693	1
60754.86278837627	-165702202.91910446	1
60754.86288852195	-165702202.91248614	1
60754.862988668654	-165702202.86293966	1
60754.863088831946	-165702202.89419127	1
60754.86318899394	-165702202.8760196	1
60754.86328923157	-165702202.85289365	1
60754.86338932649	-165702202.83457726	1
60754.86348944906	-165702202.8421318	1
60754.86358961601	-165702202.82653433	1
60754.86368981016	-165702202.84049797	1
60754.86378996493	-165702202.84642005	1
60754.863890187924	-165702202.84890664	1
60754.86399022684	-165702202.8732273	1
60754.864090515686	-165702202.87706995	1
60754.864190638444	-165702202.82853568	1
60754.86429073339	-165702202.83291912	1
60754.86439095051	-165702202.83274943	1
60754.86449108497	-165702202.86292112	1
60754.86459127875	-165702202.86474705	1
60754.864691372495	-165702202.85833347	1
60754.86479153239	-165702202.873796	1
60754.86489174173	-165702202.85217243	1
60754.86499184196	-165702202.83008134	1
60754.86509202532	-165702202.81702667	1
60754.86519221862	-165702202.82710326	1
60754.865292379814	-165702202.88750482	1
60754.86539254496	-165702202.8570242	1
60754.86549262216	-165702202.8614781	1
60754.86559287643	-165702202.8489489	1
60754.865692999876	-165702202.87183493	1
60754.86579310803	-165702202.8720619	1
60754.86589332155	-165702202.86728722	1
60754.865993471365	-165702202.88372868	1
60754.86609364204	-165702202.85537493	1
60754.86619387961	-165702202.8673095	1
60754.86629396643	-165702202.8026091	1
60754.866394106466	-165702202.87493658	1
60754.866494268164	-165702202.90081143	1
60754.866594443774	-165702202.88973206	1
60754.86669463561	-165702202.87722063	1
60754.866794729605	-165702202.87793523	1
60754.86689488382	-165702202.91680813	1
60754.8669951119	-165702202.8661368	1
60754.867095244954	-165702202.86638832	1
60754.867195355546	-165702202.81679517	1
60754.86729556571	-165702202.8404367	1
60754.86739571293	-165702202.8910951	1
60754.86749588825	-165702202.89791673	1
60754.86759613374	-165702202.85023844	1
60754.86769616433	-165702202.8509087	1
60754.867796409846	-165702202.86802626	1
60754.86789649345	-165702202.848253	1
60754.86799666456	-165702202.84263617	1
60754.868096857186	-165702202.83891493	1
60754.868196957585	-165702202.8885389	1
60754.86829711811	-165702202.83315903	1
60754.86839735006	-165702202.82636136	1
60754.86849745625	-165702202.85391623	1
60754.86859764493	-165702202.83081794	1
60754.86869781166	-165702202.82855058	1
60754.86879795974	-165702202.8435933	1
60754.8688981353	-165702202.8566929	1
60754.86899829173	-165702202.87040168	1
60754.869098354786	-165702202.8155582	1
