# Frequency shift file for JILA Sr1 
# for 20250321_clock_lock#0.
# Processed Fri Mar 21 17:52:55 2025 (MT) 
# by Alexander Aeppli(alexander.aeppli@colorado.edu), William Warfield(william.warfield@colorado.edu) 
# ******Applied Corrections******
# point by point corrections: 
#  - servo 
#  - second order zeeman 
#  - density shift 
# DC corrections: 
#  - lattice light 
#  - DC Stark 
#  - BBR 
#  - background gas 
#  - redshift to S1B60V1 
# Total sytematic error (frac.) = ~1e-17
# No MASER corrections have been applied
# To calculate the strontium frequency: 
# f_sr = (N/M)*f_light + f_shift[Hz] 
# where N = 1716882, M = 777577, 
# and f_light is the frequency of the light leaving JILA. 
#### Additional Notes #### 
# standard conditions
t_mjd	f_shift [Hz]	IS_GOOD
60755.69331741352	-165702200.81593215	1
60755.6934176388	-165702200.77399015	1
60755.693517727115	-165702200.76758015	1
60755.6936180388	-165702200.832182	1
60755.69371805348	-165702200.8102275	1
60755.69381825835	-165702200.81400198	1
60755.6939184652	-165702200.81902152	1
60755.69401853865	-165702200.83043474	1
60755.69411878911	-165702200.8667801	1
60755.694218796045	-165702200.8690464	1
60755.694319022754	-165702200.85420507	1
60755.69441923369	-165702200.8285755	1
60755.69451932808	-165702200.82779074	1
60755.694619547954	-165702200.85097843	1
60755.69471964985	-165702200.86725098	1
60755.69481980934	-165702200.84248042	1
60755.694919945396	-165702200.8175866	1
60755.69502023884	-165702200.80715364	1
60755.69512029034	-165702200.76564258	1
60755.69522043944	-165702200.8242641	1
60755.69532063014	-165702200.81308514	1
60755.69542080604	-165702200.8108915	1
60755.69552094589	-165702200.8277014	1
60755.695621077655	-165702200.82650697	1
60755.69572123891	-165702200.831033	1
60755.69582147197	-165702200.7895903	1
60755.69592163724	-165702200.79682297	1
60755.69602172105	-165702200.80616814	1
60755.696121920235	-165702200.75315094	1
60755.69622218755	-165702200.80834734	1
60755.6963222745	-165702200.7294954	1
60755.69642243134	-165702200.73665422	1
60755.696522561106	-165702200.73906147	1
60755.69662280967	-165702200.73680264	1
60755.69672292771	-165702200.75320637	1
60755.69682310159	-165702200.7559924	1
60755.69692322599	-165702200.7585919	1
60755.697023438435	-165702200.72971243	1
60755.69712354229	-165702200.73321337	1
60755.69722367625	-165702200.74603683	1
60755.697323784916	-165702200.7372681	1
60755.69742395781	-165702200.73241675	1
60755.69752411856	-165702200.71472055	1
60755.69762428378	-165702200.7430938	1
60755.6977244626	-165702200.74336112	1
60755.69782458995	-165702200.72630548	1
60755.69792484671	-165702200.70623136	1
60755.698025022444	-165702200.75370228	1
60755.69812514851	-165702200.75511014	1
60755.69822531077	-165702200.75790858	1
60755.69832544983	-165702200.73817945	1
60755.69842555644	-165702200.74181503	1
60755.698525867374	-165702200.77311957	1
60755.69862588207	-165702200.77970845	1
60755.69872608886	-165702200.81602347	1
60755.69882638749	-165702200.7938965	1
60755.69892637919	-165702200.76479882	1
60755.69902665004	-165702200.81357443	1
60755.69912680908	-165702200.7402786	1
60755.699226876444	-165702200.75018442	1
60755.69932702412	-165702200.78206724	1
60755.699427277636	-165702200.78616875	1
60755.69952748532	-165702200.7750547	1
60755.699627567265	-165702200.81425273	1
60755.69972765992	-165702200.81503725	1
60755.69982787753	-165702200.76801294	1
60755.69992808705	-165702200.7458914	1
60755.700028162595	-165702200.7960366	1
60755.70012837253	-165702200.77604324	1
60755.70022855113	-165702200.8000791	1
60755.70032870881	-165702200.7915433	1
60755.700428800315	-165702200.79559404	1
60755.70052905826	-165702200.83824837	1
60755.70062914286	-165702200.81956375	1
60755.70072941108	-165702200.80955255	1
60755.70082947849	-165702200.80187327	1
60755.70092967907	-165702200.8213339	1
60755.701029849464	-165702200.7954741	1
60755.70112993207	-165702200.80419493	1
60755.70123012411	-165702200.80846494	1
60755.70133037923	-165702200.79468483	1
60755.701430399226	-165702200.8257206	1
60755.701530490776	-165702200.7937472	1
60755.70163077229	-165702200.7718107	1
60755.701730922374	-165702200.79055476	1
60755.70183111376	-165702200.73994386	1
60755.70193127688	-165702200.76017416	1
60755.702031399	-165702200.7444157	1
60755.702131524326	-165702200.75647467	1
60755.70223169409	-165702200.71515763	1
60755.70233193948	-165702200.72734648	1
60755.70243206413	-165702200.71154052	1
60755.70253216826	-165702200.71087247	1
60755.70263235718	-165702200.69694173	1
60755.70273259596	-165702200.68348676	1
60755.702832660376	-165702200.7159034	1
60755.702932900516	-165702200.7388246	1
60755.7030329376	-165702200.72048163	1
60755.70313322873	-165702200.70550472	1
60755.703233298984	-165702200.72326332	1
60755.70333344099	-165702200.70615953	1
60755.7034336878	-165702200.76261753	1
60755.70353385383	-165702200.6938582	1
60755.70363403304	-165702200.69143116	1
60755.70373421571	-165702200.7605821	1
60755.70383426802	-165702200.76513296	1
60755.703934483194	-165702200.72408372	1
60755.70403457915	-165702200.7404347	1
60755.70413474666	-165702200.76622564	1
60755.70423496185	-165702200.73593837	1
60755.70433512793	-165702200.74512136	1
60755.704435237836	-165702200.75074387	1
60755.70453539955	-165702200.77161247	1
60755.70463553278	-165702200.7782097	1
60755.70473569993	-165702200.77963132	1
60755.70483587484	-165702200.78454012	1
60755.70493604748	-165702200.79400063	1
60755.70503620922	-165702200.82930905	1
60755.705136356584	-165702200.846295	1
60755.70523648851	-165702200.8315435	1
60755.70533664981	-165702200.80907536	1
60755.7054369548	-165702200.81900334	1
60755.70553709779	-165702200.78336817	1
60755.70563718829	-165702200.74177676	1
60755.70573731051	-165702200.7937079	1
60755.70583752866	-165702200.78956044	1
60755.70593766538	-165702200.82715327	1
60755.70603780868	-165702200.77881503	1
60755.706137918256	-165702200.7592907	1
60755.70623808141	-165702200.7279364	1
60755.70633833088	-165702200.76744342	1
60755.70643849047	-165702200.74715996	1
60755.70653861489	-165702200.7526257	1
60755.706638727635	-165702200.7066716	1
60755.706738961366	-165702200.7233742	1
60755.706839094346	-165702200.76043218	1
60755.7069392516	-165702200.7132306	1
60755.70703937685	-165702200.7230606	1
60755.70713955392	-165702200.7677253	1
60755.70723969509	-165702200.76669943	1
60755.70733988486	-165702200.72545105	1
60755.70744004681	-165702200.74409145	1
60755.70754017153	-165702200.7618258	1
60755.707640352484	-165702200.76871336	1
60755.707740529906	-165702200.71957546	1
60755.707840701696	-165702200.75490165	1
60755.707940862376	-165702200.76181728	1
60755.70804107155	-165702200.75359732	1
60755.70814120171	-165702200.75428075	1
60755.70824133746	-165702200.75982153	1
60755.70834145759	-165702200.7439195	1
60755.70844166718	-165702200.7254805	1
60755.70854184966	-165702200.74361384	1
60755.70864194476	-165702200.7408706	1
60755.70874211787	-165702200.81199867	1
60755.7088422499	-165702200.74107027	1
60755.70894246891	-165702200.74629962	1
60755.7090426372	-165702200.76219237	1
60755.709142881424	-165702200.75440025	1
60755.709242929865	-165702200.726178	1
60755.70934316604	-165702200.74095768	1
60755.709443245636	-165702200.770661	1
60755.709543404155	-165702200.81389147	1
60755.709643538525	-165702200.7433086	1
60755.709743677966	-165702200.76378518	1
60755.70984388573	-165702200.7268467	1
60755.70994402601	-165702200.7688247	1
60755.710044215055	-165702200.7481792	1
60755.710144363686	-165702200.73294312	1
60755.710244532165	-165702200.7510816	1
60755.710344724255	-165702200.69603592	1
60755.71044487207	-165702200.71641535	1
60755.71054497844	-165702200.78301603	1
60755.710645157786	-165702200.74727726	1
60755.710745363765	-165702200.77184963	1
60755.71084549886	-165702200.739838	1
60755.71094561305	-165702200.75879252	1
60755.71104576215	-165702200.74665016	1
60755.71114604608	-165702200.80741042	1
60755.71124615283	-165702200.76118279	1
60755.71134628661	-165702200.79086792	1
60755.71144645261	-165702200.77627367	1
60755.71154662239	-165702200.7758152	1
60755.71164675044	-165702200.74608493	1
60755.71174698098	-165702200.7409519	1
60755.71184703958	-165702200.74377537	1
60755.711947217584	-165702200.72151756	1
60755.71204741178	-165702200.6982966	1
60755.71214760134	-165702200.69687015	1
60755.71224772154	-165702200.71545905	1
60755.71234788283	-165702200.7227906	1
60755.71244804125	-165702200.73297322	1
60755.71254822002	-165702200.75986397	1
60755.71264845414	-165702200.7775529	1
60755.712748553495	-165702200.73786807	1
60755.71284863777	-165702200.71041286	1
60755.71294882414	-165702200.77501237	1
60755.71304900121	-165702200.73584384	1
60755.71314921518	-165702200.74190027	1
60755.71324932269	-165702200.7355833	1
60755.71334953279	-165702200.77772892	1
60755.713449696756	-165702200.7994969	1
60755.713549819935	-165702200.75441426	1
60755.71364988764	-165702200.7727911	1
60755.71375022508	-165702200.73773378	1
60755.7138502917	-165702200.70059967	1
60755.713950485195	-165702200.73403972	1
60755.71405055009	-165702200.75382173	1
60755.71415078081	-165702200.71839732	1
60755.71425086386	-165702200.7472028	1
60755.714351124625	-165702200.752298	1
60755.71445129047	-165702200.7582391	1
60755.71455138169	-165702200.7781663	1
60755.714651516915	-165702200.8129812	1
60755.71475179732	-165702200.8014601	1
60755.71485181914	-165702200.78440416	1
60755.71495205303	-165702200.77830726	1
60755.71505223385	-165702200.77235824	1
60755.715152399665	-165702200.6922304	1
60755.71525244457	-165702200.6883508	1
60755.715352709594	-165702200.7176283	1
60755.71545286678	-165702200.70566612	1
60755.71555302629	-165702200.69507515	1
60755.71565312661	-165702200.72907418	1
60755.715753411656	-165702200.74219495	1
60755.71585341739	-165702200.71525306	1
60755.71595362512	-165702200.70027554	1
60755.71605387299	-165702200.72545046	1
60755.71615394674	-165702200.69931793	1
60755.71625409388	-165702200.7175297	1
60755.71635428818	-165702200.7267986	1
60755.71645444452	-165702200.69233763	1
60755.71655456515	-165702200.70687777	1
60755.716654790136	-165702200.70868772	1
60755.716754902256	-165702200.71680367	1
60755.716855066	-165702200.73319602	1
60755.71695522138	-165702200.70933956	1
60755.71705539906	-165702200.6959198	1
60755.71715553239	-165702200.7404378	1
60755.71725581039	-165702200.7258991	1
60755.717355881185	-165702200.74769068	1
60755.71745606962	-165702200.70162696	1
60755.717556173375	-165702200.73699307	1
60755.71765636529	-165702200.74118412	1
60755.71775652495	-165702200.7287501	1
60755.71785680442	-165702200.71709937	1
60755.71795688269	-165702200.7230295	1
60755.718056967184	-165702200.75303012	1
60755.71815722391	-165702200.72367543	1
60755.71825730437	-165702200.7127424	1
60755.71835744083	-165702200.72922415	1
60755.718457716626	-165702200.75275028	1
60755.71855783533	-165702200.7233109	1
60755.718657934136	-165702200.67109215	1
60755.71875803446	-165702200.73114437	1
60755.71885830893	-165702200.72438437	1
60755.718958499834	-165702200.67436355	1
60755.71905863905	-165702200.6771869	1
60755.719158732594	-165702200.65472567	1
60755.71925893544	-165702200.68365932	1
60755.71935910219	-165702200.72591424	1
60755.71945927796	-165702200.71083707	1
60755.71955941244	-165702200.66095406	1
60755.719659534785	-165702200.69810355	1
60755.7197597743	-165702200.68597496	1
60755.71985982026	-165702200.7074299	1
60755.71995997707	-165702200.71644646	1
60755.72006017054	-165702200.6898439	1
60755.720160426405	-165702200.7149005	1
60755.72026048433	-165702200.7182998	1
60755.72036063565	-165702200.67646408	1
60755.72046094086	-165702200.685439	1
60755.720560936206	-165702200.69413072	1
60755.72066116209	-165702200.6797849	1
60755.72076130815	-165702200.6879683	1
60755.7208614685	-165702200.68762946	1
60755.72096166338	-165702200.6784622	1
60755.721061839795	-165702200.67906606	1
60755.72116199768	-165702200.71089625	1
60755.72126212088	-165702200.72030818	1
60755.72136228347	-165702200.67234313	1
60755.72146243465	-165702200.66338223	1
60755.721562607556	-165702200.68358755	1
60755.7216627713	-165702200.69099742	1
60755.72176293664	-165702200.69432724	1
60755.72186311462	-165702200.66468358	1
60755.72196326383	-165702200.66313773	1
60755.72206340883	-165702200.6659013	1
60755.72216354934	-165702200.70399517	1
60755.72226368085	-165702200.70631105	1
60755.72236387157	-165702200.72566462	1
60755.7224640905	-165702200.73282284	1
60755.722564165	-165702200.74875528	1
60755.72266434983	-165702200.7659825	1
60755.72276459618	-165702200.72305673	1
60755.72286475258	-165702200.7460751	1
60755.72296486138	-165702200.73952413	1
60755.723064935526	-165702200.70324117	1
60755.72316518185	-165702200.71618658	1
60755.72326533566	-165702200.74919903	1
60755.723365513135	-165702200.70188814	1
60755.72346568477	-165702200.73251855	1
60755.723565794586	-165702200.71970093	1
60755.723665893944	-165702200.718404	1
60755.72376608791	-165702200.77790987	1
60755.72386627811	-165702200.7596193	1
60755.72396647531	-165702200.76789212	1
60755.72406663201	-165702200.73067164	1
60755.724166756154	-165702200.74292147	1
60755.7242669453	-165702200.77782857	1
60755.724367066774	-165702200.77426636	1
60755.72446718796	-165702200.73803836	1
60755.724567480676	-165702200.74748242	1
60755.72466754574	-165702200.73458242	1
60755.72476775926	-165702200.7486331	1
60755.72486787661	-165702200.74449855	1
60755.72496802009	-165702200.7479241	1
60755.72506821032	-165702200.75749618	1
60755.725168336074	-165702200.7556764	1
60755.72526855656	-165702200.73830938	1
60755.725368779706	-165702200.73898262	1
60755.725468949306	-165702200.7497595	1
60755.725568989255	-165702200.7173301	1
60755.725669237014	-165702200.7325459	1
60755.72576937911	-165702200.6785184	1
60755.72586943468	-165702200.75447768	1
60755.72596970624	-165702200.75736076	1
60755.72606982446	-165702200.727858	1
60755.72616997281	-165702200.6762504	1
60755.72627007733	-165702200.68461502	1
60755.726370313176	-165702200.6996286	1
60755.726470458634	-165702200.69010317	1
60755.72657066308	-165702200.70956725	1
60755.726670787495	-165702200.65458155	1
60755.726771028625	-165702200.66907352	1
60755.72687113758	-165702200.71131623	1
60755.726971267395	-165702200.73313916	1
60755.72707148013	-165702200.73444712	1
60755.7271716386	-165702200.73712915	1
60755.72727184317	-165702200.69003057	1
60755.72737198336	-165702200.67903262	1
60755.72747210643	-165702200.6868679	1
60755.727572199496	-165702200.66349024	1
60755.72767252974	-165702200.64469975	1
60755.7277726286	-165702200.70869452	1
60755.72787270759	-165702200.72341603	1
60755.727972948946	-165702200.7307108	1
60755.72807307548	-165702200.68194497	1
60755.72817322162	-165702200.70629597	1
60755.7282734279	-165702200.6833433	1
60755.72837364364	-165702200.6744091	1
60755.7284737219	-165702200.73191774	1
60755.7285738307	-165702200.7369036	1
60755.72867402052	-165702200.71444196	1
60755.72877412289	-165702200.70752835	1
60755.728874307424	-165702200.75614488	1
60755.72897461495	-165702200.73738247	1
60755.72907463671	-165702200.74044353	1
60755.7291748386	-165702200.70811033	1
60755.729275008576	-165702200.76547295	1
60755.72937511954	-165702200.76706105	1
60755.729475338376	-165702200.73504686	1
60755.729575470534	-165702200.70451003	1
60755.72967567568	-165702200.70798635	1
60755.72977579883	-165702200.6947747	1
60755.72987589552	-165702200.72595847	1
60755.7299761245	-165702200.7120176	1
60755.7300762862	-165702200.74939328	1
60755.73017646301	-165702200.74835205	1
60755.730276549475	-165702200.70431614	1
60755.730376713254	-165702200.74313664	1
60755.730476913835	-165702200.75906742	1
60755.730577111055	-165702200.7173941	1
60755.730677211024	-165702200.7264232	1
60755.730777460376	-165702200.73941308	1
60755.73087758881	-165702200.73676682	1
60755.730977679086	-165702200.70943522	1
60755.7310778277	-165702200.69782895	1
60755.73117809985	-165702200.75702238	1
60755.73127816089	-165702200.7439251	1
60755.731378450444	-165702200.7296183	1
60755.73147854407	-165702200.69890803	1
60755.731578659965	-165702200.73568386	1
60755.73167875567	-165702200.7261703	1
60755.73177890307	-165702200.72562838	1
60755.731879109546	-165702200.71087497	1
60755.73197926715	-165702200.73572987	1
60755.73207936102	-165702200.7443933	1
60755.73217952782	-165702200.75664663	1
60755.73227975269	-165702200.72703838	1
60755.7323798789	-165702200.69273227	1
60755.73248010854	-165702200.7202627	1
60755.732580270116	-165702200.72068316	1
60755.732680461966	-165702200.67274308	1
60755.7327805823	-165702200.66137236	1
60755.73288069578	-165702200.69215238	1
60755.73298090433	-165702200.71641022	1
60755.73308105635	-165702200.70520282	1
60755.733181182644	-165702200.6903807	1
60755.73328134079	-165702200.70505214	1
60755.73338152188	-165702200.6930343	1
60755.7334816982	-165702200.72858477	1
60755.7335819568	-165702200.70093036	1
60755.73368196767	-165702200.72526377	1
60755.73378209262	-165702200.72290802	1
60755.73388227792	-165702200.71255434	1
60755.733982509104	-165702200.71918267	1
60755.73408259626	-165702200.7363696	1
60755.734182855944	-165702200.6953575	1
60755.73428290524	-165702200.69457805	1
60755.73438318554	-165702200.7484628	1
60755.73448329369	-165702200.71902853	1
60755.73458342442	-165702200.7331828	1
60755.73468365798	-165702200.76563329	1
60755.734783840286	-165702200.72062838	1
60755.734883976715	-165702200.69855356	1
60755.7349841677	-165702200.75957716	1
60755.73508430338	-165702200.7561611	1
60755.73518445002	-165702200.78214252	1
60755.73528458308	-165702200.77954954	1
60755.73538487021	-165702200.7773512	1
60755.735484910554	-165702200.7526986	1
60755.73558508837	-165702200.73791063	1
60755.735685297055	-165702200.75308108	1
60755.73578546886	-165702200.7614972	1
60755.7358855594	-165702200.80044305	1
60755.73598573936	-165702200.7497598	1
60755.736085859855	-165702200.73246992	1
60755.73618601288	-165702200.75419998	1
60755.736286216496	-165702200.728503	1
60755.73638645735	-165702200.7155884	1
60755.736486559465	-165702200.74841595	1
60755.736586797364	-165702200.7696613	1
60755.7366868176	-165702200.7368914	1
60755.73678699447	-165702200.71789926	1
60755.73688718541	-165702200.7567339	1
60755.736987350894	-165702200.7292698	1
60755.7370874602	-165702200.7154234	1
60755.737187698214	-165702200.7579193	1
60755.737287838114	-165702200.73952204	1
60755.73738790155	-165702200.73253012	1
60755.73748811742	-165702200.68971783	1
60755.73758829972	-165702200.660955	1
60755.73768843159	-165702200.679563	1
60755.7377885696	-165702200.76924843	1
60755.73788874243	-165702200.72153008	1
60755.737988902954	-165702200.7418334	1
60755.73808911569	-165702200.75272638	1
60755.738189255375	-165702200.74893445	1
60755.73828941046	-165702200.76467294	1
60755.738389527134	-165702200.7584107	1
60755.738489658426	-165702200.69500136	1
60755.73858986973	-165702200.66492528	1
60755.73869000114	-165702200.6717453	1
60755.73879020518	-165702200.66084045	1
60755.73889037048	-165702200.68190843	1
60755.7389904858	-165702200.70951313	1
60755.73909068929	-165702200.70212883	1
60755.739190915905	-165702200.71350765	1
60755.73929101505	-165702200.7013185	1
60755.73939117698	-165702200.7126419	1
60755.73949127331	-165702200.69328177	1
60755.73959146551	-165702200.69565248	1
60755.73969170114	-165702200.67741758	1
60755.73979183726	-165702200.7371331	1
60755.73989190095	-165702200.71586996	1
60755.7399921762	-165702200.7348194	1
60755.740092287735	-165702200.77176803	1
60755.74019254602	-165702200.71415836	1
60755.740292649614	-165702200.69308937	1
60755.74039282745	-165702200.74047714	1
60755.74049292007	-165702200.7184419	1
60755.740593092	-165702200.7047879	1
60755.74069333767	-165702200.71028197	1
60755.74079345482	-165702200.65455288	1
60755.74089357383	-165702200.68011564	1
60755.74099373542	-165702200.70760894	1
60755.741093888006	-165702200.7154581	1
60755.74119404085	-165702200.73062688	1
60755.74129418268	-165702200.66688156	1
60755.7413943695	-165702200.6703176	1
60755.74149451433	-165702200.67938352	1
60755.74159467281	-165702200.70397806	1
60755.7416949441	-165702200.74251503	1
60755.74179514064	-165702200.75292075	1
60755.741895262516	-165702200.73397368	1
60755.741995350916	-165702200.76940924	1
60755.74209550628	-165702200.76004177	1
60755.74219567771	-165702200.70823288	1
60755.742295783355	-165702200.71737707	1
60755.74239595874	-165702200.7102571	1
60755.742496161794	-165702200.65000993	1
60755.74259630065	-165702200.70728308	1
60755.74269651218	-165702200.70402575	1
60755.742796680504	-165702200.71769857	1
60755.74289674891	-165702200.70950353	1
60755.742997031855	-165702200.68736207	1
60755.74309709786	-165702200.71434426	1
60755.74319728754	-165702200.6722209	1
60755.74329754017	-165702200.70349687	1
60755.743397648635	-165702200.7132612	1
60755.7434977264	-165702200.70660895	1
60755.743597853005	-165702200.677262	1
60755.7436981346	-165702200.69924992	1
60755.74379824125	-165702200.70134175	1
60755.743898357374	-165702200.68497986	1
60755.7439985875	-165702200.67519408	1
60755.74409869373	-165702200.64469504	1
60755.74419882445	-165702200.64845824	1
60755.74429901056	-165702200.6584224	1
60755.74439911129	-165702200.68204248	1
60755.74449939633	-165702200.68948781	1
60755.744599471735	-165702200.68616152	1
60755.744699700255	-165702200.69145513	1
60755.744799878565	-165702200.68369436	1
60755.74490003433	-165702200.69136357	1
60755.745000136754	-165702200.6682617	1
60755.7451002778	-165702200.72296053	1
60755.74520043222	-165702200.67583907	1
60755.74530061557	-165702200.7196626	1
60755.74540081167	-165702200.70408958	1
60755.74550092483	-165702200.70916158	1
60755.745601108734	-165702200.69159544	1
60755.745701235486	-165702200.66550016	1
60755.745801443554	-165702200.67686826	1
60755.74590161944	-165702200.66587567	1
60755.746001805725	-165702200.68423784	1
60755.74610193931	-165702200.62224323	1
60755.74620209984	-165702200.64355308	1
60755.74630226823	-165702200.60972	1
60755.74640242245	-165702200.6317951	1
60755.746502562084	-165702200.6211388	1
60755.74660270501	-165702200.59797734	1
60755.74670292893	-165702200.62024277	1
60755.746802966176	-165702200.6060356	1
60755.74690319222	-165702200.5963729	1
60755.74700339214	-165702200.67015868	1
60755.74710355786	-165702200.64868957	1
60755.74720364431	-165702200.63787657	1
60755.747303816606	-165702200.65991879	1
60755.74740401151	-165702200.6296286	1
60755.74750415456	-165702200.66236883	1
60755.74760430555	-165702200.69840717	1
60755.74770453153	-165702200.6717413	1
60755.74780472149	-165702200.68560654	1
60755.74790479505	-165702200.71919072	1
60755.74800502204	-165702200.72359508	1
60755.74810513453	-165702200.6827005	1
60755.748205264645	-165702200.71685553	1
60755.748305450245	-165702200.77224803	1
60755.74840562218	-165702200.75248092	1
60755.74850583811	-165702200.7363578	1
60755.74860588531	-165702200.74268687	1
60755.74870606467	-165702200.74616867	1
60755.74880622377	-165702200.73884994	1
60755.748906384724	-165702200.74791014	1
60755.74900654433	-165702200.71593374	1
60755.74910678806	-165702200.71592605	1
60755.7492068317	-165702200.72048032	1
60755.74930705656	-165702200.71112913	1
60755.74940713518	-165702200.75762725	1
60755.749507382614	-165702200.7298199	1
60755.74960750947	-165702200.7410785	1
60755.749707682364	-165702200.7342741	1
60755.749807912754	-165702200.70305842	1
60755.74990798811	-165702200.67859888	1
60755.7500082054	-165702200.67652857	1
60755.75010830926	-165702200.6791662	1
60755.750208528494	-165702200.67938673	1
60755.75030867298	-165702200.69295442	1
60755.750408821455	-165702200.65782017	1
60755.75050893971	-165702200.67252672	1
60755.750609190334	-165702200.68035918	1
60755.750709254164	-165702200.72533143	1
60755.750809442216	-165702200.70007378	1
60755.750909549206	-165702200.69592893	1
60755.751009802225	-165702200.70077074	1
60755.75110987851	-165702200.68497276	1
60755.75121017619	-165702200.67050892	1
60755.751310260566	-165702200.6971323	1
60755.751410399156	-165702200.67746025	1
60755.751510600625	-165702200.67171204	1
60755.75161077593	-165702200.72542548	1
60755.75171088445	-165702200.7034303	1
60755.75181112035	-165702200.6580829	1
60755.75191120471	-165702200.64799708	1
60755.7520114253	-165702200.70047575	1
60755.752111475806	-165702200.71614808	1
60755.752211692874	-165702200.67570907	1
60755.75231187662	-165702200.65278757	1
60755.752412043534	-165702200.67254293	1
60755.75251220735	-165702200.66812104	1
60755.75261231211	-165702200.707429	1
60755.752712525355	-165702200.66206622	1
60755.75281261702	-165702200.70764738	1
60755.75291280734	-165702200.6944636	1
60755.75301297383	-165702200.67204446	1
60755.75311320116	-165702200.69381827	1
60755.75321329205	-165702200.70746332	1
60755.75331348479	-165702200.70543134	1
60755.75341357003	-165702200.69880158	1
60755.753513765434	-165702200.68194073	1
60755.753613918736	-165702200.6990894	1
60755.75371411425	-165702200.7258867	1
60755.753814239586	-165702200.692033	1
60755.75391448553	-165702200.67189485	1
60755.75401454598	-165702200.67355418	1
60755.75411480143	-165702200.6987992	1
60755.754214892426	-165702200.7162754	1
60755.75431507085	-165702200.68601155	1
60755.75441523583	-165702200.7029633	1
60755.75451543125	-165702200.68986332	1
60755.75461557948	-165702200.71216756	1
60755.75471571774	-165702200.670775	1
60755.75481585146	-165702200.66121256	1
60755.75491598086	-165702200.65896457	1
60755.75501621074	-165702200.67956614	1
60755.755116318185	-165702200.6404453	1
60755.755216479345	-165702200.60202605	1
60755.755316667186	-165702200.60254508	1
60755.75541681028	-165702200.67664897	1
60755.75551688649	-165702200.62507242	1
60755.75561720341	-165702200.6114819	1
60755.755717343854	-165702200.61926025	1
60755.75581741604	-165702200.59962034	1
60755.75591761961	-165702200.68064404	1
60755.756017828826	-165702200.68266946	1
60755.75611795925	-165702200.66976887	1
60755.75621817357	-165702200.68503243	1
60755.756318263324	-165702200.69424158	1
60755.75641846977	-165702200.68294555	1
60755.756518519076	-165702200.6646995	1
60755.75661878267	-165702200.66941196	1
60755.7567189299	-165702200.6528089	1
60755.756819085684	-165702200.66879684	1
60755.75691928668	-165702200.64792138	1
60755.75701944587	-165702200.68789005	1
60755.75711958137	-165702200.65825117	1
60755.75721972888	-165702200.6356094	1
60755.75731990477	-165702200.6309501	1
60755.75742004467	-165702200.6444015	1
60755.757520250976	-165702200.69697005	1
60755.757620302735	-165702200.70601618	1
60755.75772046098	-165702200.72998714	1
60755.75782070351	-165702200.73615718	1
60755.75792083034	-165702200.69443333	1
60755.75802102988	-165702200.70494646	1
60755.75812114724	-165702200.71806747	1
60755.75822133078	-165702200.69691092	1
60755.75832142287	-165702200.65857905	1
60755.758421579565	-165702200.67164958	1
60755.75852174259	-165702200.68389875	1
60755.758621929526	-165702200.69818288	1
60755.75872218666	-165702200.69075435	1
60755.75882227572	-165702200.67789847	1
60755.75892245392	-165702200.75393957	1
60755.75902257058	-165702200.73419094	1
60755.759122776544	-165702200.72954214	1
60755.75922292797	-165702200.73488677	1
60755.75932307153	-165702200.75910145	1
60755.75942330381	-165702200.7584374	1
60755.75952335429	-165702200.770778	1
60755.75962366467	-165702200.77097112	1
60755.75972370408	-165702200.71944588	1
60755.75982388694	-165702200.7387659	1
60755.75992404764	-165702200.72935402	1
60755.76002418899	-165702200.72478813	1
60755.76012432792	-165702200.72296184	1
60755.760224536425	-165702200.7087496	1
60755.760324614326	-165702200.7352966	1
60755.76042483454	-165702200.6942675	1
60755.76052500662	-165702200.72579968	1
60755.76062516574	-165702200.71973985	1
60755.76072526883	-165702200.71572244	1
60755.76082542396	-165702200.67410445	1
60755.76092562282	-165702200.6945672	1
60755.761025764834	-165702200.73483223	1
60755.76112589292	-165702200.7291839	1
60755.761226196126	-165702200.67914927	1
60755.761326212494	-165702200.6727339	1
60755.76142644402	-165702200.66698706	1
60755.76152664007	-165702200.6632858	1
60755.76162680372	-165702200.6964277	1
60755.76172694586	-165702200.65200794	1
60755.76182704301	-165702200.68601316	1
60755.76192724585	-165702200.6497777	1
60755.76202737477	-165702200.68424088	1
60755.76212753911	-165702200.6985696	1
60755.762227650746	-165702200.69324005	1
60755.762327936645	-165702200.703874	1
60755.762428009955	-165702200.73348778	1
60755.762528221356	-165702200.75501323	1
60755.76262830727	-165702200.74278873	1
60755.76272852999	-165702200.7158897	1
60755.762828702114	-165702200.71789998	1
60755.76292880645	-165702200.71320468	1
60755.76302897677	-165702200.76247442	1
60755.763129189676	-165702200.72403073	1
60755.76322931825	-165702200.78827184	1
60755.76332948491	-165702200.73978186	1
60755.76342959694	-165702200.78085113	1
60755.76352973994	-165702200.76472443	1
60755.76362999146	-165702200.7370773	1
60755.763730134866	-165702200.7128399	1
60755.76383030807	-165702200.68729848	1
60755.76393048488	-165702200.6962372	1
60755.764030601975	-165702200.6964848	1
60755.764130778276	-165702200.7048058	1
60755.764230907334	-165702200.7003736	1
60755.76433108919	-165702200.6983056	1
60755.76443117513	-165702200.7086863	1
60755.76453137904	-165702200.73638052	1
60755.76463153059	-165702200.7555099	1
60755.76473163008	-165702200.74914408	1
60755.76483191465	-165702200.7518559	1
60755.764932004975	-165702200.74945694	1
60755.765032215604	-165702200.74125266	1
60755.76513239978	-165702200.74803376	1
60755.76523252136	-165702200.69652224	1
60755.76533269214	-165702200.73066282	1
60755.76543287472	-165702200.70728958	1
60755.76553307405	-165702200.73151374	1
60755.76563317563	-165702200.68956292	1
60755.76573325681	-165702200.68870598	1
60755.76583353648	-165702200.6870619	1
60755.76593359498	-165702200.6645174	1
60755.76603383	-165702200.65089947	1
60755.766133972546	-165702200.63566178	1
60755.76623412553	-165702200.69260073	1
60755.76633431402	-165702200.67972332	1
60755.766434435594	-165702200.6842997	1
60755.76653457801	-165702200.68300688	1
60755.76663474913	-165702200.69289654	1
60755.76673495918	-165702200.72388536	1
60755.766835141476	-165702200.7455749	1
60755.76693527593	-165702200.70983762	1
60755.76703534624	-165702200.7167788	1
60755.76713547327	-165702200.70824957	1
60755.767235741616	-165702200.69854063	1
60755.76733591099	-165702200.66657412	1
60755.7674359923	-165702200.70311576	1
60755.76753616849	-165702200.70611054	1
60755.76763638227	-165702200.6587268	1
60755.767736491696	-165702200.68774372	1
60755.76783662821	-165702200.70166492	1
60755.767936914635	-165702200.6958238	1
60755.76803700832	-165702200.71040273	1
60755.76813719192	-165702200.71981108	1
60755.76823734404	-165702200.7289405	1
60755.76833745848	-165702200.6761651	1
60755.768437614	-165702200.7149284	1
60755.768537813194	-165702200.68757266	1
60755.76863796646	-165702200.68044686	1
60755.7687381112	-165702200.68822783	1
60755.768838264776	-165702200.66719812	1
60755.76893842145	-165702200.71590883	1
60755.7690386489	-165702200.73782426	1
60755.769138735304	-165702200.71671844	1
60755.76923898881	-165702200.7341643	1
60755.769339077415	-165702200.71834326	1
60755.76943935338	-165702200.72601193	1
60755.76953940094	-165702200.73572809	1
60755.76963961073	-165702200.72127777	1
60755.76973974558	-165702200.67478108	1
60755.76983983929	-165702200.67033243	1
60755.76994010907	-165702200.6707453	1
60755.77004024244	-165702200.61678064	1
60755.77014033976	-165702200.68492877	1
60755.770240526384	-165702200.69116604	1
60755.77034072005	-165702200.7334925	1
60755.77044088667	-165702200.70545834	1
60755.770541023856	-165702200.72157997	1
60755.770641112285	-165702200.70003343	1
60755.77074132159	-165702200.69976914	1
60755.77084155493	-165702200.67664236	1
60755.77094171689	-165702200.70146865	1
60755.7710418076	-165702200.72119164	1
60755.77114200221	-165702200.71807903	1
60755.77124210448	-165702200.70278144	1
60755.771342363354	-165702200.68892682	1
60755.771442448815	-165702200.72084558	1
60755.77154261171	-165702200.69670624	1
60755.771642786436	-165702200.70506954	1
60755.77174290223	-165702200.6830185	1
60755.77184316693	-165702200.70700806	1
60755.771943276784	-165702200.70208615	1
60755.77204343608	-165702200.67956907	1
60755.77214353691	-165702200.6865695	1
60755.772243750696	-165702200.67941976	1
60755.77234390322	-165702200.68888897	1
60755.77244412218	-165702200.66982818	1
60755.7725441759	-165702200.66332376	1
60755.772644447155	-165702200.70810664	1
60755.77274455417	-165702200.7412734	1
60755.772844718835	-165702200.70640755	1
60755.77294480386	-165702200.73255336	1
60755.773045082424	-165702200.73537093	1
60755.77314506129	-165702200.75971943	1
60755.77324535458	-165702200.74352503	1
60755.77334548669	-165702200.71479654	1
60755.773445631545	-165702200.6678759	1
60755.773545831704	-165702200.6662066	1
60755.77364595201	-165702200.65485984	1
60755.77374622348	-165702200.63565743	1
60755.773846320895	-165702200.67290658	1
60755.773946431116	-165702200.60475916	1
60755.77404663101	-165702200.63985282	1
60755.774146806965	-165702200.65831745	1
60755.774246991576	-165702200.68334788	1
60755.774347086466	-165702200.61934698	1
60755.774447227224	-165702200.6207047	1
60755.77454747043	-165702200.62536532	1
60755.77464757632	-165702200.6212886	1
60755.77474775959	-165702200.6170138	1
60755.77484794546	-165702200.63336736	1
60755.77494811505	-165702200.65810823	1
60755.775048193194	-165702200.64659816	1
60755.77514835166	-165702200.62791848	1
60755.77524858626	-165702200.6093669	1
60755.77534869276	-165702200.62215894	1
60755.77544882798	-165702200.6147164	1
60755.775548991	-165702200.63981664	1
60755.77564921718	-165702200.62232953	1
60755.77574936959	-165702200.64440525	1
60755.77584951453	-165702200.60164607	1
60755.775949626055	-165702200.61076427	1
60755.77604980298	-165702200.6435107	1
60755.77614993662	-165702200.62647492	1
60755.77625012256	-165702200.62763208	1
60755.77635027687	-165702200.60134548	1
60755.77645047421	-165702200.59374225	1
60755.77655065069	-165702200.64634478	1
60755.77665077777	-165702200.6121753	1
60755.776750934296	-165702200.64086634	1
60755.77685102746	-165702200.71441692	1
60755.77695124802	-165702200.67238104	1
60755.77705138082	-165702200.69435012	1
60755.77715156229	-165702200.66079146	1
60755.77725173313	-165702200.64237636	1
60755.77735192003	-165702200.64358342	1
60755.77745205993	-165702200.66013366	1
60755.77755224207	-165702200.6593457	1
60755.77765235055	-165702200.66789842	1
60755.77775256353	-165702200.65543497	1
60755.77785269269	-165702200.6386519	1
60755.77795285884	-165702200.61468452	1
60755.77805304671	-165702200.63737607	1
60755.778153177394	-165702200.60775954	1
60755.77825327961	-165702200.65930283	1
60755.77835350158	-165702200.6250581	1
60755.778453650906	-165702200.65955907	1
60755.77855381334	-165702200.69541413	1
60755.7786539983	-165702200.66725695	1
60755.778754155224	-165702200.65561515	1
60755.77885429523	-165702200.6779425	1
60755.77895452981	-165702200.64639908	1
60755.77905463448	-165702200.66611284	1
60755.779154792326	-165702200.61012483	1
60755.77925497746	-165702200.6205982	1
60755.77935508819	-165702200.6335898	1
60755.77945532587	-165702200.65670848	1
60755.779555402034	-165702200.61775225	1
60755.77965561598	-165702200.65518123	1
60755.779755729985	-165702200.65791482	1
60755.77985589161	-165702200.65648562	1
60755.7799560198	-165702200.67908895	1
60755.780056222124	-165702200.64651704	1
60755.78015629153	-165702200.65156192	1
60755.780256565566	-165702200.61143738	1
60755.780356761774	-165702200.62970626	1
60755.780456874636	-165702200.6373297	1
60755.780557057864	-165702200.61379272	1
60755.78065719425	-165702200.63649517	1
60755.7807573817	-165702200.67438596	1
60755.78085746483	-165702200.64112097	1
60755.780957569106	-165702200.65319276	1
60755.78105780746	-165702200.64293087	1
60755.78115801521	-165702200.70439333	1
60755.78125814515	-165702200.68732655	1
60755.781358305234	-165702200.67986965	1
60755.78145851102	-165702200.64840692	1
60755.78155861695	-165702200.66514683	1
60755.78165877689	-165702200.68227345	1
60755.78175898972	-165702200.6553287	1
60755.78185914458	-165702200.65765685	1
60755.78195930609	-165702200.68932807	1
60755.78205948612	-165702200.67120695	1
60755.782159635564	-165702200.68461895	1
60755.78225969066	-165702200.65612322	1
60755.782359941884	-165702200.66686112	1
60755.782460075	-165702200.6692301	1
60755.782560173175	-165702200.69158173	1
60755.78266036994	-165702200.68122226	1
60755.78276051497	-165702200.6811062	1
60755.78286068451	-165702200.68214893	1
60755.78296080281	-165702200.64760554	1
60755.78306100329	-165702200.60342383	1
60755.78316123039	-165702200.63012534	1
60755.783261343415	-165702200.5719599	1
60755.78336156156	-165702200.601362	1
60755.783461596104	-165702200.58743584	1
60755.78356187859	-165702200.5745014	1
60755.78366202146	-165702200.63397598	1
60755.7837621013	-165702200.5933699	1
60755.78386229529	-165702200.63686758	1
60755.78396259353	-165702200.65556657	1
60755.78406265447	-165702200.65556812	1
60755.78416290094	-165702200.66775644	1
60755.78426295788	-165702200.63385135	1
60755.78436303731	-165702200.63355672	1
60755.78446332353	-165702200.63521945	1
60755.784563446876	-165702200.63780695	1
60755.7846635897	-165702200.62970257	1
60755.78476374444	-165702200.59769338	1
60755.78486393088	-165702200.62549704	1
60755.78496408876	-165702200.6682341	1
60755.78506425625	-165702200.63939077	1
60755.78516438003	-165702200.63497126	1
60755.78526454847	-165702200.65919727	1
60755.78536469932	-165702200.7105478	1
60755.785464901965	-165702200.66898614	1
60755.78556504513	-165702200.67182952	1
60755.78566523999	-165702200.69690096	1
60755.7857653347	-165702200.6582545	1
60755.78586553794	-165702200.657323	1
60755.78596570309	-165702200.68791777	1
60755.78606589201	-165702200.6619336	1
60755.78616594512	-165702200.6166641	1
60755.78626609819	-165702200.6595205	1
60755.78636635374	-165702200.651942	1
60755.78646646019	-165702200.67410588	1
60755.78656664292	-165702200.60468596	1
60755.786666829474	-165702200.64934242	1
60755.78676696205	-165702200.6621368	1
60755.786867113566	-165702200.6504954	1
60755.78696727267	-165702200.61667216	1
60755.78706745736	-165702200.60848188	1
60755.78716757653	-165702200.5854748	1
60755.78726776632	-165702200.56317395	1
60755.78736797953	-165702200.59445322	1
60755.78746805799	-165702200.612018	1
60755.78756829253	-165702200.61808938	1
60755.78766837966	-165702200.61678356	1
60755.787768572976	-165702200.60452235	1
60755.787868776926	-165702200.6123708	1
60755.78796887301	-165702200.58803785	1
60755.788069026836	-165702200.5865636	1
60755.788169167914	-165702200.6013822	1
60755.78826936171	-165702200.58868432	1
60755.788369553935	-165702200.5874473	1
60755.788469648876	-165702200.55813718	1
60755.78856986431	-165702200.57468557	1
60755.78867001343	-165702200.61528474	1
60755.78877012695	-165702200.61277193	1
60755.788870374636	-165702200.61905438	1
60755.788970477064	-165702200.6211102	1
60755.78907066114	-165702200.6531989	1
60755.78917081165	-165702200.62933505	1
60755.78927093764	-165702200.5811488	1
60755.78937114391	-165702200.6304506	1
60755.789471282354	-165702200.60138488	1
60755.7895714925	-165702200.64785516	1
60755.789671555474	-165702200.60952693	1
60755.78977179661	-165702200.60257542	1
60755.789871959	-165702200.62246525	1
60755.789972127255	-165702200.6237883	1
60755.79007216672	-165702200.57401502	1
60755.7901723875	-165702200.64508945	1
60755.79027250449	-165702200.62036628	1
60755.790372748226	-165702200.58235216	1
60755.79047291835	-165702200.6066748	1
60755.79057308394	-165702200.64157403	1
60755.79067328868	-165702200.60079688	1
60755.790773298824	-165702200.56998038	1
60755.79087347143	-165702200.60173213	1
60755.790973677285	-165702200.62385756	1
60755.79107384427	-165702200.6129387	1
60755.79117401084	-165702200.57452422	1
60755.79127413996	-165702200.57594615	1
60755.79137436565	-165702200.60096377	1
60755.79147446339	-165702200.57946897	1
60755.79157466481	-165702200.56416798	1
60755.791674773835	-165702200.56466216	1
60755.79177495967	-165702200.56975043	1
60755.79187512238	-165702200.5369045	1
60755.79197524563	-165702200.53766257	1
60755.79207545482	-165702200.53791416	1
60755.792175591196	-165702200.54913503	1
60755.792275748536	-165702200.58779037	1
60755.79237592232	-165702200.5934161	1
60755.79247602119	-165702200.59220105	1
60755.79257622112	-165702200.56790805	1
60755.79267646403	-165702200.54457927	1
60755.79277661912	-165702200.5381878	1
60755.79287676713	-165702200.58713114	1
60755.79297679227	-165702200.54409826	1
60755.793077029404	-165702200.52563584	1
60755.79317721827	-165702200.49563837	1
60755.79327733086	-165702200.6001358	1
60755.79337754557	-165702200.62659174	1
60755.793477692925	-165702200.5843438	1
60755.793577809585	-165702200.58485353	1
60755.79367801328	-165702200.6156708	1
60755.79377820555	-165702200.63462633	1
60755.793878295604	-165702200.61646795	1
60755.79397849635	-165702200.56508756	1
60755.79407863292	-165702200.61646992	1
60755.794178808545	-165702200.60481	1
60755.794278969115	-165702200.63409543	1
60755.79437910714	-165702200.57018912	1
60755.7944792322	-165702200.63216937	1
60755.794579456066	-165702200.6065513	1
60755.794679566745	-165702200.6047055	1
60755.79477973954	-165702200.60159403	1
60755.79487996342	-165702200.57283837	1
60755.794980016675	-165702200.54958516	1
60755.795080192525	-165702200.56063288	1
60755.79518039543	-165702200.58133	1
60755.79528062838	-165702200.5579154	1
60755.795380706186	-165702200.56387383	1
60755.795480904875	-165702200.5392574	1
60755.79558108627	-165702200.56831437	1
60755.795681152704	-165702200.60749108	1
60755.795781341476	-165702200.57036638	1
60755.79588161996	-165702200.5456251	1
60755.79598170817	-165702200.54068094	1
60755.7960818422	-165702200.560584	1
60755.79618196449	-165702200.56990403	1
60755.796282197225	-165702200.60496718	1
60755.79638236241	-165702200.60843587	1
60755.79648248863	-165702200.57024395	1
60755.79658264944	-165702200.5471292	1
60755.79668280028	-165702200.5755726	1
60755.79678296952	-165702200.53757906	1
60755.79688308393	-165702200.54973173	1
60755.79698329356	-165702200.5712077	1
60755.79708347255	-165702200.5559922	1
60755.797183570816	-165702200.54410022	1
60755.797283811524	-165702200.54394245	1
60755.797383981146	-165702200.5461768	1
60755.79748411874	-165702200.56818324	1
60755.797584249995	-165702200.5925513	1
60755.79768434351	-165702200.56440914	1
60755.79778464409	-165702200.60042226	1
60755.797884729705	-165702200.5598216	1
60755.797984864184	-165702200.5620587	1
60755.79808509837	-165702200.56515008	1
60755.79818527644	-165702200.57426858	1
60755.79828539255	-165702200.608118	1
60755.79838551282	-165702200.54981792	1
60755.79848575811	-165702200.5632093	1
60755.79858582924	-165702200.6003424	1
60755.79868605406	-165702200.58060336	1
60755.79878612269	-165702200.5587163	1
60755.798886394005	-165702200.58818048	1
60755.79898646609	-165702200.56778944	1
60755.799086690065	-165702200.5426106	1
60755.79918686592	-165702200.5925498	1
60755.79928694448	-165702200.56872928	1
60755.799387135135	-165702200.54793864	1
60755.79948731703	-165702200.6055827	1
60755.7995874439	-165702200.60438788	1
60755.79968765484	-165702200.56985098	1
60755.799787771444	-165702200.58431363	1
60755.799887981004	-165702200.6124437	1
60755.79998818651	-165702200.60990667	1
60755.80008821816	-165702200.58371162	1
60755.80018853327	-165702200.5876395	1
60755.800288603066	-165702200.60151368	1
60755.80038875232	-165702200.58507603	1
60755.80048894906	-165702200.60073	1
60755.8005890466	-165702200.61286163	1
60755.80068928369	-165702200.561122	1
60755.80078934888	-165702200.60372132	1
60755.80088962502	-165702200.61884397	1
60755.80098967815	-165702200.60597426	1
60755.80108981287	-165702200.60800463	1
60755.80118998924	-165702200.6115749	1
60755.801290127754	-165702200.57045025	1
60755.801390393164	-165702200.56258535	1
60755.80149050955	-165702200.59265053	1
60755.80159065804	-165702200.572609	1
60755.8016907999	-165702200.55426407	1
60755.801790920246	-165702200.54307455	1
60755.801891146024	-165702200.57335973	1
60755.801991243454	-165702200.59903127	1
60755.802091425714	-165702200.5411296	1
60755.80219155218	-165702200.58468515	1
60755.80229177634	-165702200.61143398	1
60755.80239191403	-165702200.59522134	1
60755.802492109025	-165702200.531568	1
60755.80259233375	-165702200.54767412	1
60755.80269238778	-165702200.59063077	1
60755.80279260784	-165702200.54541153	1
60755.80289266952	-165702200.55147803	1
60755.80299287426	-165702200.53698272	1
60755.80309310463	-165702200.53400552	1
60755.80319322454	-165702200.55231392	1
60755.803293391	-165702200.5476001	1
60755.803518640256	-165702200.57507718	1
60755.80361883457	-165702200.61860406	1
60755.803718912604	-165702200.5752507	1
60755.80381900816	-165702200.5705313	1
60755.80391920183	-165702200.57458133	1
60755.804019409115	-165702200.55596894	1
60755.80411955153	-165702200.55973005	1
60755.80421977235	-165702200.5258025	1
60755.80431993618	-165702200.54396445	1
60755.80464528716	-165702200.59428042	1
60755.804745413065	-165702200.57122076	1
60755.804845577724	-165702200.52339816	1
60755.804945770666	-165702200.49786925	1
60755.80504594681	-165702200.55989224	1
60755.80514611136	-165702200.55147105	1
60755.80524625594	-165702200.54530555	1
60755.805346426154	-165702200.5515234	1
60755.80544657659	-165702200.58649182	1
60755.805546738804	-165702200.56151778	1
60755.805646929184	-165702200.4980979	1
60755.805747100705	-165702200.48703903	1
60755.80584722255	-165702200.5528838	1
60755.80594739278	-165702200.5277213	1
60755.80604750728	-165702200.52153152	1
60755.806147724754	-165702200.49804872	1
60755.80624788882	-165702200.51410395	1
60755.80634798008	-165702200.5532199	1
60755.80644819295	-165702200.5508275	1
60755.80654834901	-165702200.52059138	1
60755.80664855341	-165702200.5543729	1
60755.80674860013	-165702200.53840446	1
60755.806848790795	-165702200.56182665	1
60755.80694897851	-165702200.52722156	1
60755.80704907187	-165702200.5245757	1
60755.80714929038	-165702200.5331241	1
60755.807249426965	-165702200.55343515	1
60755.807349661685	-165702200.58225513	1
60755.80744981411	-165702200.58477157	1
60755.80754994121	-165702200.5748452	1
60755.80765009617	-165702200.62716037	1
60755.80775025982	-165702200.6082887	1
60755.80785043568	-165702200.58785528	1
60755.807950570954	-165702200.5627194	1
60755.80805075164	-165702200.54139578	1
60755.808150903955	-165702200.56568033	1
60755.80825101857	-165702200.56944126	1
60755.80835119849	-165702200.60262948	1
60755.80845139202	-165702200.56594002	1
60755.80855155833	-165702200.5861407	1
60755.808651679145	-165702200.55792034	1
60755.80875187227	-165702200.5723251	1
60755.80885201527	-165702200.5634942	1
60755.808952148924	-165702200.57139295	1
60755.80905233811	-165702200.58006883	1
60755.80915244565	-165702200.56183952	1
60755.80925255994	-165702200.57806832	1
60755.80935287348	-165702200.54012293	1
60755.80945297722	-165702200.53310204	1
60755.809553120984	-165702200.53907615	1
60755.80965337149	-165702200.52935672	1
60755.80975343706	-165702200.53599912	1
60755.80985358894	-165702200.45923215	1
60755.8099537971	-165702200.52606314	1
60755.81005391827	-165702200.54534662	1
60755.8101541302	-165702200.5193786	1
60755.81037934936	-165702200.53617007	1
60755.81047951586	-165702200.5512222	1
60755.810579608384	-165702200.5745777	1
60755.81067981807	-165702200.5351135	1
60755.81077994488	-165702200.5744654	1
60755.810880085184	-165702200.63549423	1
60755.81098028913	-165702200.60599548	1
60755.81108045927	-165702200.57297593	1
60755.81118058079	-165702200.56491768	1
60755.81128071179	-165702200.54379928	1
60755.81138093184	-165702200.59369248	1
60755.81148109362	-165702200.56409895	1
60755.811581211914	-165702200.55179948	1
60755.8116814399	-165702200.5399847	1
60755.811781597455	-165702200.56186163	1
60755.81188173209	-165702200.59959507	1
60755.81198194311	-165702200.59865403	1
60755.81208209796	-165702200.5626052	1
60755.81218227704	-165702200.5811764	1
60755.81228243426	-165702200.5784856	1
60755.812382604294	-165702200.52804446	1
60755.81248272523	-165702200.52651274	1
60755.812582867446	-165702200.56771278	1
60755.81268301015	-165702200.50809455	1
60755.81278318595	-165702200.5243525	1
60755.81288333356	-165702200.58486098	1
60755.81298352536	-165702200.51015824	1
60755.8130836889	-165702200.52279848	1
60755.8131838112	-165702200.53631407	1
60755.81328399977	-165702200.5164047	1
60755.81338417417	-165702200.51440322	1
60755.813484278304	-165702200.55104375	1
60755.813584453004	-165702200.59064907	1
60755.81368458185	-165702200.5497824	1
60755.813784765174	-165702200.55142093	1
60755.81388500105	-165702200.49681878	1
60755.81398508533	-165702200.4850359	1
60755.81408526255	-165702200.51561856	1
60755.814185441406	-165702200.55174983	1
60755.81428561451	-165702200.5603543	1
60755.81438577131	-165702200.58949256	1
60755.81448595218	-165702200.53249145	1
60755.81458607826	-165702200.5530355	1
60755.81468620993	-165702200.52311015	1
60755.81478642835	-165702200.49239314	1
60755.814886591535	-165702200.5120616	1
60755.81498668511	-165702200.5139038	1
60755.815086815826	-165702200.5205108	1
60755.81518702162	-165702200.5264212	1
60755.81528725987	-165702200.54205704	1
60755.81538728028	-165702200.55744946	1
60755.815487491185	-165702200.53211457	1
60755.815587634475	-165702200.50127667	1
60755.815687791976	-165702200.51963037	1
60755.81578794254	-165702200.49427617	1
60755.81588812338	-165702200.46995604	1
60755.81598829961	-165702200.53017896	1
60755.816088418906	-165702200.5095631	1
60755.81618865494	-165702200.47327214	1
60755.81628882636	-165702200.4693851	1
60755.81638894704	-165702200.46202755	1
60755.8164890913	-165702200.46362174	1
60755.816589265174	-165702200.52698684	1
60755.816689423635	-165702200.52954203	1
60755.816789551696	-165702200.51150048	1
60755.81688977431	-165702200.51312464	1
60755.81698989954	-165702200.54360306	1
60755.81709010921	-165702200.51034927	1
60755.81719029369	-165702200.53027278	1
60755.81729029218	-165702200.5072661	1
60755.81739060338	-165702200.49513775	1
60755.81749068027	-165702200.4820453	1
60755.8175909374	-165702200.46142864	1
60755.81769093005	-165702200.50212705	1
60755.81779119302	-165702200.48381722	1
60755.817891378196	-165702200.49245453	1
60755.817991541844	-165702200.4776451	1
60755.81809164442	-165702200.4933958	1
60755.8181918377	-165702200.49526042	1
60755.81829207551	-165702200.45906717	1
60755.81839212922	-165702200.46472734	1
60755.81849237179	-165702200.4516768	1
60755.81859245195	-165702200.46421808	1
60755.818692652145	-165702200.44800925	1
60755.81879280456	-165702200.48906726	1
60755.8188930101	-165702200.43433815	1
60755.818993166125	-165702200.46078432	1
60755.819093297745	-165702200.44744557	1
60755.81919337032	-165702200.42575997	1
60755.81929355646	-165702200.45115274	1
60755.81939377053	-165702200.47070718	1
60755.81949397974	-165702200.46538132	1
60755.819594082335	-165702200.45892656	1
60755.81969419374	-165702200.49772644	1
60755.81979434894	-165702200.48512584	1
60755.81989456015	-165702200.47479242	1
60755.81999468664	-165702200.5187137	1
60755.82009492328	-165702200.4949816	1
60755.820194945205	-165702200.49456787	1
60755.8202952404	-165702200.4631709	1
60755.82039533234	-165702200.42005402	1
60755.8204955221	-165702200.4260732	1
60755.820595665726	-165702200.45253795	1
60755.82069588362	-165702200.4291141	1
60755.820795999294	-165702200.42043257	1
60755.82089611245	-165702200.4541676	1
60755.820996362316	-165702200.42161345	1
60755.82109646584	-165702200.40979183	1
60755.821196629935	-165702200.4607758	1
60755.821296792295	-165702200.44746023	1
60755.821396944666	-165702200.45298618	1
60755.82149711083	-165702200.44265175	1
60755.82159720097	-165702200.40796733	1
60755.82169739288	-165702200.4127413	1
60755.82179761472	-165702200.44086242	1
60755.82189780631	-165702200.43206042	1
60755.821997897234	-165702200.41777992	1
60755.82209808473	-165702200.42043567	1
60755.82219825409	-165702200.43217605	1
60755.82229836171	-165702200.4095224	1
60755.82239858002	-165702200.4433049	1
60755.82249873297	-165702200.46623713	1
60755.82259896192	-165702200.42698336	1
60755.82269908348	-165702200.38233596	1
60755.82279916645	-165702200.3626812	1
60755.822899396466	-165702200.3960907	1
60755.82299948102	-165702200.41141224	1
60755.82309969788	-165702200.42608422	1
60755.82319987491	-165702200.43367267	1
60755.82330008917	-165702200.4092602	1
60755.82340016839	-165702200.40757465	1
60755.82350027582	-165702200.37689573	1
60755.82360050168	-165702200.39670914	1
60755.82370058592	-165702200.39865035	1
60755.82380080192	-165702200.39191622	1
60755.82390102494	-165702200.40113312	1
60755.824001138106	-165702200.42176038	1
60755.82410130899	-165702200.40239155	1
60755.824201422234	-165702200.39267713	1
60755.82430157716	-165702200.38717002	1
60755.8244017486	-165702200.40478414	1
60755.82450187296	-165702200.38347822	1
60755.824602052606	-165702200.36458606	1
60755.82470230316	-165702200.37324274	1
60755.82480237522	-165702200.40513742	1
60755.824902545726	-165702200.3861633	1
60755.82500272132	-165702200.4038958	1
60755.82510277641	-165702200.42419827	1
60755.82520301015	-165702200.42330563	1
60755.825428317636	-165702200.3985302	1
60755.82552842401	-165702200.36651587	1
60755.82562857631	-165702200.42746973	1
60755.8257287821	-165702200.39969963	1
60755.82582886023	-165702200.41013998	1
60755.82592906144	-165702200.4090382	1
60755.826029266456	-165702200.414352	1
60755.826129387635	-165702200.41584927	1
60755.82634853776	-165702200.44787127	1
60755.82645501993	-165702200.40906793	1
60755.826555186664	-165702200.47207052	1
60755.82665532926	-165702200.47222716	1
60755.826755579496	-165702200.44984102	1
60755.82685572992	-165702200.41015315	1
60755.82695585774	-165702200.416022	1
60755.82705598355	-165702200.4103629	1
60755.82715619499	-165702200.4276299	1
60755.82725633209	-165702200.41770095	1
60755.82735647299	-165702200.47065032	1
60755.827456635554	-165702200.45295852	1
60755.82755678664	-165702200.42514133	1
60755.827657034286	-165702200.4438216	1
60755.827757121195	-165702200.39992195	1
60755.827857270124	-165702200.39672953	1
60755.82795745155	-165702200.39058977	1
60755.82805757988	-165702200.37212473	1
60755.82815775401	-165702200.4400105	1
60755.828257919944	-165702200.37662476	1
60755.82835807527	-165702200.4330421	1
60755.82845823979	-165702200.41919792	1
60755.82855841973	-165702200.4175194	1
60755.828658627994	-165702200.3555284	1
60755.828758766926	-165702200.37312883	1
60755.82885886374	-165702200.33746165	1
60755.82895900873	-165702200.36117727	1
60755.829059211675	-165702200.39087027	1
60755.829278362005	-165702200.4066853	1
60755.82938487518	-165702200.40580308	1
60755.829485062575	-165702200.3902045	1
60755.8295851927	-165702200.41640592	1
60755.8296853655	-165702200.43163216	1
60755.82978549623	-165702200.42128426	1
60755.829885596424	-165702200.4321381	1
60755.82998580296	-165702200.4470411	1
60755.83008600523	-165702200.44107008	1
60755.83018610418	-165702200.43908286	1
60755.8302862471	-165702200.40706605	1
60755.83038640386	-165702200.42096484	1
60755.83048657464	-165702200.37910855	1
60755.830586812845	-165702200.42442465	1
60755.830686901645	-165702200.4160794	1
60755.83078709807	-165702200.4081965	1
60755.83088725912	-165702200.42067057	1
60755.83098738889	-165702200.45144755	1
60755.83108761317	-165702200.45393902	1
60755.83118769871	-165702200.4365012	1
60755.83128794872	-165702200.37733072	1
60755.83138813793	-165702200.42790037	1
60755.83148814395	-165702200.42428905	1
60755.83158834467	-165702200.42752743	1
60755.831688492144	-165702200.4051758	1
60755.831788684576	-165702200.4275332	1
60755.83188888937	-165702200.45830184	1
60755.83198901773	-165702200.40028906	1
60755.832089200776	-165702200.42105412	1
60755.83218932133	-165702200.39035827	1
60755.83228953664	-165702200.3947248	1
60755.83238968901	-165702200.40467083	1
60755.83248976837	-165702200.41624528	1
60755.83258996791	-165702200.45370734	1
60755.83269010918	-165702200.39520603	1
60755.83279033723	-165702200.43178684	1
60755.83289049976	-165702200.43877828	1
60755.8329906036	-165702200.4342631	1
60755.83309079796	-165702200.4242649	1
60755.833190940546	-165702200.45857722	1
60755.833291045725	-165702200.40347046	1
60755.83339127127	-165702200.44972318	1
60755.83349141981	-165702200.4558304	1
60755.83359161739	-165702200.44770736	1
60755.83369170874	-165702200.44426423	1
60755.83379196191	-165702200.4206547	1
60755.83389209625	-165702200.48124254	1
60755.83399219667	-165702200.48420155	1
60755.834092376805	-165702200.458588	1
60755.83419252524	-165702200.45313656	1
60755.834292711166	-165702200.4536186	1
60755.834392861594	-165702200.45908356	1
60755.83449299719	-165702200.44140983	1
60755.83459317493	-165702200.47298115	1
60755.834693418496	-165702200.48570764	1
60755.83479344733	-165702200.44835097	1
60755.83489373427	-165702200.4219637	1
60755.83499384107	-165702200.3844148	1
60755.83509391592	-165702200.43280703	1
60755.83519411284	-165702200.42381865	1
60755.83529426824	-165702200.4005245	1
60755.83539451266	-165702200.36781853	1
60755.83549468339	-165702200.4086334	1
60755.83559477199	-165702200.37032706	1
60755.83569495731	-165702200.37206542	1
60755.83579512259	-165702200.39628285	1
60755.835895238844	-165702200.4156626	1
60755.835995452624	-165702200.4567405	1
60755.836095541024	-165702200.43754786	1
60755.836195698845	-165702200.44542325	1
60755.83629593694	-165702200.46047413	1
60755.836396008825	-165702200.48348498	1
60755.83649624493	-165702200.45782346	1
60755.83659636796	-165702200.4502144	1
60755.83669659102	-165702200.4317798	1
60755.83679674881	-165702200.47303265	1
60755.83689685165	-165702200.41845864	1
60755.8369970166	-165702200.44762927	1
60755.837097162876	-165702200.44039732	1
60755.8371973879	-165702200.42074382	1
60755.83729757382	-165702200.42764723	1
60755.837397730844	-165702200.4252671	1
60755.83749781725	-165702200.4296291	1
60755.83759802044	-165702200.48654693	1
60755.837698101306	-165702200.45451874	1
60755.83779820766	-165702200.44863343	1
60755.83789844989	-165702200.47451454	1
60755.83799855868	-165702200.44294327	1
60755.8380987503	-165702200.41610152	1
60755.83819896421	-165702200.4441501	1
60755.838299108385	-165702200.42375427	1
60755.838399334476	-165702200.42354745	1
60755.83849945445	-165702200.41238958	1
60755.838599601106	-165702200.38110697	1
60755.838699759835	-165702200.41768676	1
60755.83879992755	-165702200.4067744	1
60755.83890005537	-165702200.39903218	1
60755.839000268956	-165702200.40998667	1
60755.83910036447	-165702200.42393595	1
60755.83920061852	-165702200.45220202	1
60755.83930072814	-165702200.41861075	1
60755.83940090575	-165702200.38687658	1
60755.83950108894	-165702200.37280673	1
60755.83960118626	-165702200.43842632	1
60755.83970140096	-165702200.45918435	1
60755.83980155039	-165702200.43220443	1
60755.839901705825	-165702200.43167078	1
60755.840001831246	-165702200.46755308	1
60755.84010202172	-165702200.48549753	1
60755.84020223581	-165702200.4257304	1
60755.840302272685	-165702200.4319688	1
60755.84040246758	-165702200.41245323	1
60755.84050263797	-165702200.40860873	1
60755.84060284332	-165702200.36465323	1
60755.84070292383	-165702200.37992412	1
60755.840803078216	-165702200.38778895	1
60755.840903248885	-165702200.37664384	1
60755.841003422305	-165702200.34905058	1
60755.84110364014	-165702200.41581947	1
60755.84120370612	-165702200.40923512	1
60755.84130386305	-165702200.41406274	1
60755.841404071616	-165702200.42191732	1
60755.84150430284	-165702200.39040965	1
60755.84160440379	-165702200.39922112	1
60755.84170458639	-165702200.4228387	1
60755.84180467252	-165702200.41854495	1
60755.84190481634	-165702200.3944779	1
60755.842005105	-165702200.38346148	1
60755.842105183416	-165702200.40701532	1
60755.842205420304	-165702200.38397163	1
60755.84230545231	-165702200.35078984	1
60755.84240562667	-165702200.37174785	1
60755.842505881585	-165702200.40648532	1
60755.84260592573	-165702200.39495987	1
60755.84270611923	-165702200.38537526	1
60755.84280627465	-165702200.3918653	1
60755.8429065535	-165702200.38946712	1
60755.84300664702	-165702200.3802957	1
60755.84310681845	-165702200.39671254	1
60755.843206942045	-165702200.37746614	1
60755.84330704073	-165702200.3761208	1
60755.84340731533	-165702200.39184856	1
60755.84350745185	-165702200.37706542	1
60755.84360757868	-165702200.38842505	1
60755.84370781992	-165702200.33770978	1
60755.8438078918	-165702200.3876719	1
60755.843908093695	-165702200.40076107	1
60755.84400822603	-165702200.38919187	1
60755.84410841974	-165702200.4214986	1
60755.84420859391	-165702200.36809093	1
60755.84430877341	-165702200.38719112	1
60755.84440890915	-165702200.40228623	1
60755.84450897573	-165702200.3900783	1
60755.8446092291	-165702200.3985448	1
60755.84470935301	-165702200.40258372	1
60755.844809533286	-165702200.37862265	1
60755.84490963795	-165702200.401802	1
60755.84500984671	-165702200.3900805	1
60755.84510999361	-165702200.4112574	1
60755.84521013059	-165702200.36706573	1
60755.84531033335	-165702200.37185025	1
60755.845410548485	-165702200.32569867	1
60755.84551061851	-165702200.34605563	1
60755.845610795004	-165702200.32623655	1
60755.84571096092	-165702200.33153623	1
60755.84581108595	-165702200.37696916	1
60755.84591120462	-165702200.41725355	1
60755.84601137775	-165702200.40614402	1
60755.84611156272	-165702200.36754334	1
60755.846211770644	-165702200.42184693	1
60755.8463119454	-165702200.37529606	1
60755.84641209079	-165702200.4008153	1
60755.84651223928	-165702200.39965922	1
60755.846612402784	-165702200.3806939	1
60755.8467125648	-165702200.429213	1
60755.84681271564	-165702200.40780622	1
60755.84691289302	-165702200.3815503	1
60755.84701299032	-165702200.33943468	1
60755.84711324125	-165702200.3805036	1
60755.847213350164	-165702200.33688152	1
60755.847313509264	-165702200.34290975	1
60755.847413708514	-165702200.35003608	1
60755.84751389955	-165702200.36352938	1
60755.84761398272	-165702200.34804553	1
60755.847714181305	-165702200.38692576	1
60755.84781434454	-165702200.40316385	1
60755.847914457634	-165702200.34608322	1
60755.84801466034	-165702200.37203354	1
60755.84811479594	-165702200.37135762	1
60755.84821490991	-165702200.38644248	1
60755.848315107134	-165702200.43356866	1
60755.848415296205	-165702200.3962993	1
60755.84851538939	-165702200.36553204	1
60755.84861565369	-165702200.40791148	1
60755.84871575843	-165702200.44199175	1
60755.848815964746	-165702200.4410113	1
60755.849041425434	-165702200.36252344	1
60755.84914153835	-165702200.3555882	1
60755.84924171671	-165702200.35723305	1
60755.84934194723	-165702200.37484622	1
60755.849442065366	-165702200.37692255	1
60755.84954222312	-165702200.38382936	1
60755.84964241752	-165702200.38358337	1
60755.84974251896	-165702200.37810755	1
60755.849842716154	-165702200.39925605	1
60755.849942803616	-165702200.3533538	1
60755.85016810714	-165702200.42595804	1
60755.85026834447	-165702200.372441	1
60755.85036841501	-165702200.34644192	1
60755.850468566074	-165702200.31853992	1
60755.85056868015	-165702200.3195634	1
60755.85066888792	-165702200.31547487	1
60755.85076902587	-165702200.34456104	1
60755.850994245244	-165702200.36770982	1
60755.85109441952	-165702200.34459597	1
60755.85119462054	-165702200.33575052	1
60755.85129476365	-165702200.39147615	1
60755.85139502238	-165702200.37275702	1
60755.85149505199	-165702200.3534162	1
60755.851595249995	-165702200.3521741	1
60755.85169542104	-165702200.38019055	1
60755.8517955773	-165702200.3658471	1
60755.851895672175	-165702200.3785895	1
60755.85199585499	-165702200.33938724	1
60755.85209607592	-165702200.35849798	1
60755.85219626623	-165702200.3739679	1
60755.852296371835	-165702200.34779853	1
60755.85239654357	-165702200.31784832	1
60755.85249672349	-165702200.29524451	1
60755.85259689448	-165702200.33315784	1
60755.85269696273	-165702200.3591435	1
60755.85279719955	-165702200.31495893	1
60755.85289724507	-165702200.35015255	1
60755.8529974354	-165702200.32211232	1
60755.85309753345	-165702200.36290765	1
60755.85319787057	-165702200.3570907	1
60755.85329793365	-165702200.3582862	1
60755.85339807518	-165702200.3718835	1
60755.853498305514	-165702200.3701836	1
60755.85359844373	-165702200.32573783	1
60755.85369855514	-165702200.35823083	1
60755.85379881675	-165702200.30142576	1
60755.85389891311	-165702200.34201568	1
60755.85399912277	-165702200.33332658	1
60755.854099232456	-165702200.32527733	1
60755.854199432026	-165702200.32917243	1
60755.85429950475	-165702200.32163948	1
60755.85439976209	-165702200.38244414	1
60755.85449989694	-165702200.37740326	1
60755.854600054925	-165702200.37658364	1
60755.854700176365	-165702200.39748746	1
60755.8548003039	-165702200.36463004	1
60755.854900553604	-165702200.3566584	1
60755.85500065756	-165702200.35527068	1
60755.85510086701	-165702200.39151698	1
60755.85520103474	-165702200.35836464	1
60755.85530123425	-165702200.39910495	1
60755.855401341905	-165702200.40426672	1
60755.855501416845	-165702200.35552627	1
60755.85572063353	-165702200.39364868	1
60755.855827167004	-165702200.38196802	1
60755.855927367156	-165702200.3799138	1
60755.85602746472	-165702200.39672595	1
60755.85612761878	-165702200.36603665	1
60755.85622780306	-165702200.3975922	1
60755.856327912385	-165702200.36691588	1
60755.856428061874	-165702200.38083547	1
60755.856528251396	-165702200.38165176	1
60755.85662841229	-165702200.38428122	1
60755.85672858539	-165702200.38036042	1
60755.85682872249	-165702200.3296308	1
60755.85692883405	-165702200.37262177	1
60755.857029066065	-165702200.34927487	1
60755.85712920151	-165702200.35080528	1
60755.85722941399	-165702200.38627976	1
60755.85732957133	-165702200.31952107	1
60755.85742971852	-165702200.3498786	1
60755.85752979711	-165702200.38655502	1
60755.857630078135	-165702200.3427956	1
60755.85773014539	-165702200.38300234	1
60755.85783031953	-165702200.38019204	1
60755.85793048919	-165702200.33416814	1
60755.85803059659	-165702200.33638477	1
60755.85813080549	-165702200.3157134	1
60755.85823095193	-165702200.30335444	1
60755.85833113749	-165702200.30908853	1
60755.858431371285	-165702200.3427593	1
60755.85853148176	-165702200.33567208	1
60755.858631742376	-165702200.29857922	1
60755.85873175524	-165702200.29405183	1
60755.858831970065	-165702200.27604413	1
60755.85893205962	-165702200.33476406	1
60755.859032236316	-165702200.3231086	1
60755.85913245164	-165702200.3377052	1
60755.85935765914	-165702200.3199783	1
60755.85945777703	-165702200.34506088	1
60755.85955806723	-165702200.30476254	1
60755.85965821012	-165702200.26664788	1
60755.859758215374	-165702200.288822	1
60755.85985843817	-165702200.2840947	1
60755.85995868131	-165702200.2832108	1
60755.860058736216	-165702200.2510348	1
60755.86015897421	-165702200.28505844	1
60755.86025910901	-165702200.33513325	1
60755.860359216334	-165702200.309215	1
60755.860459424555	-165702200.28699172	1
60755.86055963714	-165702200.23492974	1
60755.86065969151	-165702200.240296	1
60755.86075993158	-165702200.24373865	1
60755.860860021305	-165702200.2409845	1
60755.86096027553	-165702200.26262683	1
60755.86106037522	-165702200.27250004	1
60755.86116054633	-165702200.26648098	1
60755.861260680846	-165702200.2873202	1
60755.86136080254	-165702200.29818797	1
60755.86146101812	-165702200.27391535	1
60755.861561184676	-165702200.2643383	1
60755.86166131591	-165702200.31620806	1
60755.86176144549	-165702200.28985387	1
60755.86186169335	-165702200.28592718	1
60755.861961840696	-165702200.31826246	1
60755.86206199101	-165702200.3438365	1
60755.86216210249	-165702200.3128093	1
60755.8622622447	-165702200.33740252	1
60755.86236243364	-165702200.35514528	1
60755.86246256889	-165702200.33592027	1
60755.86256276047	-165702200.3635366	1
60755.86266299921	-165702200.35824698	1
60755.86288217134	-165702200.34115618	1
60755.862988583765	-165702200.3083263	1
60755.86308873272	-165702200.32125396	1
60755.863188907955	-165702200.30193752	1
60755.86328904486	-165702200.287888	1
60755.86338925976	-165702200.32180715	1
60755.863489380026	-165702200.3235156	1
60755.86358956758	-165702200.301789	1
60755.863689694095	-165702200.3262002	1
60755.863789798364	-165702200.34127885	1
60755.86389002939	-165702200.39539564	1
60755.863990171725	-165702200.3880685	1
60755.86409041956	-165702200.40076345	1
60755.86419049382	-165702200.39615434	1
60755.86429068177	-165702200.36551768	1
60755.864390757175	-165702200.35278767	1
60755.86449097469	-165702200.3377697	1
60755.86459107465	-165702200.31041014	1
60755.86469127573	-165702200.28097945	1
60755.86479148451	-165702200.27651596	1
60755.86489157746	-165702200.3110475	1
60755.86499183208	-165702200.34675062	1
60755.865091945394	-165702200.31817877	1
60755.865311107846	-165702200.25606167	1
60755.86541760515	-165702200.2951463	1
60755.8655177293	-165702200.35700107	1
60755.865617977375	-165702200.3321345	1
60755.86571804625	-165702200.3538661	1
60755.865818218925	-165702200.33654457	1
60755.86591834095	-165702200.29789436	1
60755.86601857896	-165702200.3150857	1
60755.86611875669	-165702200.37706882	1
60755.86621894725	-165702200.37434077	1
60755.866319052744	-165702200.38738638	1
60755.86654422039	-165702200.36030543	1
60755.866644432084	-165702200.34873074	1
60755.86674450723	-165702200.3375221	1
60755.86684473116	-165702200.33868855	1
60755.86694482362	-165702200.33191282	1
60755.86704502019	-165702200.3354274	1
60755.86714525247	-165702200.32534575	1
60755.86724544027	-165702200.31875855	1
60755.867345498635	-165702200.3468595	1
60755.86744561485	-165702200.3341486	1
60755.86754583818	-165702200.35892874	1
60755.867646055514	-165702200.38543266	1
60755.86774622924	-165702200.3460124	1
60755.86784630783	-165702200.3857721	1
60755.867946569735	-165702200.4045244	1
60755.8680466475	-165702200.42237085	1
60755.868146881076	-165702200.44866365	1
60755.868246982616	-165702200.37520546	1
60755.86834718158	-165702200.39306802	1
60755.86844730655	-165702200.38832402	1
60755.86854747692	-165702200.39370584	1
60755.868647604824	-165702200.37431479	1
60755.86874778948	-165702200.37732476	1
60755.86884793403	-165702200.3629986	1
60755.8689481754	-165702200.3536483	1
60755.86904832676	-165702200.3405249	1
60755.86914846532	-165702200.33818102	1
60755.869248617906	-165702200.3297572	1
60755.86934869172	-165702200.34681052	1
60755.869448934434	-165702200.31001526	1
60755.869549037205	-165702200.3692097	1
60755.869649173204	-165702200.34273785	1
60755.869749457524	-165702200.34756625	1
60755.869849523726	-165702200.37812346	1
60755.86994970868	-165702200.3543523	1
60755.87004983892	-165702200.34009355	1
60755.87014996178	-165702200.3542143	1
60755.870250192354	-165702200.33738595	1
60755.870350406956	-165702200.33579457	1
60755.87045052005	-165702200.29989707	1
60755.870550747124	-165702200.35859734	1
60755.870650780715	-165702200.3448295	1
60755.87075104514	-165702200.36821222	1
60755.8708512351	-165702200.37532425	1
60755.87095136364	-165702200.3785535	1
60755.87105152595	-165702200.33735317	1
60755.87115160146	-165702200.32310742	1
60755.87125181446	-165702200.32508862	1
60755.871351926704	-165702200.33548027	1
60755.87157723463	-165702200.37920266	1
60755.87167733932	-165702200.34316224	1
60755.87177753538	-165702200.34676147	1
60755.87187769348	-165702200.33063626	1
60755.87197789868	-165702200.33374375	1
60755.87207798203	-165702200.3463801	1
60755.872178079175	-165702200.3323359	1
60755.872278310024	-165702200.33565742	1
60755.87237847589	-165702200.30785817	1
60755.87247864421	-165702200.3640743	1
60755.87257876668	-165702200.31190813	1
60755.87280405355	-165702200.32556874	1
60755.8729041996	-165702200.3437106	1
60755.87300431321	-165702200.3592232	1
60755.873104510036	-165702200.3400563	1
60755.873204622825	-165702200.31011987	1
60755.87330476559	-165702200.38202196	1
60755.873404900965	-165702200.35876405	1
60755.873505194526	-165702200.32877076	1
60755.87360535228	-165702200.37675887	1
60755.873705453654	-165702200.35445964	1
60755.873805643656	-165702200.38946784	1
60755.87390581041	-165702200.38492316	1
60755.87400587953	-165702200.36760807	1
60755.87410613189	-165702200.35875428	1
60755.874206241075	-165702200.31318688	1
60755.87430642956	-165702200.31273556	1
60755.874406591276	-165702200.30699807	1
60755.87450676977	-165702200.30625105	1
60755.8746068965	-165702200.35612005	1
60755.874707115305	-165702200.365326	1
60755.87480730031	-165702200.38369942	1
60755.87490739327	-165702200.36935556	1
60755.87500749416	-165702200.33351433	1
60755.87510768732	-165702200.32917923	1
60755.87520786391	-165702200.33494657	1
60755.87530805781	-165702200.30504864	1
60755.87540816928	-165702200.3012246	1
60755.875508377394	-165702200.28425658	1
60755.875608462484	-165702200.29459602	1
60755.87570868664	-165702200.304547	1
60755.875808857156	-165702200.30301315	1
60755.87590906057	-165702200.3193766	1
60755.87600923633	-165702200.27793455	1
60755.876109319455	-165702200.29242742	1
60755.876209462775	-165702200.28945112	1
60755.87630968388	-165702200.2883355	1
60755.87640978043	-165702200.29621166	1
60755.8766351079	-165702200.2855811	1
60755.87673516732	-165702200.3128335	1
60755.87683531497	-165702200.30849534	1
60755.87693549704	-165702200.3094803	1
60755.87703565465	-165702200.28056931	1
60755.87713583695	-165702200.3314615	1
60755.87723597411	-165702200.32679003	1
60755.877336152415	-165702200.37077028	1
60755.87743630849	-165702200.34595048	1
60755.877536521875	-165702200.3153094	1
60755.877636609046	-165702200.32490695	1
60755.87773681812	-165702200.36004138	1
60755.87783688713	-165702200.34239697	1
60755.87793714621	-165702200.3747028	1
60755.87803725228	-165702200.3740676	1
60755.87813737964	-165702200.3370307	1
60755.87823757244	-165702200.3181259	1
60755.87833770289	-165702200.33981234	1
60755.878437912776	-165702200.34224433	1
60755.8785381047	-165702200.3432064	1
60755.87863827845	-165702200.2615239	1
60755.87873836134	-165702200.30320317	1
60755.87883856846	-165702200.29102832	1
60755.878938681635	-165702200.30387592	1
60755.87903887807	-165702200.2892713	1
60755.879139061144	-165702200.2672308	1
60755.879239250644	-165702200.27820486	1
60755.87933943771	-165702200.27429795	1
60755.879439501514	-165702200.28099906	1
60755.87953958203	-165702200.29672474	1
60755.87963983585	-165702200.2813624	1
60755.87974003624	-165702200.26347512	1
60755.87984016349	-165702200.28530115	1
60755.879940295126	-165702200.2973084	1
60755.88004047442	-165702200.3256703	1
60755.88014063791	-165702200.30918878	1
60755.880240900675	-165702200.2937495	1
60755.88045997276	-165702200.3044759	1
60755.88056642218	-165702200.30933046	1
60755.88066660128	-165702200.32245773	1
60755.88076673653	-165702200.32365662	1
60755.88086695124	-165702200.30444634	1
60755.88096708122	-165702200.29801345	1
60755.88106720862	-165702200.33112943	1
60755.88116742128	-165702200.35278398	1
60755.88126761048	-165702200.3512727	1
60755.88136775882	-165702200.33517492	1
60755.88146792459	-165702200.30789012	1
60755.88156801493	-165702200.29727948	1
60755.88178724105	-165702200.35954833	1
60755.88189361895	-165702200.26939142	1
60755.881993807125	-165702200.25067234	1
60755.88209402767	-165702200.25311965	1
60755.88219417272	-165702200.22187793	1
60755.88229431559	-165702200.21364754	1
60755.88239449453	-165702200.24197316	1
60755.88249465475	-165702200.25564831	1
60755.88259484518	-165702200.3000012	1
60755.882694937645	-165702200.22237825	1
60755.88279515666	-165702200.2347129	1
60755.88289533102	-165702200.2186877	1
60755.882995395885	-165702200.21968585	1
60755.88309555109	-165702200.25933945	1
60755.88319575152	-165702200.25430912	1
60755.88329600055	-165702200.25490224	1
60755.88339613985	-165702200.21330518	1
60755.8834963698	-165702200.20254236	1
60755.88359640032	-165702200.2463885	1
60755.883696548495	-165702200.21081227	1
60755.88379674856	-165702200.21780854	1
60755.883896885214	-165702200.2297278	1
60755.88399702638	-165702200.2586022	1
60755.88409725221	-165702200.2459225	1
60755.88419740447	-165702200.25738895	1
60755.8842975265	-165702200.25473714	1
60755.88452283046	-165702200.2430429	1
60755.8846229784	-165702200.19833517	1
60755.88472308673	-165702200.2369063	1
60755.88482321124	-165702200.23922879	1
60755.88492347394	-165702200.22201604	1
60755.885023488896	-165702200.21268594	1
60755.88512375691	-165702200.20814568	1
60755.88522388647	-165702200.23766947	1
60755.885324042996	-165702200.24514842	1
60755.88542425666	-165702200.30016327	1
60755.88552440601	-165702200.26197165	1
60755.88562451601	-165702200.2206943	1
60755.88572470761	-165702200.21404803	1
60755.885824807956	-165702200.2231123	1
60755.885924989896	-165702200.23025292	1
60755.88602515995	-165702200.2525491	1
60755.88612528754	-165702200.18352413	1
60755.88622550082	-165702200.1790269	1
60755.88632566293	-165702200.1860274	1
60755.886425816316	-165702200.26064414	1
60755.88652599153	-165702200.21450013	1
60755.886626103675	-165702200.21291715	1
60755.88672630929	-165702200.18045193	1
60755.88682638297	-165702200.1944431	1
60755.8869265753	-165702200.19627857	1
60755.88702674813	-165702200.23238927	1
60755.887126939124	-165702200.2187755	1
60755.88722709398	-165702200.1878993	1
60755.887327327466	-165702200.199421	1
60755.88742740388	-165702200.23267668	1
60755.887527521394	-165702200.22218758	1
60755.88762777931	-165702200.2127555	1
60755.88772793066	-165702200.1857949	1
60755.887828140454	-165702200.18324763	1
60755.88792821322	-165702200.19489616	1
60755.88802834123	-165702200.18878055	1
60755.88812850687	-165702200.18247497	1
60755.88822866452	-165702200.19056296	1
60755.88832887258	-165702200.18431515	1
60755.8885541101	-165702200.20887518	1
60755.88865424274	-165702200.2260604	1
60755.88875436772	-165702200.22870606	1
60755.88885459571	-165702200.18065047	1
60755.88895478695	-165702200.2216274	1
60755.88905484599	-165702200.21508873	1
60755.88915509359	-165702200.20361543	1
60755.88925523583	-165702200.17433888	1
60755.88935532093	-165702200.18370974	1
60755.88945559893	-165702200.2367869	1
60755.88955569141	-165702200.22079295	1
60755.88965592348	-165702200.20166022	1
60755.889756122975	-165702200.24076986	1
60755.88985611721	-165702200.21170908	1
60755.889956343584	-165702200.18719316	1
60755.89005639611	-165702200.18890208	1
60755.8901566011	-165702200.23135263	1
60755.89025684953	-165702200.2035753	1
60755.890357032695	-165702200.18706703	1
60755.89045715171	-165702200.20911455	1
60755.89055737299	-165702200.2052508	1
60755.8906574464	-165702200.19109273	1
60755.89075763529	-165702200.18111104	1
60755.89085782533	-165702200.1820085	1
60755.890957918265	-165702200.13581055	1
60755.89105812777	-165702200.1622947	1
60755.8911582878	-165702200.1687994	1
60755.89138376291	-165702200.18848956	1
60755.89148381926	-165702200.19285268	1
60755.89158412266	-165702200.1928814	1
60755.89168421876	-165702200.17989326	1
60755.89178442062	-165702200.11360997	1
60755.89188453526	-165702200.1867516	1
60755.89198469346	-165702200.17356467	1
60755.8920848822	-165702200.1977378	1
60755.89218505496	-165702200.167845	1
60755.892285157286	-165702200.14668906	1
60755.89238534211	-165702200.1322438	1
60755.89248548567	-165702200.13946593	1
60755.8925856468	-165702200.13777387	1
60755.892685831976	-165702200.16174608	1
60755.89278598094	-165702200.17911893	1
60755.89288614143	-165702200.14422667	1
60755.89298631051	-165702200.17265797	1
60755.89308652239	-165702200.1916715	1
60755.893186663554	-165702200.16538227	1
60755.89328680142	-165702200.1947599	1
60755.89338695546	-165702200.1363665	1
60755.89348708529	-165702200.1358084	1
60755.893587326274	-165702200.14196908	1
60755.893687439486	-165702200.15586603	1
60755.89388774022	-165702200.18881667	1
60755.89398787847	-165702200.1757611	1
60755.894088031	-165702200.21514875	1
60755.89418817536	-165702200.2221682	1
60755.89428840558	-165702200.19973952	1
60755.894388601686	-165702200.20463735	1
60755.89448870848	-165702200.17486852	1
60755.89458888655	-165702200.17394733	1
60755.89468899643	-165702200.15553504	1
60755.894789189	-165702200.15949696	1
60755.8948893075	-165702200.16493213	1
60755.894989446526	-165702200.13061154	1
60755.89508961587	-165702200.16865873	1
60755.89518990118	-165702200.13855928	1
60755.89529003288	-165702200.12855297	1
60755.8953901193	-165702200.13525993	1
60755.89549026329	-165702200.1455369	1
60755.89559046042	-165702200.2027732	1
60755.895690689234	-165702200.19513863	1
60755.89579078493	-165702200.1907208	1
60755.8958910096	-165702200.17326534	1
60755.895991103505	-165702200.1788271	1
60755.89609129893	-165702200.19596887	1
60755.89619144261	-165702200.183882	1
60755.89629155146	-165702200.19449323	1
60755.89639172433	-165702200.1860419	1
60755.89649195555	-165702200.1872443	1
60755.89659207186	-165702200.14051312	1
60755.89669219722	-165702200.14451218	1
60755.89679240322	-165702200.1815545	1
60755.89701162315	-165702200.20301008	1
60755.89711804972	-165702200.15648788	1
60755.897218239304	-165702200.14813435	1
60755.89731838013	-165702200.1361165	1
60755.89741852356	-165702200.1705101	1
60755.89751870994	-165702200.18553925	1
60755.897618761745	-165702200.18617797	1
60755.897719077555	-165702200.15941978	1
60755.89781908081	-165702200.16408348	1
60755.897919305185	-165702200.14924067	1
60755.89801952889	-165702200.13543826	1
60755.89811964861	-165702200.15676296	1
60755.89821976902	-165702200.1237464	1
60755.89872058909	-165702200.10486794	1
60755.89882074982	-165702200.11906254	1
60755.89892084623	-165702200.15936804	1
60755.89902112392	-165702200.16765678	1
60755.89912118287	-165702200.16789287	1
60755.89922142211	-165702200.16487253	1
60755.89932159264	-165702200.14510632	1
60755.89942165769	-165702200.1855185	1
60755.89952187564	-165702200.18391955	1
60755.899622092445	-165702200.1895678	1
60755.89972214705	-165702200.13614523	1
60755.89994745565	-165702200.11936104	1
60755.900047618896	-165702200.19456547	1
60755.90014773911	-165702200.12875462	1
60755.900247888174	-165702200.15307415	1
60755.900348119045	-165702200.17655128	1
60755.900448326196	-165702200.17461395	1
60755.90054841943	-165702200.1140511	1
60755.900648534895	-165702200.09099215	1
60755.90074871581	-165702200.1055066	1
60755.900848884834	-165702200.0558644	1
60755.90094900857	-165702200.10001463	1
60755.901049208835	-165702200.11441082	1
60755.90114936577	-165702200.1296751	1
60755.90136849923	-165702200.114712	1
60755.90147502058	-165702200.12841582	1
60755.901575131975	-165702200.1568488	1
60755.901675345376	-165702200.13576847	1
60755.90177540715	-165702200.16375303	1
60755.90187561499	-165702200.1496905	1
60755.9019757963	-165702200.14875054	1
60755.90207598437	-165702200.15077978	1
60755.90217607175	-165702200.13541883	1
60755.90227631191	-165702200.15030837	1
60755.90237643075	-165702200.12405336	1
60755.902476638876	-165702200.11896688	1
60755.902576793684	-165702200.1399964	1
60755.90267696595	-165702200.1368509	1
60755.902902101036	-165702200.17690986	1
60755.903202643494	-165702200.16004592	1
60755.90330279892	-165702200.1846611	1
60755.90340295844	-165702200.21640265	1
60755.90350310629	-165702200.2172807	1
60755.90360334336	-165702200.18888235	1
60755.9037034353	-165702200.18949294	1
60755.90380362197	-165702200.2024333	1
60755.90390379433	-165702200.21068424	1
60755.904003976204	-165702200.1584084	1
60755.90410415532	-165702200.20403773	1
60755.90420428226	-165702200.15866607	1
60755.90430439686	-165702200.15914446	1
60755.90440450845	-165702200.18964255	1
60755.90450469424	-165702200.21435797	1
60755.90460486185	-165702200.1868217	1
60755.9047051136	-165702200.19264317	1
60755.90480531863	-165702200.18368447	1
60755.90490539096	-165702200.1349975	1
60755.90500551088	-165702200.12553388	1
60755.905105720725	-165702200.14675254	1
60755.90520583887	-165702200.13436866	1
60755.905305985216	-165702200.1345619	1
60755.90540616191	-165702200.15146255	1
60755.90550639014	-165702200.18986917	1
60755.90560650249	-165702200.19409436	1
60755.90570659684	-165702200.19383866	1
60755.905825624504	-165702200.1543883	1
60755.905932222784	-165702200.2004053	1
60755.90603227823	-165702200.19387943	1
60755.90613249689	-165702200.20420367	1
60755.90623265675	-165702200.15466553	1
60755.90633272862	-165702200.15030676	1
60755.906432894815	-165702200.17644888	1
60755.90653308738	-165702200.16331482	1
60755.90663326601	-165702200.17756867	1
60755.90673338319	-165702200.19156086	1
60755.9068335536	-165702200.16285944	1
60755.906933743085	-165702200.14426208	1
60755.907033877185	-165702200.17939413	1
60755.907134091685	-165702200.1209947	1
60755.90723425679	-165702200.1389807	1
60755.907459420625	-165702200.17386043	1
60755.90755961004	-165702200.15041542	1
60755.907659725206	-165702200.1616611	1
60755.90776001187	-165702200.19120306	1
60755.907860098465	-165702200.18323576	1
60755.90796023369	-165702200.18582666	1
