# Frequency shift file for JILA Sr1 
# for 20240716_clock_lock#4.
# Processed Tue Jul 16 17:34:49 2024 (MT) 
# by Alexander Aeppli(alexander.aeppli@colorado.edu), William Warfield(william.warfield@colorado.edu) 
# ******Applied Corrections******
# point by point corrections: 
#  - servo 
#  - second order zeeman 
#  - density shift 
# DC corrections: 
#  - lattice light 
#  - DC Stark 
#  - BBR 
#  - background gas 
#  - redshift to S1B60V1 
# Total sytematic error (frac.) = ~1e-17
# No MASER corrections have been applied
# To calculate the strontium frequency: 
# f_sr = (N/M)*f_light + f_shift[Hz] 
# where N = 1716682, M = 777577, 
# and f_light is the frequency of the light leaving JILA. 
t_mjd	f_shift [Hz]	IS_GOOD
60507.86958866389	-165702995.29706424	1
60507.86968134034	-165702995.3021567	1
60507.8697740408	-165702995.31033677	1
60507.86986671586	-165702995.32490247	1
60507.86995938268	-165702995.2978559	1
60507.87005201483	-165702995.21775126	1
60507.870144743065	-165702995.28608537	1
60507.870237443116	-165702995.24892056	1
60507.87033019267	-165702995.14062274	1
60507.87042282861	-165702995.21599263	1
60507.870515467	-165702995.2241283	1
60507.8706082158	-165702995.2670018	1
60507.87070089374	-165702995.17420232	1
60507.8707936221	-165702995.1513753	1
60507.87088626342	-165702995.1815802	1
60507.87097896856	-165702995.27696943	1
60507.87107167279	-165702995.27066404	1
60507.8711643735	-165702995.19539654	1
60507.87125709375	-165702995.15284592	1
60507.87134977093	-165702995.15370303	1
60507.871442461146	-165702995.21963978	1
60507.871535149745	-165702995.21451396	1
60507.87162782249	-165702995.2168969	1
60507.87172050776	-165702995.17392015	1
60507.871813239144	-165702995.14123505	1
60507.87199859771	-165702995.23352957	1
60507.87209117142	-165702995.16134012	1
60507.8721839508	-165702995.13947648	1
60507.87227662378	-165702995.18654448	1
60507.872369289355	-165702995.21613002	1
60507.872462055275	-165702995.255336	1
60507.872554677546	-165702995.24748272	1
60507.87264737456	-165702995.21757227	1
60507.87274004525	-165702995.1826719	1
60507.87283277305	-165702995.20836306	1
60507.87292550805	-165702995.19393498	1
60507.87301812835	-165702995.23928845	1
60507.87311087038	-165702995.23088807	1
60507.87320355345	-165702995.20605433	1
60507.8732961829	-165702995.27046442	1
60507.873388885935	-165702995.24734432	1
60507.87348153126	-165702995.20640236	1
60507.87357425057	-165702995.1978953	1
60507.87366700322	-165702995.21434903	1
60507.87375961406	-165702995.19833678	1
60507.873852303856	-165702995.17412132	1
60507.873945010666	-165702995.23571068	1
60507.87403780734	-165702995.1912154	1
60507.87413041298	-165702995.19147128	1
60507.874223152976	-165702995.28067577	1
60507.87431578691	-165702995.2177633	1
60507.874408426054	-165702995.1641395	1
60507.87450116813	-165702995.2230857	1
60507.874593862485	-165702995.24867582	1
60507.874686563046	-165702995.24740237	1
60507.87477919411	-165702995.1836822	1
60507.87487199393	-165702995.11693633	1
60507.8749645774	-165702995.2211411	1
60507.8750573165	-165702995.32108843	1
60507.87515000379	-165702995.3041336	1
60507.87524268455	-165702995.24060845	1
60507.875335395176	-165702995.23642266	1
60507.87542807391	-165702995.24200463	1
60507.87552071649	-165702995.26205993	1
60507.875613444434	-165702995.21121883	1
60507.875706107494	-165702995.18672788	1
60507.87579877733	-165702995.22790664	1
60507.87589152546	-165702995.23835552	1
60507.87598420641	-165702995.26381296	1
60507.87607683709	-165702995.1403603	1
60507.87616961708	-165702995.14264745	1
60507.87626226016	-165702995.22250313	1
60507.87635492091	-165702995.23812747	1
60507.87644760613	-165702995.24923724	1
60507.876540347366	-165702995.12379563	1
60507.87663299025	-165702995.0780397	1
60507.87672567069	-165702995.159014	1
60507.87681835582	-165702995.15496153	1
60507.876911088875	-165702995.15378147	1
60507.8770037512	-165702995.23242313	1
60507.87709646065	-165702995.273933	1
60507.87718910324	-165702995.25205576	1
60507.87728176718	-165702995.25318766	1
60507.87737452465	-165702995.24266374	1
60507.87746717076	-165702995.20898074	1
60507.877559955414	-165702995.17934316	1
60507.87765258324	-165702995.20438278	1
60507.877745257116	-165702995.2920493	1
60507.877838038345	-165702995.28942472	1
60507.87793069828	-165702995.22197896	1
60507.8780233882	-165702995.19608086	1
60507.87811602233	-165702995.2108593	1
60507.87820873301	-165702995.200078	1
60507.87830145401	-165702995.1826371	1
60507.87839418039	-165702995.147084	1
60507.87848675197	-165702995.17967486	1
60507.878579463555	-165702995.25827134	1
60507.87867220409	-165702995.13629735	1
60507.87876481096	-165702995.16033018	1
60507.878857542426	-165702995.23895067	1
60507.87895025563	-165702995.24334985	1
60507.87904292831	-165702995.17436326	1
60507.87913570992	-165702995.16760993	1
60507.87922833216	-165702995.23452282	1
60507.8793209981	-165702995.1794262	1
60507.87941366438	-165702995.16872585	1
60507.87950637997	-165702995.18187445	1
60507.87959909938	-165702995.20937073	1
60507.879691758855	-165702995.31579453	1
60507.87978441723	-165702995.23617148	1
60507.87987719169	-165702995.16087192	1
60507.87996979246	-165702995.14874953	1
60507.88006251421	-165702995.16965377	1
60507.88015517156	-165702995.21021444	1
60507.88024784995	-165702995.14041924	1
60507.88034055092	-165702995.10591453	1
60507.88043328577	-165702995.05346632	1
60507.880525979184	-165702995.12278432	1
60507.88061862689	-165702995.24017984	1
60507.88071133972	-165702995.21554172	1
60507.88080402676	-165702995.18275952	1
60507.88089672531	-165702995.09556973	1
60507.880989394565	-165702995.12797308	1
60507.88108208212	-165702995.13292712	1
60507.88117478476	-165702995.15941375	1
60507.881267436765	-165702995.17129153	1
60507.88136013548	-165702995.09464347	1
60507.88145280933	-165702995.1398158	1
60507.88154555566	-165702995.14242715	1
60507.88163823953	-165702995.13698852	1
60507.881730959554	-165702995.0646547	1
60507.881823599855	-165702995.0734526	1
60507.88191629865	-165702995.09302628	1
60507.882008934685	-165702995.1089784	1
60507.88210171481	-165702995.10152817	1
60507.882194313424	-165702995.11290592	1
60507.882287052234	-165702995.17125446	1
60507.88237976125	-165702995.1028285	1
60507.88247242281	-165702995.16874224	1
60507.8825650893	-165702995.16737366	1
60507.88265779291	-165702995.10710913	1
60507.882750490346	-165702995.12602276	1
60507.88284324438	-165702995.19153905	1
60507.88293582585	-165702995.17072588	1
60507.883028582175	-165702995.1508249	1
60507.883121272665	-165702995.14284092	1
60507.883213913294	-165702995.1134367	1
60507.883399343715	-165702995.10897714	1
60507.883491987974	-165702995.10828686	1
60507.88358466746	-165702995.06182283	1
60507.883677351725	-165702995.08848763	1
60507.8837700752	-165702995.10084003	1
60507.88386280106	-165702995.0109145	1
60507.883955479665	-165702994.98087335	1
60507.884048124295	-165702995.02085865	1
60507.88414084778	-165702995.09268034	1
60507.88423349543	-165702995.03191876	1
60507.88432622247	-165702994.98445773	1
60507.884418872054	-165702995.0168212	1
60507.88451158422	-165702995.03665596	1
60507.88460425694	-165702995.06021863	1
60507.884696967434	-165702995.071316	1
60507.88478965571	-165702995.07724684	1
60507.88488235055	-165702994.9522531	1
60507.88497501482	-165702994.98228616	1
60507.88506775021	-165702995.08119643	1
60507.88516045172	-165702995.05163425	1
60507.88525304852	-165702995.02897668	1
60507.88534573421	-165702995.00898343	1
60507.885438516176	-165702995.04155427	1
60507.88553111967	-165702995.03272086	1
60507.885623895905	-165702995.02768314	1
60507.885716523975	-165702994.93593246	1
60507.88580916891	-165702994.94036186	1
60507.885901942325	-165702995.02142578	1
60507.88599460665	-165702995.04807746	1
60507.886087252635	-165702995.0528552	1
60507.88617998886	-165702994.9801454	1
60507.886272666474	-165702994.90685594	1
60507.88636532036	-165702994.98484433	1
60507.88645811043	-165702994.99162596	1
60507.886550688374	-165702994.9696511	1
60507.88664342403	-165702994.94289756	1
60507.88673613009	-165702994.9399743	1
60507.886828802424	-165702994.95042115	1
60507.886921488505	-165702994.93113297	1
60507.88701423462	-165702994.99619436	1
60507.887106791626	-165702994.91823322	1
60507.88719951445	-165702994.94621998	1
60507.887292252475	-165702994.97888398	1
60507.887384916816	-165702995.04453033	1
60507.88747764004	-165702995.09322327	1
60507.88757031927	-165702995.0605541	1
60507.88766297788	-165702995.03827596	1
60507.887755708034	-165702994.98782974	1
60507.88784842647	-165702994.99634552	1
60507.887941050554	-165702994.97448385	1
60507.88803375326	-165702995.0058233	1
60507.88812644974	-165702995.00226963	1
60507.88821917385	-165702994.9706378	1
60507.88831182213	-165702994.93964124	1
60507.88840459448	-165702994.89530283	1
60507.88849716894	-165702994.8853526	1
60507.88858985889	-165702994.84277248	1
60507.88868261714	-165702994.8552562	1
60507.88877530729	-165702994.91451865	1
60507.88886797675	-165702994.9506865	1
60507.88896062964	-165702994.93519396	1
60507.88905333003	-165702994.89863604	1
60507.88914607153	-165702994.88095683	1
60507.88923871726	-165702994.9241178	1
60507.88933137091	-165702994.93729573	1
60507.88942414137	-165702994.9688822	1
60507.889516798205	-165702994.96783912	1
60507.88960942906	-165702994.92238092	1
60507.889702175016	-165702994.86249852	1
60507.88979487723	-165702994.9423753	1
60507.889887568606	-165702994.92751056	1
60507.889980263346	-165702994.9055407	1
60507.89007294741	-165702994.92531967	1
60507.89016555771	-165702994.93709356	1
60507.890258335894	-165702994.9195494	1
60507.89035102654	-165702994.90919322	1
60507.890443676115	-165702994.88349658	1
60507.89053639252	-165702994.90989798	1
60507.89062907439	-165702994.94047415	1
60507.8907217431	-165702994.9526983	1
60507.890814473074	-165702995.03091663	1
60507.89090713261	-165702995.00376058	1
60507.89099982867	-165702994.9212953	1
60507.89109251921	-165702994.95432955	1
60507.891185179105	-165702994.97658795	1
60507.89127787647	-165702995.01403123	1
60507.89137056723	-165702994.99070054	1
60507.89146324198	-165702994.97555232	1
60507.891555925315	-165702994.93614048	1
60507.891648615	-165702994.93330628	1
60507.89174136684	-165702994.92248082	1
60507.891834044334	-165702994.94780153	1
60507.89192670382	-165702994.89143485	1
60507.89201935693	-165702994.91105896	1
60507.89211204559	-165702994.96507502	1
60507.89220477451	-165702994.95687175	1
60507.892297471044	-165702994.95505077	1
60507.89239015266	-165702994.99931544	1
60507.89257548542	-165702994.82829422	1
60507.89266825601	-165702994.8737402	1
60507.89276095199	-165702994.97534758	1
60507.8928536025	-165702994.92041355	1
60507.892946238804	-165702994.9677611	1
60507.89303897067	-165702994.9728976	1
60507.89313164582	-165702994.95961916	1
60507.89322435674	-165702994.94707155	1
60507.893317042006	-165702994.9714535	1
60507.893409722354	-165702994.9310608	1
60507.89350240075	-165702994.88971812	1
60507.89359515087	-165702994.87938368	1
60507.89368780369	-165702994.89500815	1
60507.89378053071	-165702994.83659118	1
60507.89387314162	-165702994.88024974	1
60507.89396587268	-165702994.93278962	1
60507.89405856989	-165702994.94245785	1
60507.89415122892	-165702994.91271138	1
60507.89424393703	-165702994.86628222	1
60507.89433662349	-165702994.87062275	1
60507.89442933219	-165702994.88196832	1
60507.89452194498	-165702994.89241886	1
60507.89461467668	-165702994.90313727	1
60507.89470738379	-165702994.87472314	1
60507.89480008402	-165702994.79885387	1
60507.89628305829	-165702994.90998274	1
60507.896375812044	-165702994.91505665	1
60507.89646850925	-165702994.84448522	1
60507.896561131885	-165702994.88169414	1
60507.896653883676	-165702994.87661332	1
60507.89674655434	-165702994.9455961	1
60507.896839199646	-165702994.95833814	1
60507.896931936266	-165702994.98482025	1
60507.89702458448	-165702994.93980157	1
60507.89711729498	-165702994.88535643	1
60507.89721000386	-165702994.89551795	1
60507.89730264238	-165702994.8826748	1
60507.89739529593	-165702994.87711823	1
60507.8974879935	-165702994.8385399	1
60507.89758066803	-165702994.92425317	1
60507.897766153365	-165702994.947635	1
60507.89785881815	-165702994.91030306	1
60507.89795150377	-165702994.94463474	1
60507.89804418475	-165702994.8733983	1
60507.89813690487	-165702994.9167766	1
60507.89822955852	-165702994.87949395	1
60507.8983222382	-165702994.91478908	1
60507.89841492119	-165702994.88792133	1
60507.89850767526	-165702994.87651324	1
60507.89860029813	-165702994.86203122	1
60507.89869298862	-165702994.8810882	1
60507.89878572485	-165702994.91708493	1
60507.898878369655	-165702994.9627635	1
60507.898971081704	-165702994.9763205	1
60507.89906379622	-165702994.93489575	1
60507.89915642	-165702994.94405395	1
60507.899249138616	-165702994.93377215	1
60507.89934183678	-165702994.93777913	1
60507.89943455751	-165702994.9251368	1
60507.89952720836	-165702994.93632144	1
60507.899619857584	-165702994.91362005	1
60507.899712574166	-165702994.90510303	1
60507.89980528819	-165702994.98802584	1
60507.899990650025	-165702995.00073338	1
60507.90008333095	-165702994.97084874	1
60507.90017606967	-165702994.91779864	1
60507.90026872379	-165702994.86187202	1
60507.90036140856	-165702994.8436246	1
60507.90045413206	-165702994.93756187	1
60507.90054680722	-165702994.87205243	1
60507.90063946863	-165702994.88878	1
60507.90073219488	-165702994.8540926	1
60507.900824822376	-165702994.89342767	1
60507.90091756463	-165702994.89285386	1
60507.90101017783	-165702994.8714276	1
60507.90110287255	-165702994.90069848	1
60507.90119560149	-165702994.9097262	1
60507.90128829326	-165702994.85011446	1
60507.90147368695	-165702994.9399717	1
60507.90156635834	-165702994.97309285	1
60507.90165903113	-165702995.01420504	1
60507.901751716585	-165702994.89810503	1
60507.90184445224	-165702994.87923926	1
60507.90193714381	-165702994.88008624	1
60507.90202978939	-165702994.86331403	1
60507.90212250488	-165702994.87391758	1
60507.902215213195	-165702994.88991117	1
60507.90230784361	-165702994.96725762	1
60507.90240054725	-165702994.9622591	1
60507.902493263806	-165702994.95822	1
60507.902585880285	-165702994.92137843	1
60507.90267867205	-165702994.8846091	1
60507.90277134466	-165702994.8296976	1
60507.90286400187	-165702994.84574598	1
60507.90295667429	-165702994.83432662	1
60507.90304939967	-165702994.894395	1
60507.903142066825	-165702994.88254577	1
60507.90323474614	-165702994.89500326	1
60507.90332745941	-165702994.87607235	1
60507.903420155686	-165702994.83397442	1
60507.90351283975	-165702994.795357	1
60507.90360553224	-165702994.88099498	1
60507.903698241935	-165702994.9747901	1
60507.903790922224	-165702994.94432396	1
60507.90388354867	-165702994.91258824	1
60507.90397628121	-165702994.90244526	1
60507.90406895446	-165702994.87094098	1
60507.904161670805	-165702994.88127643	1
60507.90425438177	-165702994.8381917	1
60507.904347071504	-165702994.8140635	1
60507.90443968227	-165702994.9019913	1
60507.90453237163	-165702994.9393438	1
60507.90462513298	-165702994.9421389	1
60507.904717760546	-165702994.8917278	1
60507.90481044241	-165702994.83224708	1
60507.90490316653	-165702994.82543027	1
60507.90499585837	-165702994.8701964	1
60507.90508855368	-165702994.88004184	1
60507.90518121743	-165702994.8723808	1
60507.905273902266	-165702994.9041111	1
60507.905366577856	-165702994.8577397	1
60507.90545927411	-165702994.83722907	1
60507.905551998614	-165702994.92098182	1
60507.90564471878	-165702994.8514064	1
60507.90573737918	-165702994.83457297	1
60507.90583007264	-165702994.7811857	1
60507.905922758524	-165702994.78965652	1
60507.90601543207	-165702994.8522659	1
60507.906108161966	-165702994.83113045	1
60507.90620081672	-165702994.7283625	1
60507.90629352414	-165702994.6862147	1
60507.90638619355	-165702994.7754134	1
60507.906478902536	-165702994.8694389	1
60507.906571584295	-165702994.87118453	1
60507.90666426311	-165702994.8934641	1
60507.906756989534	-165702994.88612956	1
60507.9068496431	-165702994.86912596	1
60507.90694233339	-165702994.81463426	1
60507.90703501045	-165702994.8608914	1
60507.90712769299	-165702994.7867759	1
60507.907220365036	-165702994.71763396	1
60507.907313131494	-165702994.80299264	1
60507.90740576723	-165702994.8781603	1
60507.907498486675	-165702994.85982305	1
60507.90759114932	-165702994.85169238	1
60507.90768389154	-165702994.85956866	1
60507.90777650525	-165702994.88041723	1
60507.90786927657	-165702994.84643674	1
60507.907961935	-165702994.79589707	1
60507.90805455033	-165702994.851461	1
60507.90814725366	-165702994.8906362	1
60507.90823996507	-165702994.86399162	1
60507.908332700055	-165702994.86032104	1
60507.90842536617	-165702994.81198335	1
60507.908518097895	-165702994.79184872	1
60507.90861072607	-165702994.81867868	1
60507.90879610342	-165702994.81445765	1
60507.90888877944	-165702994.8709038	1
60507.90898146783	-165702994.86227137	1
60507.90907419942	-165702994.8605832	1
60507.90916687912	-165702994.90417695	1
60507.90925957036	-165702994.86517483	1
60507.909352297116	-165702994.8264016	1
60507.90944494211	-165702994.85318714	1
60507.90953766423	-165702994.87174237	1
60507.9096302993	-165702994.86690855	1
60507.90972300024	-165702994.93058127	1
60507.909815640225	-165702994.91618872	1
60507.90990837834	-165702994.94403052	1
60507.91000112616	-165702994.83612132	1
60507.91009375449	-165702994.79153252	1
60507.91018647033	-165702994.75976646	1
60507.910279135765	-165702994.78214824	1
60507.91046448411	-165702994.8866902	1
60507.91055720234	-165702994.92892158	1
60507.91064989705	-165702994.88052988	1
60507.91074263042	-165702994.8258962	1
60507.91083527856	-165702994.81974506	1
60507.910928010824	-165702994.81775647	1
60507.91102067581	-165702994.80926377	1
60507.91111329295	-165702994.80090612	1
60507.91120603295	-165702994.80506516	1
60507.911298707084	-165702994.845778	1
60507.91139140417	-165702994.88714772	1
60507.91148406471	-165702994.8616839	1
60507.91157683268	-165702994.90373796	1
60507.911669450215	-165702994.85613698	1
60507.91176215969	-165702994.83669746	1
60507.91185479974	-165702994.7939992	1
60507.91194755846	-165702994.77976477	1
60507.91204024211	-165702994.7653066	1
60507.91213288796	-165702994.81169903	1
60507.912225613865	-165702994.7884434	1
60507.91231831475	-165702994.74371767	1
60507.91241097903	-165702994.75856423	1
60507.912503657295	-165702994.7396229	1
60507.912596364506	-165702994.76004863	1
60507.91268906845	-165702994.7573378	1
60507.912781726896	-165702994.79131055	1
60507.91287446773	-165702994.84174383	1
60507.91296714993	-165702994.82017577	1
60507.913059806604	-165702994.74506807	1
60507.9131524653	-165702994.7877465	1
60507.91324515381	-165702994.79744118	1
60507.91333787086	-165702994.82739562	1
60507.913430578905	-165702994.82731086	1
60507.913523246876	-165702994.85728323	1
60507.913615954465	-165702994.8177172	1
60507.9137086154	-165702994.7758214	1
60507.91380129327	-165702994.8570755	1
60507.913894060315	-165702994.86986625	1
60507.913986705804	-165702994.84226596	1
60507.91407943683	-165702994.7988764	1
60507.91417212247	-165702994.7577988	1
60507.91426480798	-165702994.82604557	1
60507.91435742635	-165702994.8238446	1
60507.91445014409	-165702994.7734986	1
60507.9145428599	-165702994.84020084	1
60507.914635551366	-165702994.86170262	1
60507.91472823107	-165702994.81125194	1
60507.91482088144	-165702994.74876177	1
60507.91491360107	-165702994.7614286	1
60507.915006298186	-165702994.74448532	1
60507.91509900159	-165702994.7981797	1
60507.91519169967	-165702994.72951984	1
60507.91528438131	-165702994.72035003	1
60507.91537699339	-165702994.79392248	1
60507.91546969557	-165702994.78208238	1
60507.91556244758	-165702994.75317025	1
60507.915655143224	-165702994.77498847	1
60507.91574776929	-165702994.71171707	1
60507.91584044974	-165702994.66787505	1
60507.91593316025	-165702994.71362907	1
60507.91602586852	-165702994.77355313	1
60507.91611851481	-165702994.8123145	1
60507.91621122085	-165702994.80653608	1
60507.91630396694	-165702994.79484016	1
60507.91639659089	-165702994.71257097	1
60507.91648934735	-165702994.6621554	1
60507.91658200293	-165702994.6814192	1
60507.91667470486	-165702994.80828798	1
60507.91676738491	-165702994.82000786	1
60507.91686005039	-165702994.80938286	1
60507.916952754465	-165702994.78747773	1
60507.91704538397	-165702994.81576884	1
60507.91713809528	-165702994.80490875	1
60507.91723081942	-165702994.76544267	1
60507.91732351055	-165702994.77401662	1
60507.91741621268	-165702994.81007814	1
60507.91750889139	-165702994.80754197	1
60507.91760154306	-165702994.83741587	1
60507.917694257114	-165702994.82269502	1
60507.917879666085	-165702994.78385925	1
60507.91797232556	-165702994.8796786	1
60507.91806500079	-165702994.8068717	1
60507.91815772321	-165702994.78121668	1
60507.91825038693	-165702994.80462986	1
60507.91834310619	-165702994.7628287	1
60507.918435781234	-165702994.74461967	1
60507.91852855785	-165702994.65800834	1
60507.91862117874	-165702994.6769495	1
60507.9187138046	-165702994.7624138	1
60507.918806502035	-165702994.7581811	1
60507.91889923173	-165702994.69246995	1
60507.918991933664	-165702994.73738527	1
60507.919177264965	-165702994.8215894	1
60507.91926999005	-165702994.75325954	1
60507.9193626591	-165702994.7558434	1
60507.91945537995	-165702994.71905553	1
60507.91954803452	-165702994.70793045	1
60507.91964077609	-165702994.7122562	1
60507.91973346312	-165702994.72126168	1
60507.919826131634	-165702994.73549706	1
60507.91991874763	-165702994.69446546	1
60507.92001148571	-165702994.672383	1
60507.920104229655	-165702994.69646442	1
60507.92019687208	-165702994.69651824	1
60507.92028956893	-165702994.7505958	1
60507.92038230935	-165702994.6814353	1
60507.92047490956	-165702994.6957795	1
60507.92056762079	-165702994.66931295	1
60507.920660352815	-165702994.686422	1
60507.92075302749	-165702994.72688287	1
60507.920845665736	-165702994.75037616	1
60507.92093836555	-165702994.6288361	1
60507.92103106518	-165702994.65714586	1
60507.92112380539	-165702994.69743723	1
60507.9212164628	-165702994.71338737	1
60507.9213091527	-165702994.70116884	1
60507.9214018281	-165702994.71479535	1
60507.9214945222	-165702994.81420177	1
60507.92158719008	-165702994.7810682	1
60507.92167988436	-165702994.78028214	1
60507.92177254384	-165702994.71082217	1
60507.921865298005	-165702994.74755782	1
60507.92195798897	-165702994.72816014	1
60507.9220506159	-165702994.65972102	1
60507.922143348806	-165702994.6040027	1
60507.922236069855	-165702994.62924236	1
60507.92232874468	-165702994.65619612	1
60507.922421425996	-165702994.71075946	1
60507.922514131125	-165702994.66704297	1
60507.92260679965	-165702994.7078367	1
60507.92269943975	-165702994.70467103	1
60507.92279220433	-165702994.7995246	1
60507.92288487302	-165702994.801547	1
60507.92297755241	-165702994.73449755	1
60507.92307028311	-165702994.6617735	1
60507.92316295255	-165702994.72767794	1
60507.923255645605	-165702994.76787114	1
60507.92334829848	-165702994.71791893	1
60507.92344093062	-165702994.72765994	1
60507.923533670306	-165702994.7122026	1
60507.92362636227	-165702994.7882353	1
60507.9237190327	-165702994.79830903	1
60507.92381176406	-165702994.72705728	1
60507.923904411706	-165702994.73728532	1
60507.92399716014	-165702994.7350368	1
60507.92408984541	-165702994.72216076	1
60507.924182518786	-165702994.7316048	1
60507.92427520491	-165702994.74800622	1
60507.92436784418	-165702994.76543635	1
60507.92446059392	-165702994.71500194	1
60507.924553282406	-165702994.69262284	1
60507.9246459495	-165702994.72318977	1
60507.924738595924	-165702994.7433924	1
60507.92483131238	-165702994.69618428	1
60507.924924033556	-165702994.65806884	1
60507.925016671164	-165702994.64784712	1
60507.925109387	-165702994.74441183	1
60507.925202087834	-165702994.74553967	1
60507.92529478806	-165702994.66170168	1
60507.925480148704	-165702994.70652145	1
60507.92557284888	-165702994.66625434	1
60507.92566554304	-165702994.6348998	1
60507.925758201505	-165702994.7542522	1
60507.925850930056	-165702994.71220326	1
60507.925943637536	-165702994.6899128	1
60507.92603625607	-165702994.70100212	1
60507.926128993124	-165702994.61995167	1
60507.926221693015	-165702994.6860904	1
60507.926314378354	-165702994.6829431	1
60507.92640704522	-165702994.65060496	1
60507.926499722416	-165702994.6384793	1
60507.92659238558	-165702994.7273156	1
60507.926685099264	-165702994.77017117	1
60507.92677778775	-165702994.65606588	1
60507.92687048417	-165702994.56495565	1
60507.92696313831	-165702994.58389217	1
60507.92705583524	-165702994.6631729	1
60507.9271485855	-165702994.6334989	1
60507.92724124519	-165702994.53760356	1
60507.927333988235	-165702994.64983165	1
60507.92742663161	-165702994.66291726	1
60507.92761199248	-165702994.67356956	1
60507.9277046791	-165702994.68568397	1
60507.92779739822	-165702994.67330498	1
60507.92789005434	-165702994.63226354	1
60507.927982710346	-165702994.55637336	1
60507.928075438766	-165702994.51586932	1
60507.928168140876	-165702994.56315178	1
60507.92826078894	-165702994.56222355	1
60507.92835349562	-165702994.63781655	1
60507.928446188984	-165702994.61171687	1
60507.92853887734	-165702994.6150123	1
60507.92863153694	-165702994.66863763	1
60507.92872423961	-165702994.62271196	1
60507.9288169449	-165702994.6840284	1
60507.92890970974	-165702994.67461085	1
60507.92900238328	-165702994.63261932	1
60507.9290950456	-165702994.69169056	1
60507.92918773566	-165702994.6886627	1
60507.92928037192	-165702994.69362098	1
60507.92937310414	-165702994.61519986	1
60507.9294657728	-165702994.5773093	1
60507.92965116171	-165702994.70400178	1
60507.92974386743	-165702994.67011607	1
60507.929836600284	-165702994.63985348	1
60507.92992925414	-165702994.58610982	1
60507.93002197087	-165702994.57551527	1
60507.9301145833	-165702994.55918014	1
60507.93020733022	-165702994.58336598	1
60507.93029995342	-165702994.65359908	1
60507.930392645496	-165702994.66078752	1
60507.93048535353	-165702994.61955804	1
60507.930578030035	-165702994.55765003	1
60507.93067074103	-165702994.56411827	1
60507.93076341887	-165702994.5983966	1
60507.93085608899	-165702994.56455624	1
60507.930948825124	-165702994.5387076	1
60507.93104148774	-165702994.57939738	1
60507.931134165454	-165702994.59403884	1
60507.931226893765	-165702994.640602	1
60507.93131959443	-165702994.62034112	1
60507.93141225112	-165702994.57490063	1
60507.93150496026	-165702994.57754385	1
60507.931597613475	-165702994.48578292	1
60507.93169028639	-165702994.51480603	1
60507.93178299265	-165702994.57058787	1
60507.93187573433	-165702994.61694652	1
60507.9319683665	-165702994.6093617	1
60507.93206107935	-165702994.58954626	1
60507.93215383943	-165702994.56205213	1
60507.932246464974	-165702994.5768603	1
60507.93233914672	-165702994.56946522	1
60507.93243186024	-165702994.5677467	1
60507.93252456652	-165702994.58260572	1
60507.932617255516	-165702994.63435304	1
60507.93270996896	-165702994.57967925	1
60507.93280256607	-165702994.55187762	1
60507.93289521952	-165702994.5303095	1
60507.932987912594	-165702994.53543818	1
60507.93308070887	-165702994.57170564	1
60507.9331734139	-165702994.6137876	1
60507.933265995714	-165702994.6063285	1
60507.93335871347	-165702994.57477522	1
60507.93345140708	-165702994.49035305	1
60507.93354409421	-165702994.5071516	1
60507.93363681075	-165702994.60910738	1
60507.933729472265	-165702994.5886302	1
60507.93382217763	-165702994.5095154	1
60507.933914896494	-165702994.43563753	1
60507.934007488504	-165702994.60203874	1
60507.93410029418	-165702994.6392588	1
60507.93419298921	-165702994.5974474	1
60507.934285657044	-165702994.50783575	1
60507.934378279846	-165702994.5067252	1
60507.93447101577	-165702994.484344	1
60507.93456375085	-165702994.54527825	1
60507.93465640988	-165702994.57792437	1
60507.93474902355	-165702994.52987677	1
60507.93484174696	-165702994.50958592	1
60507.93493445012	-165702994.58383334	1
60507.9350271401	-165702994.57997268	1
60507.93511981725	-165702994.55198509	1
60507.9352124848	-165702994.5539974	1
60507.93530519517	-165702994.51854008	1
60507.935397838584	-165702994.57635236	1
60507.93549056345	-165702994.51835036	1
60507.93558326804	-165702994.54456884	1
60507.93567592647	-165702994.5590762	1
60507.9357686335	-165702994.50529623	1
60507.935861340375	-165702994.48871267	1
60507.93595398613	-165702994.5050376	1
60507.936046695904	-165702994.5903743	1
60507.93613942934	-165702994.6096732	1
60507.936232107626	-165702994.66580635	1
60507.93632479387	-165702994.65364563	1
60507.936417419936	-165702994.59979594	1
60507.93651013753	-165702994.58102858	1
60507.93660287515	-165702994.5629431	1
60507.936695587334	-165702994.5211115	1
60507.9367881788	-165702994.52258468	1
60507.93688088543	-165702994.5751964	1
60507.93697353842	-165702994.53881955	1
60507.93706628953	-165702994.55820775	1
60507.937159041925	-165702994.6456285	1
60507.93725162264	-165702994.59792352	1
60507.93734436338	-165702994.60413957	1
60507.9374370155	-165702994.5639724	1
60507.93752974621	-165702994.5030381	1
60507.937622386824	-165702994.57571137	1
60507.93771510995	-165702994.53964436	1
60507.93780785022	-165702994.55838817	1
60507.937900500096	-165702994.56763828	1
60507.937993165855	-165702994.5672623	1
60507.93808590612	-165702994.5335238	1
60507.938178579774	-165702994.54809546	1
60507.93827122183	-165702994.53224933	1
60507.93836388363	-165702994.46691835	1
60507.93845658879	-165702994.4458248	1
60507.93854925749	-165702994.59162146	1
60507.938642012	-165702994.59698397	1
60507.938734710275	-165702994.52725995	1
60507.93882737826	-165702994.51360124	1
60507.938920079396	-165702994.5127536	1
60507.93901279152	-165702994.52969664	1
60507.939105437945	-165702994.51133192	1
60507.93919808872	-165702994.50464058	1
60507.93929084827	-165702994.59819424	1
60507.93938349036	-165702994.5879463	1
60507.93947620522	-165702994.5296176	1
60507.939568915164	-165702994.55309707	1
60507.93966161195	-165702994.4280432	1
60507.9397542784	-165702994.4589113	1
60507.93993964629	-165702994.55860722	1
60507.94003236685	-165702994.578579	1
60507.94012505761	-165702994.51605994	1
60507.94031039151	-165702994.52733052	1
60507.94040312826	-165702994.4525261	1
60507.9404958254	-165702994.45048314	1
60507.940588414334	-165702994.4269836	1
60507.94068110163	-165702994.47240245	1
60507.940773852984	-165702994.50329083	1
60507.940866508696	-165702994.50154054	1
60507.940959261156	-165702994.5457697	1
60507.941051925874	-165702994.51856333	1
60507.94114456727	-165702994.49994707	1
60507.94123730173	-165702994.54125726	1
60507.94132997202	-165702994.53948474	1
60507.94142264995	-165702994.46026254	1
60507.9415153579	-165702994.5020861	1
60507.941608075394	-165702994.4898554	1
60507.941700726165	-165702994.45092118	1
60507.94179342906	-165702994.53655118	1
60507.94188613844	-165702994.57198822	1
60507.94197880673	-165702994.5478264	1
60507.942071545454	-165702994.47423702	1
60507.942164194654	-165702994.4376257	1
60507.942256867726	-165702994.45260608	1
60507.94234960132	-165702994.5199406	1
60507.94244228443	-165702994.45068336	1
60507.94253500221	-165702994.45674664	1
60507.94262762548	-165702994.46789056	1
60507.942720331994	-165702994.49945593	1
60507.94281302199	-165702994.43939424	1
60507.94290573016	-165702994.4326741	1
60507.94299839612	-165702994.41156822	1
60507.94309105678	-165702994.38455105	1
60507.94318376137	-165702994.45721	1
60507.94327652721	-165702994.43680733	1
60507.94336909227	-165702994.44648802	1
60507.94346183105	-165702994.42029828	1
60507.94355456241	-165702994.4725229	1
60507.94373992218	-165702994.50829965	1
60507.943832607554	-165702994.52526754	1
60507.943925275635	-165702994.5944745	1
60507.94401799052	-165702994.51787126	1
60507.94411059143	-165702994.46280903	1
60507.94429605646	-165702994.35749608	1
60507.94448134199	-165702994.5127741	1
60507.94457413226	-165702994.53461885	1
60507.94466681308	-165702994.48703843	1
60507.94475947157	-165702994.48317242	1
60507.944944865165	-165702994.40616637	1
60507.94503759546	-165702994.4093957	1
60507.945130222986	-165702994.47972655	1
60507.945222971895	-165702994.50806344	1
60507.94531566498	-165702994.48917514	1
60507.945408369866	-165702994.43269467	1
60507.94550100916	-165702994.49554217	1
60507.945593692464	-165702994.5219338	1
60507.945686408	-165702994.52613658	1
60507.9457790492	-165702994.54342973	1
60507.94587175638	-165702994.4853902	1
60507.94596448294	-165702994.464796	1
60507.94605715636	-165702994.5071358	1
60507.94614984484	-165702994.50501072	1
60507.946242509846	-165702994.52893865	1
60507.94633518889	-165702994.54104155	1
60507.946427902876	-165702994.48264575	1
60507.94661329943	-165702994.50856078	1
60507.946705979324	-165702994.50513965	1
60507.94679869722	-165702994.52027404	1
60507.94689135416	-165702994.50394076	1
60507.94698407752	-165702994.47810513	1
60507.94707670046	-165702994.46223098	1
60507.947169436695	-165702994.43498147	1
60507.9472621336	-165702994.45929986	1
60507.94735479038	-165702994.44311678	1
60507.94744745353	-165702994.50364172	1
60507.94754018835	-165702994.4747566	1
60507.94763280899	-165702994.4001208	1
60507.947725505175	-165702994.36023843	1
60507.94781826064	-165702994.4261303	1
60507.94791088508	-165702994.45390058	1
60507.94800358878	-165702994.47773635	1
60507.94809630889	-165702994.42759633	1
60507.94818894459	-165702994.39529198	1
60507.948281716235	-165702994.4560808	1
60507.94837437355	-165702994.49609458	1
60507.94846704604	-165702994.47452736	1
60507.94855976227	-165702994.42411375	1
60507.94865242576	-165702994.46861386	1
60507.94874515563	-165702994.50700158	1
60507.94883773578	-165702994.47630864	1
60507.949023191024	-165702994.4574424	1
60507.949115885654	-165702994.45992374	1
60507.94920848979	-165702994.51948917	1
60507.949301249806	-165702994.42366952	1
60507.949393986986	-165702994.39213115	1
60507.94948665025	-165702994.40616524	1
60507.94957930347	-165702994.42775744	1
60507.94967198733	-165702994.4813574	1
60507.94976470554	-165702994.51009464	1
60507.94985731886	-165702994.49807233	1
60507.949950060436	-165702994.50428802	1
60507.950042797536	-165702994.48206466	1
60507.950228123394	-165702994.49760675	1
60507.95032084734	-165702994.50553888	1
60507.95041357368	-165702994.46840954	1
60507.95050618175	-165702994.46287763	1
60507.950598936164	-165702994.4517771	1
60507.95069158956	-165702994.45710337	1
60507.950784229084	-165702994.3563016	1
60507.95087696225	-165702994.34499353	1
60507.95096966831	-165702994.4124611	1
60507.95106235996	-165702994.43927902	1
60507.95115500003	-165702994.48840052	1
60507.95124776947	-165702994.50227165	1
60507.951340459986	-165702994.46482092	1
60507.95143311979	-165702994.4220577	1
60507.951525802484	-165702994.34262198	1
60507.951618485975	-165702994.3502159	1
60507.95171115189	-165702994.44099838	1
60507.95180385788	-165702994.47858745	1
60507.95189653815	-165702994.5304538	1
60507.951989239526	-165702994.43207902	1
60507.95208192154	-165702994.4863994	1
60507.95217458506	-165702994.50957257	1
60507.952267270375	-165702994.43638444	1
60507.9523600146	-165702994.39344263	1
60507.95245270619	-165702994.4260201	1
60507.952545402026	-165702994.40770668	1
60507.95263811003	-165702994.3682716	1
60507.9527307412	-165702994.40549606	1
60507.95282342827	-165702994.4601586	1
60507.95291615836	-165702994.45343548	1
60507.95300879888	-165702994.4384488	1
60507.953101510684	-165702994.42137474	1
60507.9531941684	-165702994.4030367	1
60507.95328691598	-165702994.4106897	1
60507.95337956848	-165702994.38313866	1
60507.95347225051	-165702994.44046623	1
60507.953564944815	-165702994.4442845	1
60507.953657585225	-165702994.43368363	1
60507.953750384004	-165702994.47901034	1
60507.95393574496	-165702994.41236973	1
60507.9540283892	-165702994.45431882	1
60507.95412104785	-165702994.4800251	1
60507.95421375123	-165702994.44050312	1
60507.954306435684	-165702994.48698205	1
60507.95439918249	-165702994.49807286	1
60507.95449185474	-165702994.4393893	1
60507.95458450923	-165702994.42385995	1
60507.954677209666	-165702994.3627047	1
60507.954769945	-165702994.36400163	1
60507.95486262781	-165702994.33933163	1
60507.95495532279	-165702994.39719772	1
60507.95504800124	-165702994.45192444	1
60507.955140715516	-165702994.3873673	1
60507.955233398854	-165702994.37627858	1
60507.9553260352	-165702994.46088642	1
60507.95541869218	-165702994.49714345	1
60507.955511456945	-165702994.46577257	1
60507.95560412435	-165702994.43905848	1
60507.95569679147	-165702994.40963072	1
60507.95578950515	-165702994.395774	1
60507.95588214817	-165702994.40332973	1
60507.95597485497	-165702994.33797616	1
60507.95606755483	-165702994.3825813	1
60507.9561603187	-165702994.4078455	1
60507.95625292214	-165702994.38538158	1
60507.95634562558	-165702994.41073924	1
60507.95653100553	-165702994.44487363	1
60507.95662368046	-165702994.3503831	1
60507.95671632258	-165702994.33184153	1
60507.95680908924	-165702994.3750615	1
60507.956901755206	-165702994.39737982	1
60507.956994448585	-165702994.38860464	1
60507.95708712288	-165702994.3871233	1
60507.95717980377	-165702994.44254482	1
60507.957272517044	-165702994.46665633	1
60507.95736515818	-165702994.45175362	1
60507.95745786305	-165702994.35856456	1
60507.95755058702	-165702994.2856766	1
60507.95764323577	-165702994.31783932	1
60507.95773595278	-165702994.41005737	1
60507.95782870957	-165702994.38890916	1
60507.95792134633	-165702994.42219394	1
60507.958014023534	-165702994.427374	1
60507.95810675492	-165702994.3723724	1
60507.958199397806	-165702994.3806225	1
60507.9582920633	-165702994.34000283	1
60507.95838478641	-165702994.29470903	1
60507.958477508124	-165702994.29485387	1
60507.95857016819	-165702994.39281625	1
60507.95866288954	-165702994.4606266	1
60507.95875554404	-165702994.42747396	1
60507.958848235125	-165702994.37240636	1
60507.958940899676	-165702994.3995672	1
60507.95903361708	-165702994.3959074	1
60507.959126350754	-165702994.42531043	1
60507.959218991746	-165702994.39487892	1
60507.959311691964	-165702994.33894038	1
60507.959404393805	-165702994.33048564	1
60507.959497033706	-165702994.4213655	1
60507.959589773796	-165702994.40845168	1
60507.95968243361	-165702994.3134932	1
60507.959775156996	-165702994.36370343	1
60507.95986782111	-165702994.33200783	1
60507.959960526554	-165702994.34086508	1
60507.96005321154	-165702994.34731317	1
60507.96014588442	-165702994.3608014	1
60507.960238586966	-165702994.360439	1
60507.9603312091	-165702994.36037362	1
60507.96042399365	-165702994.34194142	1
60507.96051660336	-165702994.3278005	1
60507.96060932261	-165702994.3535956	1
60507.96070200932	-165702994.38183838	1
60507.96079468049	-165702994.41183722	1
60507.960887425375	-165702994.37483853	1
60507.960980114716	-165702994.3570853	1
60507.96107278891	-165702994.38503867	1
60507.96125816568	-165702994.30951548	1
60507.96135079455	-165702994.3507324	1
60507.96144349988	-165702994.3476733	1
60507.96153619249	-165702994.3420198	1
60507.96162887724	-165702994.37779307	1
60507.96172165699	-165702994.3225603	1
60507.96181425816	-165702994.3952871	1
60507.961999614556	-165702994.42817193	1
60507.96209239931	-165702994.426727	1
60507.9621850439	-165702994.38852018	1
60507.962277745944	-165702994.34631604	1
60507.96237044583	-165702994.34042954	1
60507.962463078795	-165702994.38906264	1
60507.96266589115	-165702994.2850917	1
60507.96276435434	-165702994.31597412	1
60507.9628570578	-165702994.31469208	1
60507.96294968911	-165702994.31976575	1
60507.96304245638	-165702994.2945845	1
60507.9631351024	-165702994.32034087	1
60507.963227851375	-165702994.33509785	1
60507.96332045021	-165702994.3349296	1
60507.9634131374	-165702994.31811792	1
60507.963505853935	-165702994.32694888	1
60507.96359853108	-165702994.359734	1
60507.963691232304	-165702994.41357166	1
60507.96378389489	-165702994.3623892	1
60507.963876610076	-165702994.31227124	1
60507.96396929704	-165702994.29592925	1
60507.96406196889	-165702994.25572723	1
60507.96415472375	-165702994.3306285	1
60507.964247427546	-165702994.34516102	1
60507.964340094935	-165702994.28706062	1
60507.96443270388	-165702994.22882605	1
60507.964525450545	-165702994.23515433	1
60507.964618147154	-165702994.2749365	1
60507.96471080808	-165702994.30798674	1
60507.96491937053	-165702994.34812915	1
60507.965012084656	-165702994.34112418	1
60507.96510473326	-165702994.2444399	1
60507.965197398895	-165702994.22670454	1
60507.96529012764	-165702994.24106693	1
60507.96538279657	-165702994.2190287	1
60507.96547552634	-165702994.24193293	1
60507.965568210544	-165702994.28732687	1
60507.965660884984	-165702994.26988113	1
60507.965753508965	-165702994.23645687	1
60507.965846265855	-165702994.23627216	1
60507.96593893146	-165702994.2443568	1
60507.966031639546	-165702994.13298172	1
60507.9661242582	-165702994.2322101	1
60507.96621701559	-165702994.26548547	1
60507.96640241553	-165702994.25167632	1
60507.96649505365	-165702994.2766847	1
60507.966587785944	-165702994.26437348	1
60507.966680446916	-165702994.22065425	1
60507.966773122746	-165702994.2635376	1
60507.96686585435	-165702994.32589787	1
60507.96695850528	-165702994.42394155	1
60507.96705125464	-165702994.36443055	1
60507.96714389959	-165702994.19015408	1
60507.96723660334	-165702994.268205	1
60507.96732928977	-165702994.32674122	1
60507.96742196455	-165702994.29273504	1
60507.96751467824	-165702994.29127705	1
60507.967607371735	-165702994.27150267	1
60507.96769998449	-165702994.3054601	1
60507.967792738	-165702994.348639	1
60507.967885455706	-165702994.36357212	1
60507.96797810334	-165702994.332196	1
60507.96807076604	-165702994.2633428	1
60507.96816344085	-165702994.2916121	1
60507.96825619267	-165702994.30361617	1
60507.968348875474	-165702994.2480173	1
60507.968441493955	-165702994.32725084	1
60507.96853425628	-165702994.31542403	1
60507.968626924	-165702994.262927	1
60507.968719599834	-165702994.28520685	1
60507.968812237996	-165702994.29820162	1
60507.96890498585	-165702994.31886268	1
60507.96899768877	-165702994.3390851	1
60507.969090423656	-165702994.36116987	1
60507.96927572572	-165702994.333435	1
60507.969368426704	-165702994.31598425	1
60507.96946111532	-165702994.32788795	1
60507.96955379194	-165702994.32014108	1
60507.96964646177	-165702994.21016955	1
60507.9697391409	-165702994.25063902	1
60507.969831890485	-165702994.31788003	1
60507.96992457329	-165702994.29455453	1
60507.970017233936	-165702994.25907362	1
60507.97010998402	-165702994.22671288	1
60507.970202633296	-165702994.2314453	1
60507.97029534613	-165702994.32269388	1
60507.97038807808	-165702994.3038028	1
60507.970480734744	-165702994.22614908	1
60507.97057335257	-165702994.15464956	1
60507.97066610225	-165702994.22288102	1
60507.97075877565	-165702994.29276967	1
60507.9708514749	-165702994.30591333	1
60507.97094414708	-165702994.231753	1
60507.971036802744	-165702994.2269109	1
60507.97112949105	-165702994.2422008	1
60507.97122223344	-165702994.22850156	1
60507.97131489159	-165702994.32964218	1
60507.97140765764	-165702994.28649867	1
60507.97159301593	-165702994.21753103	1
60507.97168565844	-165702994.2140367	1
60507.97177832421	-165702994.19786048	1
60507.97187103989	-165702994.16443104	1
60507.97196374151	-165702994.18885148	1
60507.97205636065	-165702994.16294622	1
60507.972149073204	-165702994.2466758	1
60507.97233446962	-165702994.25251424	1
60507.97242717289	-165702994.19950008	1
60507.97251982543	-165702994.20991653	1
60507.9726125067	-165702994.2433777	1
60507.97270519632	-165702994.33588475	1
60507.97279794766	-165702994.24931455	1
60507.9728906555	-165702994.17773074	1
60507.97298337352	-165702994.17457718	1
60507.97307603706	-165702994.20232016	1
60507.973168678815	-165702994.20129955	1
60507.97326140621	-165702994.19853872	1
60507.973354050206	-165702994.14413673	1
60507.97344678092	-165702994.14536208	1
60507.97353943591	-165702994.17141998	1
60507.973632150526	-165702994.22721457	1
60507.97372484171	-165702994.2612012	1
60507.97381745568	-165702994.2472421	1
60507.97391017576	-165702994.207694	1
60507.97400291776	-165702994.2178964	1
60507.97409555707	-165702994.16603255	1
60507.974188280365	-165702994.19288164	1
60507.9742810094	-165702994.18552536	1
60507.97437364079	-165702994.21963698	1
60507.974466340536	-165702994.24968326	1
60507.97455901648	-165702994.19251508	1
60507.97465173795	-165702994.1827361	1
60507.97474441658	-165702994.1333688	1
60507.974837106405	-165702994.15286237	1
60507.974929767646	-165702994.17000443	1
60507.97502249098	-165702994.23670167	1
60507.975115161236	-165702994.2286076	1
60507.975300495484	-165702994.14765364	1
60507.97539320103	-165702994.1159398	1
60507.97548589516	-165702994.18523508	1
60507.97557860153	-165702994.230424	1
60507.975671323125	-165702994.21669054	1
60507.975763974675	-165702994.22545356	1
60507.975856727564	-165702994.22709036	1
60507.976065195595	-165702994.18925303	1
60507.976157875586	-165702994.27717686	1
60507.976250630454	-165702994.21617264	1
60507.97634329873	-165702994.11694193	1
60507.9764359754	-165702994.16282445	1
60507.97652867569	-165702994.1004851	1
60507.97662134583	-165702994.2068621	1
60507.97671408188	-165702994.2944948	1
60507.9769226229	-165702994.15569794	1
60507.97701531193	-165702994.17537904	1
60507.977107960745	-165702994.15186012	1
60507.97720066256	-165702994.1024859	1
60507.97729337807	-165702994.1272533	1
60507.9773860105	-165702994.1662966	1
60507.97747876924	-165702994.2550602	1
60507.9776872696	-165702994.18684214	1
60507.97777995551	-165702994.24347556	1
60507.97787262742	-165702994.22252107	1
60507.97796536463	-165702994.20006597	1
60507.978057997025	-165702994.2158438	1
60507.978150698465	-165702994.22666687	1
60507.978243479156	-165702994.1848535	1
60507.97842880241	-165702994.14593434	1
60507.9785214963	-165702994.17732716	1
60507.97861410659	-165702994.23442864	1
60507.978706877824	-165702994.23420805	1
60507.978799578144	-165702994.19855225	1
60507.978892270214	-165702994.3003704	1
60507.97898495338	-165702994.2357934	1
60507.97907757199	-165702994.2357936	1
60507.97926299675	-165702994.15561646	1
60507.97935569796	-165702994.22071677	1
60507.97944835295	-165702994.18399096	1
60507.979541044195	-165702994.2157671	1
60507.97963373481	-165702994.16879547	1
60507.97972644378	-165702994.1896097	1
60507.97981911862	-165702994.14241618	1
60507.97991182832	-165702994.14307934	1
60507.98009722174	-165702994.18496966	1
60507.98018986068	-165702994.19200528	1
60507.98028257079	-165702994.16184396	1
60507.98037525999	-165702994.19080395	1
60507.98046797083	-165702994.15075392	1
60507.980560645956	-165702994.14068425	1
60507.98065336181	-165702994.1370685	1
